-6.673551830344015556e-04
-6.793122156859010552e-04
-6.804380034225454565e-04
-6.802303608277604496e-04
-6.806501318498692221e-04
-6.822891404772990498e-04
-6.798217288189745133e-04
-6.820723148878715669e-04
-6.826173158558379583e-04
-6.825115352937505264e-04
-6.849273961148649725e-04
-6.851175325117697668e-04
-6.854347962215179280e-04
-6.859183007440483593e-04
-6.865297661792779671e-04
-6.869844644194489369e-04
-6.873218510616840859e-04
-6.874452205832271012e-04
-6.894139117891162627e-04
-6.918834700914144875e-04
-6.926246864477625387e-04
-6.933962751462519059e-04
-6.941864730894420354e-04
-6.949916240464593109e-04
-6.958115544422605048e-04
-6.966445665640419449e-04
-6.974816240609693629e-04
-6.983119720999075852e-04
-6.991334420364259117e-04
-6.999485179515207989e-04
-7.007586717275304800e-04
-7.015655427489164708e-04
-7.023715528561846888e-04
-7.031789787864672903e-04
-7.039892969684657942e-04
-7.048031803208454349e-04
-7.056208679787068228e-04
-7.064425801561746709e-04
-7.072687675094280202e-04
-7.081001392308938769e-04
-7.089375409038978226e-04
-7.097817808332518297e-04
-7.106334173445638669e-04
-7.114926063173099280e-04
-7.139299264963261393e-04
-7.148316488791994772e-04
-7.157377168540146606e-04
-7.166475799430527260e-04
-7.175607933590510967e-04
-7.184773018503731734e-04
-7.193975635491622889e-04
-7.203224660259910372e-04
-7.212530989383902913e-04
-7.221904633328279921e-04
-7.231352888506514809e-04
-7.240879170075653626e-04
-7.250482779330713612e-04
-7.260159053792958339e-04
-7.269899271689084230e-04
-7.301851139951409664e-04
-7.312426090519408284e-04
-7.323033091061192934e-04
-7.333643012058521649e-04
-7.344238379225487279e-04
-7.354825521332930549e-04
-7.365428881245250636e-04
-7.376078769577576466e-04
-7.386801997522063346e-04
-7.397617779694720674e-04
-7.408538273342979430e-04
-7.419570805911046563e-04
-7.430720411386038116e-04
-7.441991433057570937e-04
-7.453388667866267525e-04
-7.464918219471372574e-04
-7.476588243363058162e-04
-7.488409439967980141e-04
-7.500395154541594778e-04
-7.512560512040744598e-04
-7.524920058274431334e-04
-7.549730310932312172e-04
-7.562884654602197720e-04
-7.576224404629017251e-04
-7.589739093177838569e-04
-7.603415575221927902e-04
-7.617242265611778862e-04
-7.631213192846320048e-04
-7.645330578218145767e-04
-7.659605496701527017e-04
-7.674056597142819847e-04
-7.688707401892758142e-04
-7.703583050244766639e-04
-7.718707482964881628e-04
-7.749338056167731636e-04
-7.765385512531475243e-04
-7.781708065132675323e-04
-7.798312718479416539e-04
-7.815194974544747986e-04
-7.832344258690282501e-04
-7.849743505511375119e-04
-7.867367812788850223e-04
-7.871749429566587963e-04
-7.889680501249607403e-04
-7.907470060963817104e-04
-7.925131795427642345e-04
-7.942783319156432320e-04
-7.976466914499935612e-04
-7.976520078015192361e-04
-7.995809195790459789e-04
-8.015626797905350820e-04
-8.036077788362017138e-04
-8.057276010761671436e-04
-8.079264297453092603e-04
-8.101903202398230697e-04
-8.124874904591461444e-04
-8.147815139747383029e-04
-8.170314590105753894e-04
-8.174540811436981080e-04
-8.195721846598891247e-04
-8.250066491244378852e-04
-8.270428813225705333e-04
-8.290305315614143744e-04
-8.309990657789922963e-04
-8.329734300538405023e-04
-8.366842210311142836e-04
-8.389233105282611902e-04
-8.412290597392679814e-04
-8.450711724186654727e-04
-8.475597704851733916e-04
-8.501119348192087699e-04
-8.527273912622979068e-04
-8.554046904335477208e-04
-8.581416448577572353e-04
-8.609355734975898677e-04
-8.623348841552136435e-04
-8.652810492032481093e-04
-8.682782678043343694e-04
-8.713179232483492243e-04
-8.743919391207555236e-04
-8.774942393818818687e-04
-8.806214821771574108e-04
-8.837730077704275544e-04
-8.869501164937565463e-04
-8.901550038020733524e-04
-8.933900315533094272e-04
-8.966573687124723691e-04
-8.999589003189090164e-04
-9.032962380237097300e-04
-9.066707679028507272e-04
-9.100838020345558554e-04
-9.135364189685746261e-04
-9.170296118271581420e-04
-9.205642074558428867e-04
-9.241408500421099959e-04
-9.277601294974124890e-04
-9.314225223516769958e-04
-9.351284838129969579e-04
-9.388784525984905649e-04
-9.426728577260901076e-04
-9.465121781598861972e-04
-9.503969044505344854e-04
-9.543276093357255796e-04
-9.583048390743309497e-04
-9.623292449176257257e-04
-9.664014614690907834e-04
-9.705222045006123288e-04
-9.746921273048880785e-04
-9.789119886569053186e-04
-9.831824999001481658e-04
-9.875044066492977279e-04
-9.918784285911641518e-04
-9.988020286288978866e-04
-1.003368503130208644e-03
-1.007990848211903767e-03
-1.012669144695443890e-03
-1.017404504703722790e-03
-1.022197467367980117e-03
-1.027048681491449234e-03
-1.031958981395630914e-03
-1.036929430590916024e-03
-1.041961762997256624e-03
-1.047058387181054595e-03
-1.052219481036120730e-03
-1.057435193253797312e-03
-1.062692590557412498e-03
-1.068036965733154542e-03
-1.073548258270773381e-03
-1.079187055724739608e-03
-1.084842067945734900e-03
-1.090453300672811210e-03
-1.096055452733113444e-03
-1.101710891691920491e-03
-1.107448210757588924e-03
-1.113263384761031816e-03
-1.119125419474231720e-03
-1.124987804701493843e-03
-1.130824791192863721e-03
-1.136670173906839665e-03
-1.142607611848145410e-03
-1.148707354151068394e-03
-1.154948343323747295e-03
-1.163487576355537456e-03
-1.169843821766103353e-03
-1.176255465408504453e-03
-1.182758318858667668e-03
-1.189374605656268180e-03
-1.196106531947682683e-03
-1.200543043236579344e-03
-1.207768375234563596e-03
-1.215111663568912981e-03
-1.222484000736046017e-03
-1.227667404211929547e-03
-1.234731620283757714e-03
-1.241347656595614968e-03
-1.247999899844920435e-03
-1.257572261216532983e-03
-1.264631068298438521e-03
-1.271796055446472451e-03
-1.279046662848448701e-03
-1.286337845179952311e-03
-1.293644396065107838e-03
-1.300953398655768645e-03
-1.308258250140581502e-03
-1.315583470777592634e-03
-1.322980056735201249e-03
-1.330486430294042233e-03
-1.338116260810040536e-03
-1.345862907410622089e-03
-1.353711918367084266e-03
-1.361646259619153643e-03
-1.369642206155985420e-03
-1.373638246786323958e-03
-1.381872282471552360e-03
-1.389998888591537085e-03
-1.398057534868213381e-03
-1.406075815946206120e-03
-1.414063775255491873e-03
-1.422029635723964791e-03
-1.429982008471775146e-03
-1.441747080303812378e-03
-1.449785289511784647e-03
-1.457822566314215251e-03
-1.465861524951872497e-03
-1.473906712182171397e-03
-1.481966871715034717e-03
-1.490055756953045929e-03
-1.503610043034064869e-03
-1.512036986400788763e-03
-1.520525565557040437e-03
-1.529089229958258134e-03
-1.537742762705573973e-03
-1.546499892751684868e-03
-1.555369333634815110e-03
-1.564349906697792836e-03
-1.573426152383372578e-03
-1.582566425140097266e-03
-1.591726463745501974e-03
-1.600862629237698176e-03
-1.609954417487735601e-03
-1.619014534580409670e-03
-1.628055859947963313e-03
-1.637059323401912625e-03
-1.646043376801742397e-03
-1.655115517425198579e-03
-1.664367432691049586e-03
-1.673815765174113679e-03
-1.683402109467491137e-03
-1.692797527449996231e-03
-1.701566050477110181e-03
-1.709887211451266431e-03
-1.723429727780445564e-03
-1.732680056593105533e-03
-1.742040084320994886e-03
-1.751539288126491289e-03
-1.761196039846979478e-03
-1.775399543726963181e-03
-1.783251706119481916e-03
-1.793499571424439498e-03
-1.803934337309132108e-03
-1.814541415462445073e-03
-1.825264902034773318e-03
-1.833327332675938059e-03
-1.843570066796529350e-03
-1.853345529456706942e-03
-1.863180315293810896e-03
-1.876864291019963993e-03
-1.887166284351982082e-03
-1.897218240810849554e-03
-1.907177750440358643e-03
-1.917348348631775501e-03
-1.927945723689816759e-03
-1.939073689168069325e-03
-1.950653382037925709e-03
-1.957888151256359510e-03
-1.969707827265132494e-03
-1.980272969943908112e-03
-1.990467061326051113e-03
-2.000807720500819009e-03
-2.011392311791759813e-03
-2.022160874594336466e-03
-2.032903490509219147e-03
-2.043155124285822577e-03
-2.052492987353327081e-03
-2.066993367949576665e-03
-2.076625854240121694e-03
-2.086406774269577991e-03
-2.096460472582328816e-03
-2.106780370941807590e-03
-2.117326979769740269e-03
-2.128048081220801357e-03
-2.138881585750374015e-03
-2.149759853656285635e-03
-2.160621214933322598e-03
-2.171433289527291421e-03
-2.182217503121641755e-03
-2.193034069514210316e-03
-2.203936407893514193e-03
-2.214948258089100008e-03
-2.226065759126927279e-03
-2.237263495767638499e-03
-2.248500763746275055e-03
-2.259752969668848976e-03
-2.272963066358990591e-03
-2.287628523783835632e-03
-2.299628315695356751e-03
-2.311877657742988923e-03
-2.324407203618816808e-03
-2.337244981576169778e-03
-2.350417969226858972e-03
-2.363952889421205850e-03
-2.377876603992801208e-03
-2.392216298841010058e-03
-2.406999539011911438e-03
-2.422254239581311808e-03
-2.438008593164120441e-03
-2.454290950852644482e-03
-2.471129674673500087e-03
-2.488552973489710496e-03
-2.506588714637492110e-03
-2.525264235865576357e-03
-2.544606138851768229e-03
-2.564640033586584877e-03
-2.585390074959226236e-03
-2.604748836873560514e-03
-2.627372244311254601e-03
-2.650645132432072337e-03
-2.674418647714837949e-03
-2.698741971018936425e-03
-2.723917469629744126e-03
-2.750024716099974675e-03
-2.777010402561785885e-03
-2.804832441319349279e-03
-2.833492990995944982e-03
-2.863039591612104307e-03
-2.893497836506386811e-03
-2.924852736517491447e-03
-2.957078009768743243e-03
-2.990169445923895886e-03
-3.024115648841974036e-03
-3.058681986019273769e-03
-3.093446124881327197e-03
-3.128567546445415459e-03
-3.167884034974144392e-03
-3.204992414436447223e-03
-3.242751031151680507e-03
-3.277464098926097247e-03
-3.316599363881178597e-03
-3.356017990364945636e-03
-3.395459220444096982e-03
-3.434821608955251904e-03
-3.474091352106967179e-03
-3.513243025977941247e-03
-3.552209494019076264e-03
-3.590888897921085121e-03
-3.629167653333709165e-03
-3.666963396307953982e-03
-3.704268216760120414e-03
-3.741141129001701593e-03
-3.777649212706457593e-03
-3.817773688394310305e-03
-3.853340255333126407e-03
-3.885074489479167781e-03
-3.919976370408972954e-03
-3.954154238161589063e-03
-3.987268707300595239e-03
-4.019053719643561617e-03
-4.049701500133395804e-03
-4.079531446464501609e-03
-4.108629625097781624e-03
-4.136981413799256657e-03
-4.164579357035513851e-03
-4.191437427895905454e-03
-4.217583507164224255e-03
-4.243055869317113871e-03
-4.267911844202387783e-03
-4.292239085763871476e-03
-4.316111431885982785e-03
-4.339420068071031533e-03
-4.361943381001043285e-03
-4.383737536070575480e-03
-4.405039687302436668e-03
-4.429445361914252643e-03
-4.450933735240802935e-03
-4.472318624777760210e-03
-4.493663654006607722e-03
-4.515029307286533289e-03
-4.536473418799424895e-03
-4.560412806356439752e-03
-4.582307272725516523e-03
-4.604423067484930687e-03
-4.626808840454965654e-03
-4.649512463901495085e-03
-4.672581794504249153e-03
-4.696065529871673583e-03
-4.720014142350903441e-03
-4.744480826127106532e-03
-4.769522397840564309e-03
-4.795200077500894054e-03
-4.821580072876530121e-03
-4.848733884445233233e-03
-4.876738261663793317e-03
-4.905674749709765248e-03
-4.935628766852828697e-03
-4.966688188379198010e-03
-4.996963786496610993e-03
-5.030683847541406184e-03
-5.065775360045543518e-03
-5.102309178092734321e-03
-5.140344466145196911e-03
-5.179924868767282753e-03
-5.221074347237786295e-03
-5.263792375923004307e-03
-5.302698154671658948e-03
-5.348860772802499497e-03
-5.396364296926525750e-03
-5.445066981954460594e-03
-5.494802299194079254e-03
-5.545389811735523811e-03
-5.596640760910376322e-03
-5.648351646860005904e-03
-5.700290694565790517e-03
-5.752189294390419594e-03
-5.803744773351382502e-03
-5.854632186749753053e-03
-5.904519757893300635e-03
-5.953083668275294116e-03
-6.000019792984367939e-03
-6.045051694279768295e-03
-6.087935428665536275e-03
-6.134348516100007753e-03
-6.172621073102790845e-03
-6.208193911097503737e-03
-6.240970908487353253e-03
-6.270905715925756407e-03
-6.298005098492875931e-03
-6.322331697330985101e-03
-6.344005810178521276e-03
-6.363205807395633240e-03
-6.380166964684019781e-03
-6.395178831426762134e-03
-6.408581423322790016e-03
-6.420760787735624309e-03
-6.432144580131859968e-03
-6.443198298310137684e-03
-6.454422744490984076e-03
-6.466353172143723960e-03
-6.479560356753566452e-03
-6.494653592083177163e-03
-6.512284967183368245e-03
-6.533153316830297985e-03
-6.558005331190608356e-03
-6.587631496786372498e-03
-6.622856012833411299e-03
-6.664521428932645986e-03
-6.713469307748076709e-03
-6.770517879621518187e-03
-6.836437592033783872e-03
-6.911925881945835126e-03
-6.997583134371598845e-03
-7.093892131378176646e-03
-7.201203415614643166e-03
-7.321607885935055293e-03
-7.451400212031555892e-03
-7.592408428774843898e-03
-7.744423832339863978e-03
-7.907089350210616541e-03
-8.079891391653271082e-03
-8.262152104768216709e-03
-8.453033802797993435e-03
-8.646960700862960092e-03
-8.853035129974262674e-03
-9.064779667757039139e-03
-9.281573536361331644e-03
-9.502772071047493885e-03
-9.726953114462533190e-03
-9.958769339393769293e-03
-1.018844954678438386e-02
-1.042208495367902277e-02
-1.065727597084342726e-02
-1.089465513370857508e-02
-1.113521510902742984e-02
-1.137703553752283936e-02
-1.162113444204138091e-02
-1.186674660824671435e-02
-1.211582175550673934e-02
-1.236512338786549536e-02
-1.261919429088459443e-02
-1.287386454452837947e-02
-1.312790020596144025e-02
-1.338109817615590336e-02
-1.363167770830203684e-02
-1.388061286641262271e-02
-1.412304914260725797e-02
-1.435935044625802348e-02
-1.458720647885547450e-02
-1.480815213245750828e-02
-1.501933199235527816e-02
-1.522043920259008587e-02
-1.541092502265334341e-02
-1.559270250569150251e-02
-1.576178362487495876e-02
-1.591928935033293246e-02
-1.606475887240277345e-02
-1.619604209733421785e-02
-1.631641294202595960e-02
-1.642335410759893088e-02
-1.651677348093877340e-02
-1.659686302597773722e-02
-1.666384810776466718e-02
-1.671774230115052884e-02
-1.675847448832090691e-02
-1.678639849540253248e-02
-1.680440610406230828e-02
-1.680874293025907962e-02
-1.680174792943467388e-02
-1.678382853130544472e-02
-1.675633866262127292e-02
-1.671805402423398590e-02
-1.667034003788731011e-02
-1.661378714163108672e-02
-1.654898001216542625e-02
-1.647647389559220299e-02
-1.639678112631826057e-02
-1.631037142062058409e-02
-1.621768490417951902e-02
-1.611915271455682808e-02
-1.601521749394207994e-02
-1.590634684643099650e-02
-1.579303623799460654e-02
-1.567580271366469935e-02
-1.555517519763599532e-02
-1.543168891952467758e-02
-1.530589021643546932e-02
-1.517835357988245315e-02
-1.504970738661209895e-02
-1.492066020962329320e-02
-1.479201782162986589e-02
-1.466468261562686726e-02
-1.453963133410673958e-02
-1.441787208048966873e-02
-1.430038544365935804e-02
-1.418805628156799559e-02
-1.408160251303025579e-02
-1.398150599044162279e-02
-1.388795013435306647e-02
-1.380076979027589079e-02
-1.371942098529754794e-02
-1.364298012048875686e-02
-1.357018233284351671e-02
-1.349950566283397713e-02
-1.342930099990924386e-02
-1.335795855198218529e-02
-1.328289809726657111e-02
-1.320571685247406979e-02
-1.312456156732089152e-02
-1.303952899558702416e-02
-1.295120957018336405e-02
-1.286075437932077126e-02
-1.276982154654326962e-02
-1.267992340987927902e-02
-1.259258239414418057e-02
-1.250930404451955358e-02
-1.243090126975265886e-02
-1.235742958874130881e-02
-1.228871560048083733e-02
-1.222427115495222649e-02
-1.216339347684808336e-02
-1.210530023267736288e-02
-1.204922798421492747e-02
-1.199452076412060864e-02
-1.194072980583854582e-02
-1.188768496560299592e-02
-1.183551592278536679e-02
-1.178463437070814690e-02
-1.173568267339997195e-02
-1.168944484712247656e-02
-1.164672285116352679e-02
-1.160819919771294284e-02
-1.157431837617850512e-02
-1.154521336133862430e-02
-1.152068799033650892e-02
-1.150025596781539816e-02
-1.148322946275814882e-02
-1.146883939758674975e-02
-1.145636130210486714e-02
-1.144522009530746232e-02
-1.143505532820443538e-02
-1.142574327937101453e-02
-1.141737632102263200e-02
-1.141019095666218064e-02
-1.140446840648817739e-02
-1.140045873491701833e-02
-1.139834171715731204e-02
-1.139821329223938973e-02
-1.140008368813727468e-02
-1.140387341659609977e-02
-1.140939952778002864e-02
-1.141635314675093493e-02
-1.142427549506302986e-02
-1.143254367571705510e-02
-1.144037943422021586e-02
-1.144689180736097045e-02
-1.145115717516298481e-02
-1.145232984474109372e-02
-1.144976657950491639e-02
-1.144314258085948888e-02
-1.143253599900778683e-02
-1.141980941267023431e-02
-1.140316864600005031e-02
-1.138388028356779325e-02
-1.136611654275893057e-02
-1.134993098403785927e-02
-1.133666550268419559e-02
-1.132742508767325962e-02
-1.132290797197788024e-02
-1.132329599458220537e-02
-1.132821604331868404e-02
-1.133676371240649461e-02
-1.134759012609842799e-02
-1.135904485785321771e-02
-1.136935717852977090e-02
-1.137682948046531139e-02
-1.138001212301759102e-02
-1.137783218560922682e-02
-1.136965922359234327e-02
-1.135530492067937658e-02
-1.133496616028684123e-02
-1.130912987806070857e-02
-1.127846165621115837e-02
-1.124369840185962532e-02
-1.120555966387520863e-02
-1.116468392708125368e-02
-1.112159041996574338e-02
-1.107667089956659856e-02
-1.103023034381145351e-02
-1.098259334852552671e-02
-1.093423708433544084e-02
-1.088589160103403675e-02
-1.083986869789554941e-02
-1.079530459458521996e-02
-1.075523834238312215e-02
-1.072186276024900131e-02
-1.069756230905466454e-02
-1.068513444508895072e-02
-1.068596193078141798e-02
-1.070228635508402304e-02
-1.073537201134178165e-02
-1.078581351731944249e-02
-1.085348944020320117e-02
-1.093757352702284802e-02
-1.103659253439692733e-02
-1.114852143760808323e-02
-1.127091205352509506e-02
-1.140105452270695485e-02
-1.153616874187690655e-02
-1.167361427604624025e-02
-1.181072366393809414e-02
-1.194650067442709629e-02
-1.207935999710113562e-02
-1.220874947752831341e-02
-1.233463503206716494e-02
-1.245730519090493260e-02
-1.257709099215797988e-02
-1.269411331403513810e-02
-1.280816570140841382e-02
-1.291852425443634766e-02
-1.302365605221761369e-02
-1.312058766510804109e-02
-1.321266526419090370e-02
-1.329273529895452777e-02
-1.336165796684690710e-02
-1.341794556371234126e-02
-1.346176359320605531e-02
-1.349419894701719969e-02
-1.351528287834163899e-02
-1.352644296507138355e-02
-1.352917096046624135e-02
-1.352528242463540975e-02
-1.351605062600985674e-02
-1.350338581242171987e-02
-1.348664552149325679e-02
-1.346557907355022676e-02
-1.344354245568363249e-02
-1.342122300884845965e-02
-1.339544716383589407e-02
-1.336744270922229916e-02
-1.333759546030266474e-02
-1.330596761544150519e-02
-1.327188630346753939e-02
-1.323471562524325407e-02
-1.319512239407044651e-02
-1.315190259900955727e-02
-1.310603370473922835e-02
-1.305820730424650522e-02
-1.300845628009611454e-02
-1.295916771256733213e-02
-1.291137582091483882e-02
-1.286729578049983225e-02
-1.282890905080630306e-02
-1.279790062754526669e-02
-1.277546503771070929e-02
-1.276217267104501341e-02
-1.275790098377443949e-02
-1.276185689245978860e-02
-1.277273535491840750e-02
-1.278887087667601730e-02
-1.280869593831140962e-02
-1.282908467029886257e-02
-1.285328361985554890e-02
-1.287513670041873226e-02
-1.289633550717317334e-02
-1.291561116787409702e-02
-1.293264722637965658e-02
-1.294764366877171335e-02
-1.295933977449592600e-02
-1.296580431601607186e-02
-1.297022185319240961e-02
-1.296706252697787942e-02
-1.295828295384271467e-02
-1.294354558663696197e-02
-1.292349070503018282e-02
-1.289941402655842007e-02
-1.287340353527677284e-02
-1.284845510111098932e-02
-1.282574142071474244e-02
-1.280685233572970150e-02
-1.279151360444874541e-02
-1.278466660346172512e-02
-1.278115944576829754e-02
-1.278111120253944133e-02
-1.278357431033494418e-02
-1.278698921835380586e-02
-1.278991308663740556e-02
-1.279097511953097843e-02
-1.278907512370919264e-02
-1.278298040730679874e-02
-1.277240954104669202e-02
-1.275719436635153192e-02
-1.273743675135746711e-02
-1.271343181326184402e-02
-1.268559405932373485e-02
-1.265439863561007572e-02
-1.262034423752250722e-02
-1.258393691292852834e-02
-1.254568827393776065e-02
-1.250611923736405506e-02
-1.246555199161808458e-02
-1.242497095500783022e-02
-1.238466277911492996e-02
-1.234512399934523108e-02
-1.230679858859329290e-02
-1.227005881316023395e-02
-1.223519221278113189e-02
-1.220239590908056559e-02
-1.217177785508422039e-02
-1.214336157762674340e-02
-1.211710068801941098e-02
-1.209288305888678305e-02
-1.207054598010015578e-02
-1.204986504130117764e-02
-1.203053085001709599e-02
-1.201223586123068010e-02
-1.199471466093032790e-02
-1.197752493492659775e-02
-1.196054250681838349e-02
-1.194217922829421408e-02
-1.192644226660211082e-02
-1.190942411429529724e-02
-1.189238896689703839e-02
-1.187532529186574592e-02
-1.185847468203604649e-02
-1.184238353836714053e-02
-1.182634905538687553e-02
-1.181038616315660539e-02
-1.179419079187782327e-02
-1.177744802094288223e-02
-1.175988359721491516e-02
-1.174097946144841975e-02
-1.172117293663788029e-02
-1.169959854338681327e-02
-1.167611657469924680e-02
-1.165089448515732595e-02
-1.162287619387442072e-02
-1.159140429535382433e-02
-1.155750418377204936e-02
-1.152028219052747549e-02
-1.147929081329740475e-02
-1.143434457212821886e-02
-1.138538070552391757e-02
-1.133337776371562411e-02
-1.127670482553161380e-02
-1.121648959283849667e-02
-1.115461675353229820e-02
-1.109138446856311466e-02
-1.102784344488294543e-02
-1.096500559565061206e-02
-1.090366322292063428e-02
-1.084463940864699438e-02
-1.078908703733699737e-02
-1.073629737006753793e-02
-1.068570098363696985e-02
-1.064127294719413586e-02
-1.059890885067721333e-02
-1.055924692940773957e-02
-1.052181054246731362e-02
-1.048621402871263708e-02
-1.045188488697224027e-02
-1.041806121469812663e-02
-1.038386791623741034e-02
-1.034863331283997212e-02
-1.031018719295923036e-02
-1.027047550628962247e-02
-1.022872730333107549e-02
-1.018183916290799074e-02
-1.013072306449841475e-02
-1.007591630299287111e-02
-1.001805901267444066e-02
-9.957951807601506111e-03
-9.896575571129162530e-03
-9.834883421767914857e-03
-9.773480427660574676e-03
-9.712546144791112113e-03
-9.656627085175006897e-03
-9.602767225291852782e-03
-9.551613459814201068e-03
-9.503743355993021780e-03
-9.459051170268573117e-03
-9.417002277410657651e-03
-9.377158249840311655e-03
-9.339057196218469858e-03
-9.302237866457008231e-03
-9.266204322820603689e-03
-9.230379552246925634e-03
-9.194162984502152192e-03
-9.157001299497924407e-03
-9.118405542221652560e-03
-9.077969421628084845e-03
-9.035372931627538851e-03
-8.990352819607250190e-03
-8.942730659838860063e-03
-8.892514444817922747e-03
-8.839982846758909218e-03
-8.785870008075347126e-03
-8.730600364180440831e-03
-8.676044825904616342e-03
-8.622383181750015169e-03
-8.570826442540202539e-03
-8.521936125553686292e-03
-8.476632436442421703e-03
-8.435788878229100174e-03
-8.399401355632662991e-03
-8.368339913636391181e-03
-8.343395379402374079e-03
-8.324039194232413230e-03
-8.308172550723635919e-03
-8.296777888075479446e-03
-8.289312250626956757e-03
-8.284578684374099833e-03
-8.282013336487203947e-03
-8.280855400269460098e-03
-8.280374063353301839e-03
-8.279855893253418309e-03
-8.278608095783901444e-03
-8.275973809249159707e-03
-8.271358948956641921e-03
-8.264270950483765255e-03
-8.254367055736400172e-03
-8.241505992644115874e-03
-8.225793885949239659e-03
-8.207613850873263228e-03
-8.187629752323677401e-03
-8.166757743469088560e-03
-8.146104151691979656e-03
-8.126874232358693995e-03
-8.110262252845890085e-03
-8.097337965011497385e-03
-8.088946381235029293e-03
-8.085636103663529362e-03
-8.087626403306680256e-03
-8.094815990226933433e-03
-8.106828632732654416e-03
-8.123084360713017649e-03
-8.142881285988501361e-03
-8.165472930962702769e-03
-8.190129158888725946e-03
-8.216174455677460742e-03
-8.243004021514510615e-03
-8.270083744287004546e-03
-8.296942659843931089e-03
-8.323165467211124380e-03
-8.348390079458700708e-03
-8.372089450103814556e-03
-8.394491567084716444e-03
-8.415227357294607913e-03
-8.434275229955712216e-03
-8.451743727569405173e-03
-8.467875146793424346e-03
-8.483034268971789693e-03
-8.497683256357413395e-03
-8.512346424746630724e-03
-8.527570717981047821e-03
-8.543884776715526819e-03
-8.561958078910636427e-03
-8.581719444979152289e-03
-8.603695693275292822e-03
-8.628061474522108476e-03
-8.654867576283337138e-03
-8.684008411955629336e-03
-8.715181848872877168e-03
-8.747860657491723924e-03
-8.781297294389867059e-03
-8.814575959056186738e-03
-8.846513684748064099e-03
-8.876480376025785990e-03
-8.903373131751574077e-03
-8.926483209562713350e-03
-8.945430604809234687e-03
-8.960117689795626950e-03
-8.970681743849379108e-03
-8.977435835914177042e-03
-8.980808925018041178e-03
-8.981305566912317628e-03
-8.979496491705318828e-03
-8.976030108186899836e-03
-8.971649373639561942e-03
-8.967216689618334735e-03
-8.963731895084842138e-03
-8.962138431947708206e-03
-8.963217400557305092e-03
-8.967755515287834100e-03
-8.975860132899582400e-03
-8.987810651384098293e-03
-9.003495651917214904e-03
-9.022735170343548772e-03
-9.045244759191967132e-03
-9.070854285182089471e-03
-9.099004830519230591e-03
-9.129757779901409576e-03
-9.162982841569300430e-03
-9.198425229802603686e-03
-9.235585461194600887e-03
-9.273635357369414134e-03
-9.311230754970034607e-03
-9.347242232807945195e-03
-9.379831333688332107e-03
-9.407316160427170448e-03
-9.428131295172864634e-03
-9.441004690547566414e-03
-9.445081107837399736e-03
-9.439929440865219012e-03
-9.425513692513931563e-03
-9.402129194584912808e-03
-9.370314769006210520e-03
-9.330766357683317747e-03
-9.284270325438104265e-03
-9.231665471581829152e-03
-9.173832768531731130e-03
-9.111705379295786944e-03
-9.046285687377975115e-03
-8.978652278640586459e-03
-8.909954486871485280e-03
-8.841290853061484212e-03
-8.773712668262712011e-03
-8.708371285807980922e-03
-8.645958517378149466e-03
-8.586903695156911098e-03
-8.531481627691711589e-03
-8.479633479693826636e-03
-8.431048745442815129e-03
-8.385399056499986958e-03
-8.342419417251001335e-03
-8.301955948054884349e-03
-8.263991312936619371e-03
-8.228633045065381069e-03
-8.196074223440485973e-03
-8.166518129041483443e-03
-8.140021093036575728e-03
-8.116418190462493243e-03
-8.095402787483552132e-03
-8.076595632624389287e-03
-8.059453078998468634e-03
