1.250006874275376989e-01
1.249940138757073549e-01
1.249872207535504959e-01
1.249804163735162704e-01
1.249736140699079928e-01
1.249668075685894941e-01
1.249599846771847211e-01
1.249531864598965314e-01
1.249463657367476527e-01
1.249395395635890943e-01
1.249327144482361568e-01
1.249258651742750081e-01
1.249190139989498904e-01
1.249121596509876753e-01
1.249053004679802348e-01
1.248984351703184420e-01
1.248915653256742475e-01
1.248846921071636307e-01
1.248778176549577984e-01
1.248709235158399072e-01
1.248640046811389931e-01
1.248570784342745155e-01
1.248501444715230529e-01
1.248432026067921585e-01
1.248362526905516939e-01
1.248292945750072713e-01
1.248223281293416309e-01
1.248153533131010212e-01
1.248083701933800221e-01
1.248013788589596579e-01
1.247943793737801427e-01
1.247873717870628674e-01
1.247803561316353782e-01
1.247733324161068164e-01
1.247663006263189517e-01
1.247592607333492670e-01
1.247522127015460586e-01
1.247451564928662715e-01
1.247380920670647098e-01
1.247310193793896155e-01
1.247239383779973065e-01
1.247168490025882676e-01
1.247097511847799350e-01
1.247026448506064894e-01
1.246955299245433163e-01
1.246883906252783530e-01
1.246812423087895610e-01
1.246740849316210209e-01
1.246669184558215904e-01
1.246597428478879999e-01
1.246525580748694961e-01
1.246453640992340045e-01
1.246381608745737446e-01
1.246309483435843607e-01
1.246237264389510324e-01
1.246164950860625259e-01
1.246092542068924502e-01
1.246020037241131195e-01
1.245947435650593266e-01
1.245874736657876375e-01
1.245801718146476861e-01
1.245728593885571667e-01
1.245655363554661055e-01
1.245582027124540470e-01
1.245508584740748215e-01
1.245435036485534885e-01
1.245361382196722433e-01
1.245287621409026657e-01
1.245213753389051436e-01
1.245139777211254489e-01
1.245065691828521059e-01
1.244991496120461949e-01
1.244917188916348089e-01
1.244842769002017513e-01
1.244768235115338850e-01
1.244693585933144137e-01
1.244618820050710506e-01
1.244543935956310826e-01
1.244468932004765410e-01
1.244393806399645003e-01
1.244318557199062258e-01
1.244243059895952935e-01
1.244167431049406913e-01
1.244091668805360623e-01
1.244015771414428845e-01
1.243939737258676625e-01
1.243863564836020508e-01
1.243787252704092045e-01
1.243710799398309863e-01
1.243634203343342848e-01
1.243557462777371420e-01
1.243480575703352492e-01
1.243403539872850044e-01
1.243326352798020396e-01
1.243248859417458718e-01
1.243171205562333403e-01
1.243093388481682077e-01
1.243015405354497283e-01
1.242937253404751835e-01
1.242858929962164932e-01
1.242780432527109818e-01
1.242701758848981930e-01
1.242623041354686264e-01
1.242544144549673768e-01
1.242465069849064130e-01
1.242385818531109853e-01
1.242306390697918289e-01
1.242226626028773290e-01
1.242146860827993138e-01
1.242066902736035233e-01
1.241986746468056180e-01
1.241906385690172560e-01
1.241825812930064943e-01
1.241745020287090412e-01
1.241664001255066430e-01
1.241582752506020515e-01
1.241501274354623041e-01
1.241419571208721984e-01
1.241337825800607614e-01
1.241255868582141625e-01
1.241173367917229181e-01
1.241090663629096924e-01
1.241007760575940783e-01
1.240924660669362883e-01
1.240841363326357499e-01
1.240757694904254388e-01
1.240673802573201562e-01
1.240589679667227635e-01
1.240505172549985768e-01
1.240420416572937251e-01
1.240335405379455330e-01
1.240250132640329100e-01
1.240164592171285746e-01
1.240078778006799970e-01
1.239992684449450211e-01
1.239906450961034690e-01
1.239819922856114365e-01
1.239733095029333931e-01
1.239645963237009096e-01
1.239558524043097021e-01
1.239470774619158833e-01
1.239382712470941117e-01
1.239294335170164074e-01
1.239205640158514699e-01
1.239116624658134491e-01
1.239027285654979160e-01
1.238937619918107913e-01
1.238847624028076022e-01
1.238757294404273651e-01
1.238666627327483366e-01
1.238575618947279910e-01
1.238484265305383053e-01
1.238392562344200337e-01
1.238300505923454753e-01
1.238208091838450542e-01
1.238115315825500801e-01
1.238022173573265633e-01
1.237928660724884333e-01
1.237834772879624484e-01
1.237740505593851875e-01
1.237645854376035887e-01
1.237550814685590833e-01
1.237455381924657261e-01
1.237359551440749827e-01
1.237263318516258065e-01
1.237166678370111156e-01
1.237069626149661095e-01
1.236972156936930606e-01
1.236874265738064915e-01
1.236775947488074900e-01
1.236677197047409971e-01
1.236578009204550854e-01
1.236478129001687964e-01
1.236377792151374944e-01
1.236276993066553753e-01
1.236175726152084209e-01
1.236073985701613837e-01
1.235971765954877039e-01
1.235869061086727894e-01
1.235765865188588331e-01
1.235662172245529239e-01
1.235557976069229513e-01
1.235453270230511408e-01
1.235348048282407796e-01
1.235242304763082416e-01
1.235136035504026675e-01
1.235029231807453359e-01
1.234921876981626282e-01
1.234813958276053808e-01
1.234705474069259235e-01
1.234596428739191953e-01
1.234486823193918642e-01
1.234376652104749450e-01
1.234265907283673691e-01
1.234154580945197588e-01
1.234042668403250165e-01
1.233930169622780015e-01
1.233817087143660729e-01
1.233703420126270045e-01
1.233589159365085230e-01
1.233474288629670124e-01
1.233358793795337749e-01
1.233242445037702195e-01
1.233125460655525585e-01
1.233007835108984734e-01
1.232889559277098868e-01
1.232770621816533241e-01
1.232651011163338473e-01
1.232530956859014815e-01
1.232410180021491358e-01
1.232288668855134467e-01
1.232166420455060862e-01
1.232043653714639669e-01
1.231920180552611294e-01
1.231796045786951732e-01
1.231671245796967240e-01
1.231545488570845587e-01
1.231419025464015743e-01
1.231291845858471096e-01
1.231163941192186251e-01
1.231035307407668256e-01
1.230905942968061745e-01
1.230775847628196168e-01
1.230645021803182110e-01
1.230513463456104351e-01
1.230381165450430830e-01
1.230248116807401426e-01
1.230114305181320422e-01
1.229979718890579360e-01
1.229844347698742651e-01
1.229708183072780736e-01
1.229571218852165138e-01
1.229433855027486505e-01
1.229295667799239350e-01
1.229156667910380196e-01
1.229016862156893375e-01
1.228876254575298754e-01
1.228734848197773205e-01
1.228592645234200809e-01
1.228449647033353631e-01
1.228305472325323250e-01
1.228160493796372071e-01
1.228014711539740650e-01
1.227868125387245463e-01
1.227720734716027245e-01
1.227572538028855742e-01
1.227423532453160437e-01
1.227273171448857031e-01
1.227121967750216952e-01
1.226969915193661248e-01
1.226817006270665422e-01
1.226663231994394865e-01
1.226508582005119696e-01
1.226353045071756215e-01
1.226196610081086436e-01
1.226039267465848098e-01
1.225881010823334089e-01
1.225721838176959538e-01
1.225561751914035769e-01
1.225400756472286995e-01
1.225238855018828954e-01
1.225076049432834158e-01
1.224912343500493966e-01
1.224747739162813792e-01
1.224582227611071272e-01
1.224415790867802167e-01
1.224248409291284756e-01
1.224080069080338007e-01
1.223910789327593007e-01
1.223740632722545296e-01
1.223569644001400170e-01
1.223397301028622125e-01
1.223224033022962814e-01
1.223049829014530715e-01
1.222874675085718066e-01
1.222698555481733368e-01
1.222521015527360672e-01
1.222342690356748723e-01
1.222163340399606279e-01
1.221982946965875366e-01
1.221801492824329122e-01
1.221618966334125644e-01
1.221435633600858051e-01
1.221251276594178398e-01
1.221065942041232727e-01
1.220879624009703346e-01
1.220691937580601349e-01
1.220503220952166151e-01
1.220313499128085066e-01
1.220122781353041030e-01
1.219931046518177853e-01
1.219738251945808871e-01
1.219544344576892064e-01
1.219349279238688272e-01
1.219153490423562636e-01
1.218956519640836123e-01
1.218758492343841732e-01
1.218559445637709127e-01
1.218359364865659045e-01
1.218158225634479869e-01
1.217956009547020435e-01
1.217752719197969513e-01
1.217548403685540931e-01
1.217343154386805598e-01
1.217136455050010641e-01
1.216928792464586628e-01
1.216720151787159671e-01
1.216510505739901438e-01
1.216299827702807257e-01
1.216088095004830283e-01
1.215875290196708203e-01
1.215661402038133165e-01
1.215446426052767537e-01
1.215230363931274205e-01
1.215013220602321475e-01
1.214794998852009311e-01
1.214575695445057890e-01
1.214355301804268539e-01
1.214133806978459629e-01
1.213911200402546936e-01
1.213687474052970172e-01
1.213462623976595545e-01
1.213236648679628660e-01
1.213009352372992761e-01
1.212780589520614377e-01
1.212550626689044841e-01
1.212319438923270543e-01
1.212086998202908661e-01
1.211853273704751044e-01
1.211618231907828358e-01
1.211381836618886237e-01
1.211144048958486957e-01
1.210904827328602856e-01
1.210664127374701665e-01
1.210421901950743534e-01
1.210178101091427122e-01
1.209932671996341857e-01
1.209685559028874507e-01
1.209436703731525536e-01
1.209186044860061787e-01
1.208933518436475230e-01
1.208679057822590053e-01
1.208422593819231394e-01
1.208164054811735472e-01
1.207903579928048116e-01
1.207640842703616990e-01
1.207375778190373783e-01
1.207108336325602299e-01
1.206838462128500405e-01
1.206566070381537431e-01
1.206291067909927434e-01
1.206013366869671255e-01
1.205732883625539320e-01
1.205449534326439726e-01
1.205163230367278515e-01
1.204873880583627876e-01
1.204581395309976127e-01
1.204285687508999253e-01
1.203986670564406863e-01
1.203684258999522666e-01
1.203378390800920739e-01
1.203069046188432606e-01
1.202756189433788064e-01
1.202439401030290650e-01
1.202118901788847005e-01
1.201794626685731837e-01
1.201466880275839227e-01
1.201135220339451110e-01
1.200799618540414615e-01
1.200460072618370205e-01
1.200116590457474680e-01
1.199769181322263983e-01
1.199417857019666189e-01
1.199062636070264282e-01
1.198703547180472173e-01
1.198340630415138802e-01
1.197973934075508007e-01
1.197603507253831995e-01
1.197229393140931825e-01
1.196851628219661179e-01
1.196469850850821748e-01
1.196084516825288435e-01
1.195696009376340518e-01
1.195304011739299621e-01
1.194908596315483462e-01
1.194509869444753403e-01
1.194107964072789047e-01
1.193702993922775707e-01
1.193295040778129257e-01
1.192884177815619479e-01
1.192470479674239553e-01
1.192054021738536002e-01
1.191634877995746411e-01
1.191213119645029989e-01
1.190788814058098277e-01
1.190362022873678038e-01
1.189932798965101651e-01
1.189501187821913053e-01
1.189067245815105950e-01
1.188631051477005846e-01
1.188192677723398788e-01
1.187752173754668544e-01
1.187309229218477119e-01
1.186864135844953039e-01
1.186416903982475263e-01
1.185967537617074602e-01
1.185516034686345949e-01
1.185062387344466006e-01
1.184606346063830362e-01
1.184148115336557811e-01
1.183687673029809317e-01
1.183224992145763821e-01
1.182760040899373671e-01
1.182292782719923246e-01
1.181823176166936079e-01
1.181351174752700989e-01
1.180876726670088278e-01
1.180399774430304222e-01
1.179920254422554132e-01
1.179438096415266479e-01
1.178953223026821956e-01
1.178465549200655577e-01
1.177974981725684600e-01
1.177481418848999317e-01
1.176984750030161397e-01
1.176485053651511736e-01
1.175981985266757596e-01
1.175475407730753041e-01
1.174965176812943768e-01
1.174451142366329248e-01
1.173933149879452520e-01
1.173411042444728741e-01
1.172884663207136441e-01
1.172354393391669275e-01
1.171819507314389025e-01
1.171279870884696372e-01
1.170735364186500926e-01
1.170185883956581518e-01
1.169631344975407966e-01
1.169071680899316928e-01
1.168506845734630928e-01
1.167936816665174349e-01
1.167361597735735307e-01
1.166781223258400169e-01
1.166195760039725193e-01
1.165605308063935863e-01
1.165009999697108334e-01
1.164409997717809897e-01
1.163805492548381920e-01
1.163196699005515367e-01
1.162583264153905366e-01
1.161966002046595087e-01
1.161345182655485336e-01
1.160721085564636601e-01
1.160093994993044025e-01
1.159464194483194738e-01
1.158831961313461639e-01
1.158197560732443787e-01
1.157561240151704224e-01
1.156923223455235822e-01
1.156283705572093146e-01
1.155642847429760867e-01
1.155000771350987304e-01
1.154357556892974118e-01
1.153713237063143104e-01
1.153067794788694006e-01
1.152421159471479634e-01
1.151773203435804277e-01
1.151123738076595959e-01
1.150472509579877622e-01
1.149819194248194593e-01
1.149163393715075532e-01
1.148504630565396895e-01
1.147842344964113553e-01
1.147175892821220289e-01
1.146504545890445481e-01
1.145827494102483329e-01
1.145143850343279951e-01
1.144452657755085367e-01
1.143752899441648208e-01
1.143043510228510390e-01
1.142323389886948926e-01
1.141591229098355420e-01
1.140846089077152264e-01
1.140086848234274780e-01
1.139312405851040794e-01
1.138521696916019732e-01
1.137713707776854405e-01
1.136887492566377583e-01
1.136042189186097784e-01
1.135177493116011488e-01
1.134292189603014062e-01
1.133385711636238358e-01
1.132457554282602225e-01
1.131507277075497475e-01
1.130534581764051222e-01
1.129538704830111845e-01
1.128519859875433407e-01
1.127477651380065504e-01
1.126411923782981162e-01
1.125322458269610304e-01
1.124208936758707561e-01
1.123071233204955277e-01
1.121909119760751139e-01
1.120722445099926468e-01
1.119510862924375794e-01
1.118274350585589244e-01
1.117012431156500785e-01
1.115725044702047947e-01
1.114412254681451803e-01
1.113074144863836212e-01
1.111710977093006009e-01
1.110322915806364746e-01
1.108910610892104021e-01
1.107474675847478218e-01
1.106015955199592671e-01
1.104535139986346920e-01
1.103033206787111392e-01
1.101511162866852384e-01
1.099970070364587049e-01
1.098410800114017899e-01
1.096834621751530403e-01
1.095242692816497110e-01
1.093636216929256832e-01
1.092016612719523411e-01
1.090384971425320815e-01
1.088742636014560922e-01
1.087090958666467044e-01
1.085431272363869271e-01
1.083764887553092804e-01
1.082093113322977751e-01
1.080417265874145660e-01
1.078738626024605407e-01
1.077058185414199176e-01
1.075377311121173268e-01
1.073697136328229801e-01
1.072018753475099256e-01
1.070343119608837129e-01
1.068671314206413731e-01
1.067004280202625000e-01
1.065342901488461891e-01
1.063688003487245348e-01
1.062040356097686128e-01
1.060400677985054302e-01
1.058769640842992243e-01
1.057147872352574292e-01
1.055535957081118609e-01
1.053934435331724401e-01
1.052343800647081301e-01
1.050764497023281840e-01
1.049196916751915371e-01
1.047641399232151771e-01
1.046098230340199303e-01
1.044567641318555756e-01
1.043049805960567511e-01
1.041544835221906301e-01
1.040052769200943972e-01
1.038573567418780985e-01
1.037107099157218298e-01
1.035653136023807624e-01
1.034211348815758658e-01
1.032781310271392722e-01
1.031362504643235922e-01
1.029954344391932897e-01
1.028556193792888734e-01
1.027167398779453428e-01
1.025787321800425839e-01
1.024415379701896084e-01
1.023051081689847208e-01
1.021694063456562857e-01
1.020344112890279459e-01
1.019001182790288534e-01
1.017665386935090316e-01
1.016337097125363659e-01
1.015016525440116252e-01
1.013704069283384163e-01
1.012400116383825460e-01
1.011104995426807124e-01
1.009818919988875047e-01
1.008541937834220720e-01
1.007273945493232792e-01
1.006014687253818374e-01
1.004763756849366418e-01
1.003520666722391153e-01
1.002284923763517022e-01
1.001056052203468938e-01
9.998336250879737153e-02
9.986172857402889069e-02
9.974067557170211706e-02
9.962018329185996779e-02
9.950023808421876170e-02
9.938083078616037624e-02
9.926195393650434629e-02
9.914359877727649262e-02
9.902575243356941115e-02
9.890839560683541143e-02
9.879150115836418666e-02
9.867503392985255140e-02
9.855895193787542197e-02
9.844320875411363692e-02
9.832775662050025067e-02
9.821254974059688558e-02
9.809754718091873160e-02
9.798271488629115011e-02
9.786802649231528262e-02
9.775346287929423394e-02
9.763901067834115932e-02
9.752466012505911497e-02
9.741040269226540482e-02
9.729622892905517850e-02
9.718212701948855670e-02
9.706808233542367492e-02
9.695407774807450474e-02
9.684009433090293162e-02
9.672611219798053772e-02
9.661211136109916497e-02
9.649807262693320398e-02
9.638397863165540369e-02
9.626981510018789434e-02
9.615557234523726404e-02
9.604124690848009349e-02
9.592684311413789133e-02
9.581237419606428163e-02
9.569786262431265178e-02
9.558333932586524084e-02
9.546884166007019168e-02
9.535441023426159679e-02
9.524008487427151892e-02
9.512588678014481658e-02
9.501185509368481608e-02
9.489801629084913814e-02
9.478435512542154884e-02
9.467085581558117025e-02
9.455748916055432829e-02
9.444421490967759569e-02
9.433098582995781689e-02
9.421775287001199484e-02
9.410447070957880800e-02
9.399110307245474305e-02
9.387762717119375877e-02
9.376403672261522659e-02
9.365034315082992888e-02
9.353657485602527577e-02
9.342277473479509986e-02
9.330899641293900759e-02
9.319529982070308416e-02
9.308174677149629039e-02
9.296839710989342198e-02
9.285530581111281490e-02
9.274252119455070331e-02
9.263008421053210706e-02
9.251802861389335497e-02
9.240638177462254244e-02
9.229516587042288500e-02
9.218439916142721902e-02
9.207409685798910448e-02
9.196427092450384921e-02
9.185492855366049481e-02
9.174606963765015444e-02
9.163767095067119894e-02
9.152971790472534674e-02
9.142216552130151552e-02
9.131494689369902551e-02
9.120797127060847886e-02
9.110111992615758936e-02
9.099426030684977518e-02
9.088723744329893495e-02
9.077988372318551713e-02
9.067202558801232271e-02
9.056349069361029069e-02
9.045411495834006221e-02
9.034374903299609294e-02
9.023226381862001211e-02
9.011955469808476116e-02
9.000554415285769161e-02
8.989018246543892254e-02
8.977344632267846014e-02
8.965533908603907920e-02
8.953587407929480824e-02
8.941508047932379688e-02
8.929299298454851375e-02
8.916964663422784210e-02
8.904507358231879277e-02
8.891930267239721297e-02
8.879236153925686159e-02
8.866427988224277745e-02
8.853509463969841398e-02
8.840485807917623784e-02
8.827365220252515743e-02
8.814152554988324839e-02
8.800859819689370311e-02
8.787498161722523404e-02
8.774080216158811063e-02
8.760618452565605008e-02
8.747124253618587808e-02
8.733608970740246169e-02
8.720082527775174785e-02
8.706553356814708544e-02
8.693028074390073134e-02
8.679512023764063278e-02
8.666008637951641558e-02
8.652521992430148301e-02
8.639056413356598074e-02
8.625612870900914442e-02
8.612191647892065982e-02
8.598796200728230088e-02
8.585428758019007789e-02
8.572091162558705124e-02
8.558785194943263619e-02
8.545513308639796080e-02
8.532278593014552825e-02
8.519083470620482379e-02
8.505931568021472822e-02
8.492825534316733593e-02
8.479767327012487088e-02
8.466758870732390974e-02
8.453799703019823641e-02
8.440888327198908803e-02
8.428021031418408970e-02
8.415192122367602667e-02
8.402394221740057401e-02
8.389618756702346691e-02
8.376856584031301678e-02
8.364098683047527238e-02
8.351336826155067450e-02
8.338564090800149042e-02
8.325775219923473025e-02
8.312966523985161615e-02
8.300137439314862753e-02
8.287284155695007204e-02
8.274409018994588472e-02
8.261512683487415298e-02
8.248597072319541201e-02
8.235664425093161545e-02
8.222716781424389831e-02
8.209757441649893905e-02
8.196791637333877834e-02
8.183821415480685424e-02
8.170854352953707544e-02
8.157896069999864830e-02
8.144952524413227868e-02
8.132029033708197685e-02
8.119129619681639265e-02
8.106256216146362492e-02
8.093407761045251503e-02
8.080582019624536760e-02
8.067775167288807059e-02
8.054983653684358313e-02
8.042198987080896588e-02
8.029417827635128291e-02
8.016636716432588849e-02
8.003853142122253905e-02
7.991066152903900099e-02
7.978276239817262694e-02
7.965485264697731715e-02
7.952696189574022523e-02
7.939913209166715724e-02
7.927140799625669032e-02
7.914383605259317500e-02
7.901646168507960033e-02
7.888932736694698189e-02
7.876247142635374454e-02
7.863592743999764378e-02
7.850972399762241871e-02
7.838388462849313343e-02
7.825842774575375582e-02
7.813336655338011527e-02
7.800871103346393443e-02
7.788446132391385612e-02
7.776061469612270682e-02
7.763716345612925451e-02
7.751409547024332158e-02
7.739139488211171924e-02
7.726904295998390793e-02
7.714701900089310227e-02
7.702530122234226007e-02
7.690386760656599263e-02
7.678269659968579852e-02
7.666176776909693069e-02
7.654106230929592913e-02
7.642056365888291736e-02
7.630025835038274640e-02
7.618013599177043960e-02
7.606018884516113632e-02
7.594041359581187034e-02
7.582080817074368650e-02
7.570138637846074436e-02
7.558212195579472326e-02
7.546302771465177028e-02
7.534410382498279990e-02
7.522535057206414244e-02
7.510676582524378198e-02
7.498834198986011057e-02
7.487007849930624181e-02
7.475197463767467576e-02
7.463403272975589753e-02
7.451625824954646871e-02
7.439865941357431955e-02
7.428124961895983536e-02
7.416403788959345655e-02
7.404704190415958842e-02
7.393028073841259595e-02
7.381377179356102269e-02
7.369754303162227849e-02
7.358162898866874024e-02
7.346605394683101975e-02
7.335085112492574499e-02
7.323605821679277095e-02
7.312171477107148876e-02
7.300786096401624958e-02
7.289452718637909334e-02
7.278176013812377720e-02
7.266959524219539224e-02
7.255804907466006926e-02
7.244713522997443811e-02
7.233685679552560865e-02
7.222720673956910253e-02
7.211817010733989619e-02
7.200972371325342625e-02
7.190183284288005627e-02
7.179446986917938089e-02
7.168761285934301120e-02
7.158120012987106984e-02
7.147521104136429770e-02
7.136961857207022031e-02
7.126440046664554717e-02
7.115953832635842080e-02
7.105501947748869840e-02
7.095083886534171713e-02
7.084700018617934303e-02
7.074351385305094331e-02
7.064041198112135100e-02
7.053770722605845478e-02
7.043541995302514402e-02
7.033360156139606412e-02
7.023229433075107997e-02
7.013153516772115126e-02
7.003135457759440685e-02
6.993177505951839179e-02
6.983280930380710017e-02
6.973446046958942102e-02
6.963672566531281527e-02
6.953960020386490415e-02
6.944303393301315408e-02
6.934700626076023555e-02
6.925149012616209354e-02
6.915645269260216332e-02
6.906186218089947759e-02
6.896769215812537102e-02
6.887392057562696790e-02
6.878053000366478320e-02
6.868750762500021312e-02
6.859484558177200708e-02
6.850254178624953783e-02
6.841060015640451630e-02
6.831903014340953706e-02
6.822784608798732053e-02
6.813706639377103969e-02
6.804671266445476430e-02
6.795680913625869179e-02
6.786738182966030319e-02
6.777845668521212397e-02
6.769005685674453487e-02
6.760219815666378140e-02
6.751489215302197699e-02
6.742813170476293083e-02
6.734190787294543068e-02
6.725619960852002865e-02
6.717098024726449179e-02
6.708621392290006757e-02
6.700185603411777657e-02
6.691786202056144994e-02
6.683417862142508603e-02
6.675074466763106229e-02
6.666750427568873816e-02
6.658442255018150180e-02
6.650145477130074700e-02
6.641856164879447744e-02
6.633571586195073644e-02
6.625289572858586440e-02
6.617008717458316980e-02
6.608728343394963678e-02
6.600448487501710260e-02
6.592169879405926358e-02
6.583893905596677198e-02
6.575622546647720557e-02
6.567358275697236791e-02
6.559103908641500391e-02
6.550862402648856275e-02
6.542636608762907036e-02
6.534428994912033772e-02
6.526241365159710095e-02
6.518074607416241006e-02
6.509928503264549027e-02
6.501801629032190333e-02
6.493691366779344443e-02
6.485594028814332945e-02
6.477505082433097916e-02
6.469419446329434387e-02
6.461331819926127706e-02
6.453237003935900773e-02
6.445130175303168119e-02
6.437007090942455101e-02
6.428864209656466600e-02
6.420698736725503897e-02
6.412508607566615171e-02
6.404292433110937710e-02
6.396049429089423199e-02
6.387779345345136195e-02
6.379482402685292264e-02
6.371159237218081139e-02
6.362810847138622439e-02
6.354438757688518624e-02
6.346044266121433908e-02
6.337629038764139300e-02
6.329194763534183588e-02
6.320743019806614182e-02
6.312275144659820758e-02
6.303792110390848968e-02
6.295294427134491555e-02
6.286782080709744924e-02
6.278254509991763876e-02
6.269710625215048350e-02
6.261148667136137713e-02
6.252566947691158561e-02
6.243963251997883268e-02
6.235335190523361160e-02
6.226680322947077822e-02
6.217996314535122193e-02
6.209281132686249316e-02
6.200533272028757592e-02
6.191751974734367725e-02
6.182937398775311538e-02
6.174090885090563474e-02
6.165214404714537688e-02
6.156311031582786114e-02
6.147384548373223401e-02
6.138439117768414166e-02
6.129479000078618539e-02
6.120508318334769160e-02
6.111530882498854983e-02
6.102550073573836942e-02
6.093568768006924624e-02
6.084589271515219305e-02
6.075613241407032405e-02
6.066641592033392844e-02
6.057674375343774509e-02
6.048710643448689667e-02
6.039748505016741958e-02
6.030785287616184653e-02
6.021817532100896819e-02
6.012841671967997237e-02
6.003853861316613139e-02
5.994850365664695924e-02
5.985827630494352375e-02
5.976782385735160408e-02
5.967711531449978318e-02
5.958612526619459088e-02
5.949482768839557678e-02
5.940319785997988378e-02
5.931121360768185774e-02
5.921885775306991173e-02
5.912612139949621759e-02
5.903300909194651724e-02
5.893953666961843779e-02
5.884573835628155447e-02
5.875166519467728277e-02
5.865738388172555412e-02
5.856297383482007846e-02
5.846852302374170446e-02
5.837412372933305227e-02
5.827986859240791295e-02
5.818584730046206382e-02
5.809214415277200172e-02
5.799883648919516854e-02
5.790599378594078750e-02
5.781367713122496921e-02
5.772193880353965190e-02
5.763082174974669403e-02
5.754035889287291428e-02
5.745057237008650841e-02
5.736147282521779356e-02
5.727305991668717872e-02
5.718532279000455160e-02
5.709823907714647179e-02
5.701177949197269029e-02
5.692591045502112118e-02
5.684059563874420407e-02
5.675579930394726580e-02
5.667148881649283765e-02
5.658763482592783778e-02
5.650421063175532777e-02
5.642119107227477892e-02
5.633855115914541273e-02
5.625626482869475892e-02
5.617430408646035406e-02
5.609263890516993922e-02
5.601123869423957347e-02
5.593007451233494853e-02
5.584912048446011301e-02
5.576835452813386912e-02
5.568775999734388443e-02
