1.249939254849506964e-01
1.249212930786084003e-01
1.248475539736688816e-01
1.247730706353931407e-01
1.246980565850737271e-01
1.246225509427383860e-01
1.245465834473848121e-01
1.244691691196408573e-01
1.243910682665873985e-01
1.243121090035859549e-01
1.242320111662546939e-01
1.241498682578247859e-01
1.240650523849371606e-01
1.239783964613377781e-01
1.238895957292321937e-01
1.237984177330680308e-01
1.237038448472141672e-01
1.236064114650905627e-01
1.235057186505338633e-01
1.234014027517697371e-01
1.232931552501161654e-01
1.231807237508103503e-01
1.230640131742701537e-01
1.229431103094842798e-01
1.228146783762443378e-01
1.226819154872221124e-01
1.225449805245057006e-01
1.224039666634409856e-01
1.222580525786687716e-01
1.221062124373129970e-01
1.219495062317672990e-01
1.217876597700001257e-01
1.216199533321566939e-01
1.214444826227769753e-01
1.212560055254989222e-01
1.210503201408512780e-01
1.208196690575817078e-01
1.205573370956715129e-01
1.202620786390764529e-01
1.199389311037827588e-01
1.195941364164636728e-01
1.192280777389168045e-01
1.188303781948257948e-01
1.183820131306652368e-01
1.178663409886136909e-01
1.172763850370694277e-01
1.166067374208044627e-01
1.158384223776259964e-01
1.149400811721803806e-01
1.138776896920835613e-01
1.126279579163124572e-01
1.112102120675544092e-01
1.096846413428908401e-01
1.081281762207071395e-01
1.066108945674273806e-01
1.051738043197601447e-01
1.038259615884744996e-01
1.025557950961146353e-01
1.013466899126763687e-01
1.001799121908855394e-01
9.903128030197332066e-02
9.787331017167169578e-02
9.668542609203568949e-02
9.546416252124233226e-02
9.422464840191553670e-02
9.298881103319184271e-02
9.176579943127582961e-02
9.054726214223288161e-02
8.931703688164108201e-02
8.806598494086270712e-02
8.679582081178541242e-02
8.552988905510139350e-02
8.428833450912283365e-02
8.307187441250772630e-02
8.186836678296449676e-02
8.067306530771581330e-02
7.949560358378442160e-02
7.833896847103447025e-02
7.719872230423581450e-02
7.607032263704043007e-02
7.495234497419568653e-02
7.384931738896090281e-02
7.276090229796479403e-02
7.168604390420588168e-02
7.062707786052967174e-02
6.958583626067341155e-02
6.856431133803743416e-02
6.756364164075157053e-02
6.658263252026330736e-02
6.562261462827623237e-02
6.468363774189928028e-02
6.376298295643595404e-02
6.285931845377724925e-02
6.197289386996068100e-02
6.110484026205820207e-02
6.025580777323764209e-02
5.942685475057882249e-02
5.861829217909948070e-02
5.782860260967459531e-02
5.705560443105387597e-02
5.629721787518181253e-02
5.555275401182525191e-02
5.482176552957785526e-02
5.410347516178976024e-02
5.339829262614761984e-02
5.270774531987217071e-02
5.203332386392926778e-02
5.137592291320520338e-02
5.073599175968492719e-02
5.011314783728291339e-02
4.950584269713019514e-02
4.891195958934335675e-02
4.832939785824979378e-02
4.775673223370427434e-02
4.719348527661719472e-02
4.663993671238819694e-02
4.609721349147372776e-02
4.556672053010363960e-02
4.504866772840761951e-02
4.454120114540819492e-02
4.404161858762168508e-02
4.354830463116102918e-02
4.306123340242969111e-02
4.258109816128684277e-02
4.210845396393905760e-02
4.164352143891045938e-02
4.118630653613698095e-02
4.073662660918728889e-02
4.029417094535986399e-02
3.985859416225185498e-02
3.942949868578281974e-02
3.900642986692767072e-02
3.858882573103411540e-02
3.817605313758073993e-02
3.776771532248834884e-02
3.736381101388128873e-02
3.696444806696578406e-02
3.656953500413224339e-02
3.617884683035973992e-02
3.579230101370994149e-02
3.541017102522318882e-02
3.503309431832016957e-02
3.466184663767619273e-02
3.429709641736966574e-02
3.393926908132422621e-02
3.358848194906802892e-02
3.324457657213272105e-02
3.290722133075386219e-02
3.257602812541351978e-02
3.225060789509305581e-02
3.193055042316054332e-02
3.161542620088260425e-02
3.130483888706737244e-02
3.099847861947397851e-02
3.069614475563150688e-02
3.039774492423961277e-02
3.010329824204387508e-02
2.981293421850514033e-02
2.952685038602615927e-02
2.924521817226059112e-02
2.896809719945354564e-02
2.869543805608047032e-02
2.842714917915647663e-02
2.816314750602602265e-02
2.790338788824950692e-02
2.764789242919248394e-02
2.739674774970125848e-02
2.715004957699522145e-02
2.690783907171154232e-02
2.667006975923240722e-02
2.643660178505021635e-02
2.620722357078686740e-02
2.598168891970259117e-02
2.575974634709823213e-02
2.554117021329102219e-02
2.532579694142375951e-02
2.511354847045883798e-02
2.490442366043231492e-02
2.469846665276467790e-02
2.449574072131260882e-02
2.429629636841013421e-02
2.410012560436904441e-02
2.390714174891922852e-02
2.371720481082199850e-02
2.353015337772800669e-02
2.334581581328134745e-02
2.316402560579459632e-02
2.298463853571670532e-02
2.280754314873946129e-02
2.263266624242822253e-02
2.245997961627784617e-02
2.228949441759067382e-02
2.212123541350859840e-02
2.195520965953754247e-02
2.179138693651542016e-02
2.162970334637861688e-02
2.147008747954703284e-02
2.131248476558573676e-02
2.115685462746756673e-02
2.100314894332801219e-02
