1.000000000000000021e-03
1.010000000000000758e-01
2.010000000000001508e-01
3.010000000000002118e-01
4.010000000000003006e-01
5.010000000000003340e-01
6.010000000000004228e-01
7.010000000000005116e-01
8.010000000000006004e-01
9.010000000000006892e-01
1.001000000000000556e+00
1.100999999999989543e+00
1.200999999999978529e+00
1.300999999999967516e+00
1.400999999999956502e+00
1.500999999999945489e+00
1.600999999999934476e+00
1.700999999999923462e+00
1.800999999999912449e+00
1.900999999999901435e+00
2.000999999999890644e+00
2.100999999999879631e+00
2.200999999999868617e+00
2.300999999999857604e+00
2.400999999999846590e+00
2.500999999999835577e+00
2.600999999999824563e+00
2.700999999999813550e+00
2.800999999999802537e+00
2.900999999999791523e+00
3.000999999999780510e+00
3.100999999999769496e+00
3.200999999999758483e+00
3.300999999999747470e+00
3.400999999999736456e+00
3.500999999999725443e+00
3.600999999999714429e+00
3.700999999999703416e+00
3.800999999999692402e+00
3.900999999999681389e+00
4.000999999999670820e+00
4.100999999999704215e+00
4.200999999999737611e+00
4.300999999999771006e+00
4.400999999999804402e+00
4.500999999999837797e+00
4.600999999999871193e+00
4.700999999999904588e+00
4.800999999999937984e+00
4.900999999999971379e+00
5.001000000000004775e+00
5.101000000000038170e+00
5.201000000000071566e+00
5.301000000000104961e+00
5.401000000000138357e+00
5.501000000000171752e+00
5.601000000000205148e+00
5.701000000000238543e+00
5.801000000000271939e+00
5.901000000000305334e+00
6.001000000000338730e+00
6.101000000000372125e+00
6.201000000000405521e+00
6.301000000000438916e+00
6.401000000000472312e+00
6.501000000000505707e+00
6.601000000000539103e+00
6.701000000000572498e+00
6.801000000000605894e+00
6.901000000000639290e+00
7.001000000000672685e+00
7.101000000000706081e+00
7.201000000000739476e+00
7.301000000000772872e+00
7.401000000000806267e+00
7.501000000000839663e+00
7.601000000000873058e+00
7.701000000000906454e+00
7.801000000000939849e+00
7.901000000000973245e+00
8.001000000001004864e+00
8.101000000000949441e+00
8.201000000000894019e+00
8.301000000000838597e+00
8.401000000000783174e+00
8.501000000000727752e+00
8.601000000000672330e+00
8.701000000000616907e+00
8.801000000000561485e+00
8.901000000000506063e+00
9.001000000000450640e+00
9.101000000000395218e+00
9.201000000000339796e+00
9.301000000000284373e+00
9.401000000000228951e+00
9.501000000000173529e+00
9.601000000000118106e+00
9.701000000000062684e+00
9.801000000000007262e+00
9.900999999999951839e+00
1.000099999999989642e+01
1.010099999999984099e+01
1.020099999999978557e+01
1.030099999999973015e+01
1.040099999999967473e+01
1.050099999999961931e+01
1.060099999999956388e+01
1.070099999999950846e+01
1.080099999999945304e+01
1.090099999999939762e+01
1.100099999999934219e+01
1.110099999999928677e+01
1.120099999999923135e+01
1.130099999999917593e+01
1.140099999999912050e+01
1.150099999999906508e+01
1.160099999999900966e+01
1.170099999999895424e+01
1.180099999999889882e+01
1.190099999999884339e+01
1.200099999999878797e+01
1.210099999999873255e+01
1.220099999999867713e+01
1.230099999999862170e+01
1.240099999999856628e+01
1.250099999999851086e+01
1.260099999999845544e+01
1.270099999999840001e+01
1.280099999999834459e+01
1.290099999999828917e+01
1.300099999999823375e+01
1.310099999999817832e+01
1.320099999999812290e+01
1.330099999999806748e+01
1.340099999999801206e+01
1.350099999999795664e+01
1.360099999999790121e+01
1.370099999999784579e+01
1.380099999999779037e+01
1.390099999999773495e+01
1.400099999999767952e+01
1.410099999999762410e+01
1.420099999999756868e+01
1.430099999999751326e+01
1.440099999999745783e+01
1.450099999999740241e+01
1.460099999999734699e+01
1.470099999999729157e+01
1.480099999999723615e+01
1.490099999999718072e+01
1.500099999999712530e+01
1.510099999999706988e+01
1.520099999999701446e+01
1.530099999999695903e+01
1.540099999999690361e+01
1.550099999999684819e+01
1.560099999999679277e+01
1.570099999999673734e+01
1.580099999999668192e+01
1.590099999999662650e+01
1.600099999999657285e+01
1.610099999999669507e+01
1.620099999999681728e+01
1.630099999999693949e+01
1.640099999999706171e+01
1.650099999999718392e+01
1.660099999999730613e+01
1.670099999999742835e+01
1.680099999999755056e+01
1.690099999999767277e+01
1.700099999999779499e+01
1.710099999999791720e+01
1.720099999999803941e+01
1.730099999999816163e+01
1.740099999999828384e+01
1.750099999999840605e+01
1.760099999999852827e+01
1.770099999999865048e+01
1.780099999999877269e+01
1.790099999999889491e+01
1.800099999999901712e+01
1.810099999999913933e+01
1.820099999999926155e+01
1.830099999999938376e+01
1.840099999999950597e+01
1.850099999999962819e+01
1.860099999999975040e+01
1.870099999999987261e+01
1.880099999999999483e+01
1.890100000000011704e+01
1.900100000000023925e+01
1.910100000000036147e+01
1.920100000000048368e+01
1.930100000000060589e+01
1.940100000000072811e+01
1.950100000000085032e+01
1.960100000000097253e+01
1.970100000000109475e+01
1.980100000000121696e+01
1.990100000000133917e+01
