-7.311096811291051267e-04
-7.339906424735920254e-04
-7.407091820177402752e-04
-7.469653704322842813e-04
-7.650604692821527664e-04
-7.539644153314872810e-04
-7.714921940876751094e-04
-7.771679753493243581e-04
-7.849578271545976094e-04
-7.945707029555215684e-04
-8.084383737588796137e-04
-8.415674320610966319e-04
-8.539335897006505860e-04
-8.765873476535013253e-04
-8.990617010040669044e-04
-9.326394493081036074e-04
-9.592032739758060700e-04
-9.898277918279907439e-04
-1.024296171006633394e-03
-1.062124123152319299e-03
-1.102863981639057300e-03
-1.145509993416560235e-03
-1.188072968311137956e-03
-1.261905846663968767e-03
-1.306037324622089102e-03
-1.348516999566395924e-03
-1.389612803687212406e-03
-1.430265484866910519e-03
-1.494428069473419107e-03
-1.542181369176831573e-03
-1.591842154868849946e-03
-1.645642655340173732e-03
-1.710619502978683037e-03
-1.819778651490633337e-03
-1.958145807515188075e-03
-2.166887653518023704e-03
-2.455368682083292065e-03
-2.790224595386470163e-03
-3.102490214554332049e-03
-3.346320409089442727e-03
-3.545969631424394919e-03
-3.790098993095014634e-03
-4.193821283554610702e-03
-4.796793832848034178e-03
-5.519631438494210229e-03
-6.277454372732860222e-03
-7.138879861437463781e-03
-8.270695471393474385e-03
-9.738138425904874218e-03
-1.153988902966029961e-02
-1.340194161487950897e-02
-1.483471040088224502e-02
-1.554596062744439955e-02
-1.546643907532341267e-02
-1.481637208673725059e-02
-1.392100588520905902e-02
-1.306702253234259814e-02
-1.237094049219567005e-02
-1.184687135741269159e-02
-1.153219708160957424e-02
-1.148873431738861584e-02
-1.170495548762084947e-02
-1.205512363394722897e-02
-1.234071395375679892e-02
-1.240719043812954503e-02
-1.229615246640947124e-02
-1.217943244671837455e-02
-1.222254832829172688e-02
-1.239349005345558030e-02
-1.262730124450273106e-02
-1.272950427656793781e-02
-1.255463447849547443e-02
-1.227943138026876824e-02
-1.207563687750934367e-02
-1.200566100359456989e-02
-1.187990267197125416e-02
-1.166671960448062428e-02
-1.147744771735903502e-02
-1.133589497298581605e-02
-1.123753470616550842e-02
-1.111195467780323742e-02
-1.095263280082026114e-02
-1.081944526629130543e-02
-1.067417490575872652e-02
-1.050416978903845333e-02
-1.031920906620353851e-02
-1.011047040201662472e-02
-9.908726640500686855e-03
-9.709978746663683324e-03
-9.492069498573396658e-03
-9.295139610024372168e-03
-9.121707360407182996e-03
-8.952853972538088456e-03
-8.775044640446649780e-03
-8.587260131732998847e-03
-8.393258727736052638e-03
-8.187002356260797420e-03
-7.989136639734162326e-03
-7.810079555414795038e-03
-7.655288096382328877e-03
-7.514678287863507666e-03
-7.376552931426250126e-03
-7.246262799034952629e-03
-7.120046978205396560e-03
-6.982204126586288861e-03
-6.827662303116044384e-03
-6.661030314158988830e-03
-6.487874044981689625e-03
-6.313028100113360352e-03
-6.148226112251409248e-03
-6.002925305233219877e-03
-5.879605911925100958e-03
-5.775113280398480597e-03
-5.679875926367650152e-03
-5.585611199447615416e-03
-5.484407969130744576e-03
-5.368589591409067552e-03
-5.241963337170030268e-03
-5.123601604949123978e-03
-5.031544463116044419e-03
-4.963571121126275631e-03
-4.903175670444015477e-03
-4.837593759660085979e-03
-4.764888554407986643e-03
-4.688424933577128861e-03
-4.610983767645848719e-03
-4.534393446858908661e-03
-4.460485062723895666e-03
-4.389897615732218927e-03
-4.322974449952332598e-03
-4.260306894161847158e-03
-4.202577828807396720e-03
-4.151141176758632589e-03
-4.105469567548813981e-03
-4.061667072494112851e-03
-4.016624873155738573e-03
-3.971256374829534863e-03
-3.927866923020273404e-03
-3.886488245237462724e-03
-3.844400863761698872e-03
-3.797562166597823197e-03
-3.743178337900499031e-03
-3.681259618873444772e-03
-3.613695465469468626e-03
-3.543363576580249585e-03
-3.473359050203128628e-03
-3.405995645619497303e-03
-3.342402068617911226e-03
-3.282700295655083256e-03
-3.226945016816806788e-03
-3.175445676566190922e-03
-3.128182009398683405e-03
-3.084521851035026963e-03
-3.043428461021319142e-03
-3.003800785883470326e-03
-2.964558304844461256e-03
-2.924553868830642722e-03
-2.882797996234254256e-03
-2.839013074115714907e-03
-2.793982318918114549e-03
-2.748982753510847976e-03
-2.704802583040899489e-03
-2.661549988500211406e-03
-2.618990857544689632e-03
-2.576589741305063130e-03
-2.533594660396321085e-03
-2.489567673985559892e-03
-2.444769494486243033e-03
-2.399964144330496429e-03
-2.356096899261417299e-03
-2.314042474638178248e-03
-2.274333287196478315e-03
-2.237155805735052683e-03
-2.202425873676361334e-03
-2.169701813298230419e-03
-2.138207854749524239e-03
-2.107068889319052563e-03
-2.075664308896774113e-03
-2.043685431808717201e-03
-2.011065963872932238e-03
-1.978158665184859277e-03
-1.945730385092409032e-03
-1.914498170899059382e-03
-1.884807542224670174e-03
-1.856792015246522265e-03
-1.830502007308526524e-03
-1.805791621626445798e-03
-1.782370549787554159e-03
-1.759886042798641803e-03
-1.737918474346844544e-03
-1.716010040595655761e-03
-1.693868397965175854e-03
-1.671519614065281045e-03
-1.649268482173393835e-03
-1.627514843879906969e-03
-1.606491168284346349e-03
-1.586120236419380491e-03
-1.566196508689249312e-03
-1.546679064445138918e-03
-1.527739250908183299e-03
