0.0485188107075 
0.0485188107075 
0.00308008590677 
0.00308008590677 
0.00308008590677 
0.00308008590677 
0.00389813564181 
0.00389813564181 
0.00389813564181 
0.00389813564181 
0.00389813564181 
0.00389813564181 
0.00389813564181 
0.00389813564181 
0.00389813564181 
0.00389813564181 
0.00389813564181 
0.00389813564181 
0.00389813564181 
0.00389813564181 
0.00389813564181 
0.00389813564181 
0.00389813564181 
0.00389813564181 
0.00389813564181 
0.00389813564181 
0.0225451827795 
0.0225451827795 
0.10706654649 
0.00389813564181 
0.00389813564181 
0.139861502372 
0.139861502372 
0.00389813564181 
0.00389813564181 
0.65409310553 
2.27771112483 
0.0292564612875 
0.211454558761 
0.0313178458451 
0.00295870584933 
0.65409310553 
2.27771112483 
0.0292564612875 
0.211454558761 
0.0313178458451 
0.00295870584933 
0.65409310553 
2.27771112483 
0.0292564612875 
0.211454558761 
0.0313178458451 
0.00295870584933 
0.201475485635 
0.0291696406071 
0.00227201805886 
0.65409310553 
2.27771112483 
0.0292564612875 
0.211454558761 
0.0313178458451 
0.00295870584933 
0.201475485635 
0.0291696406071 
0.00227201805886 
0.65409310553 
2.27771112483 
0.0292564612875 
0.211454558761 
0.65409310553 
2.27771112483 
0.0292564612875 
0.211454558761 
0.0313178458451 
0.00295870584933 
0.201475485635 
0.0291696406071 
0.00227201805886 
