2.212755035000000259e+00
2.277544139000000190e+00
2.235375948000000168e+00
2.111847014999999939e+00
2.253835083000000239e+00
2.226999261000000008e+00
2.324889568000000128e+00
2.271514677999999954e+00
2.197024311000000285e+00
2.300152828999999954e+00
2.139570841999999917e+00
2.194907275000000269e+00
2.283366576000000148e+00
2.095880248999999917e+00
2.218266131000000030e+00
2.377245604000000068e+00
2.279919554000000126e+00
2.305687452000000359e+00
2.357136559000000187e+00
2.179483296999999986e+00
2.182887927999999977e+00
2.221806149999999924e+00
2.257914117000000331e+00
2.141512035000000314e+00
2.184945936000000088e+00
2.300412118000000117e+00
2.224455915000000061e+00
2.282914562000000203e+00
2.235368522000000358e+00
2.091607620000000001e+00
2.232816750000000017e+00
2.145272496000000029e+00
2.348457440000000229e+00
2.213758402000000292e+00
2.166294128000000097e+00
2.275181844000000009e+00
2.228107120000000219e+00
2.382192340000000019e+00
2.281796681999999965e+00
2.219869862999999999e+00
2.323424007000000291e+00
2.110863117000000067e+00
2.219805766000000347e+00
2.268634469000000209e+00
2.124929402000000245e+00
2.232506015000000232e+00
2.294953140000000058e+00
2.358215013000000138e+00
2.394699645000000210e+00
2.295043097000000198e+00
2.349162551000000043e+00
2.124182183000000279e+00
2.251173730000000095e+00
2.320425166000000150e+00
2.192806170999999971e+00
2.243260001000000337e+00
2.262747807000000222e+00
2.372994970000000148e+00
2.335815377999999942e+00
2.265151352000000173e+00
2.329430939999999950e+00
2.129808549999999912e+00
2.276657628000000155e+00
2.276132178000000117e+00
2.114721842000000240e+00
2.171352905000000000e+00
2.278717837000000301e+00
2.197738434000000129e+00
2.302400659999999988e+00
2.249748322999999939e+00
2.210842302000000092e+00
2.432538483000000085e+00
2.450731109999999990e+00
2.533543842000000268e+00
2.431435415000000155e+00
2.393352051000000369e+00
2.477311815000000195e+00
2.311836409000000092e+00
2.319228532999999981e+00
2.272138680999999938e+00
2.134081343000000075e+00
1.384041586000000157e+00
1.456356262000000124e+00
1.453381265000000200e+00
1.451113665000000053e+00
1.486790471000000169e+00
1.459413067000000064e+00
1.431118622000000062e+00
1.421150303000000115e+00
1.400822451000000024e+00
1.426925270000000134e+00
1.392368602000000122e+00
1.412134855000000133e+00
1.390827719000000018e+00
1.395683840000000009e+00
1.479733130000000063e+00
1.507181816000000119e+00
1.484714002000000033e+00
1.471586665000000016e+00
1.451693259000000014e+00
1.472365057000000199e+00
1.439400787000000070e+00
1.406325304000000109e+00
1.374486953999999983e+00
1.398161954000000096e+00
1.413927456000000138e+00
1.382010765000000196e+00
1.484574972000000104e+00
1.460224372000000104e+00
1.458264690000000030e+00
1.474145225000000003e+00
1.453010013000000100e+00
1.418402447000000066e+00
1.386736785000000083e+00
1.411279654000000106e+00
1.406345216000000065e+00
1.384902773000000087e+00
1.502677955000000010e+00
1.513004350000000109e+00
1.476164613000000125e+00
1.455132953000000118e+00
1.451746999000000038e+00
1.476956300000000111e+00
1.450728537000000040e+00
1.475126095000000026e+00
1.473419060000000114e+00
1.457119274000000075e+00
1.418976318000000125e+00
1.393692181000000030e+00
1.381924069000000088e+00
1.394866716000000118e+00
1.383094903000000153e+00
1.495399070000000163e+00
1.454335094000000161e+00
1.482938357000000096e+00
1.488469659000000167e+00
1.463257824000000040e+00
1.486015478000000112e+00
1.455908052000000064e+00
1.517503660000000032e+00
1.415959013000000155e+00
1.379777728000000092e+00
1.446488943000000083e+00
1.398823506000000050e+00
1.484618574000000191e+00
1.483832004000000149e+00
1.460222749000000153e+00
1.504439502000000095e+00
1.470183035000000027e+00
1.466830029000000035e+00
1.466330990000000112e+00
1.450096117000000184e+00
1.475262006000000126e+00
1.426248581000000071e+00
1.439592849000000063e+00
1.481786998000000022e+00
1.454963477000000172e+00
1.407308421000000198e+00
1.389388424000000066e+00
1.371769540000000065e+00
1.398686324000000036e+00
1.642365523000000049e+00
1.545246341000000134e+00
1.382725653000000055e+00
2.059865858000000216e+00
1.406784766000000131e+00
1.395664359000000188e+00
1.448650614000000170e+00
1.485060623000000080e+00
1.453178362000000057e+00
1.487325459000000016e+00
1.491172888000000141e+00
1.459765488000000166e+00
1.508104208000000002e+00
1.456055728000000160e+00
1.457445123000000065e+00
1.450181457000000007e+00
1.436893091000000178e+00
1.475613769000000186e+00
1.457857402999999996e+00
1.490305457000000056e+00
1.483638616000000132e+00
1.433552895000000049e+00
1.430672585000000163e+00
1.376402268000000095e+00
1.404305461000000088e+00
1.398426047000000061e+00
1.426139059000000042e+00
1.474197411000000013e+00
1.672440659000000052e+00
1.424101183000000104e+00
1.468557531000000083e+00
1.385112102999999983e+00
1.926451443000000152e+00
2.131168660000000159e+00
1.537437148000000198e+00
1.375234049000000125e+00
1.434319835000000154e+00
1.386455183000000035e+00
1.454336184000000198e+00
1.475685179000000069e+00
1.430380311000000182e+00
1.378630792000000049e+00
1.977477780000000074e+00
1.997997359000000195e+00
1.372951788000000173e+00
1.388571850000000163e+00
1.379142250000000125e+00
1.373965153000000106e+00
1.431616986000000091e+00
1.384594524000000160e+00
1.404555733000000028e+00
1.448313770000000167e+00
1.457789421000000196e+00
1.460475371000000022e+00
1.437675197999999988e+00
1.476050303000000063e+00
1.381416274000000000e+00
1.397172312000000138e+00
1.423919109000000072e+00
1.399450762000000070e+00
1.417662461000000151e+00
1.446803298000000071e+00
1.447944597000000000e+00
1.479014269000000104e+00
1.496511607000000188e+00
1.481933561000000177e+00
1.373555685000000137e+00
1.479275234000000161e+00
1.479714233000000156e+00
1.440837491999999997e+00
1.474580313000000142e+00
1.457760002000000110e+00
1.460285915000000045e+00
1.466743626000000189e+00
1.431944070999999985e+00
1.456427267000000025e+00
1.369622169000000111e+00
1.374374156000000013e+00
1.406670034000000014e+00
1.375252371000000196e+00
1.402078874000000086e+00
1.431500349000000005e+00
1.452558241000000194e+00
1.464210785000000126e+00
1.444042287000000035e+00
1.519246535000000176e+00
1.437779911000000022e+00
1.380199871000000078e+00
1.414170507000000132e+00
1.381997709000000185e+00
1.420393632000000128e+00
1.486428822000000149e+00
1.472791655000000199e+00
1.509867449000000139e+00
1.453686106000000144e+00
1.387518173000000132e+00
1.383580946000000145e+00
1.409249587999999997e+00
1.438092134000000133e+00
1.386054946000000010e+00
1.412114492000000165e+00
1.394945294000000002e+00
1.390987807000000132e+00
1.374359470999999999e+00
1.369051178000000091e+00
1.397388681000000021e+00
1.610094121000000156e+00
1.434786208000000007e+00
1.430787458000000179e+00
1.404807403000000177e+00
2.072524162000000114e+00
2.391569921999999959e+00
2.265255361000000356e+00
2.434006616000000012e+00
2.360800298000000019e+00
2.398936799999999980e+00
2.334098356000000152e+00
2.339363069000000017e+00
2.340233619000000154e+00
2.242155702000000250e+00
2.348807709000000354e+00
2.369996647000000234e+00
2.404248528000000107e+00
2.457622461000000147e+00
2.365659398000000024e+00
2.354846761000000122e+00
2.379200144000000350e+00
2.261203067999999927e+00
2.391880518000000233e+00
2.374930707999999946e+00
2.346295459000000250e+00
2.366121908000000218e+00
2.367871775000000234e+00
2.413271851000000190e+00
2.298410683000000176e+00
2.347000849000000056e+00
2.257028406999999959e+00
2.209751438000000068e+00
1.437279592000000106e+00
1.463054921000000119e+00
1.441836998000000092e+00
1.394689755000000142e+00
1.455948343000000200e+00
1.442567916000000006e+00
1.468546268000000099e+00
1.426340927000000036e+00
1.374523684000000134e+00
1.455250998999999990e+00
1.426935151000000124e+00
1.468677884000000100e+00
1.456450785999999997e+00
1.444632438000000185e+00
1.466175106000000117e+00
1.448191275000000111e+00
1.445274399000000098e+00
1.443600611000000145e+00
1.434300244000000113e+00
1.445360576999999980e+00
1.432950934000000176e+00
1.502364051000000034e+00
1.499605243000000199e+00
1.419787720000000197e+00
1.459972707000000147e+00
1.430166878000000086e+00
1.429665712000000033e+00
1.434550184000000117e+00
1.389153042000000005e+00
1.401896962000000135e+00
1.371485980000000104e+00
1.422127589000000025e+00
1.374248621000000004e+00
1.441180027000000141e+00
1.435106112000000156e+00
1.440220282000000074e+00
1.459529530000000186e+00
1.441863061000000057e+00
1.394514448000000018e+00
1.379495231000000155e+00
1.377371928000000079e+00
1.388736751000000158e+00
1.448993654000000131e+00
1.470318243999999996e+00
1.478194007000000143e+00
1.461158917000000113e+00
1.438731303000000183e+00
1.433423185000000100e+00
1.374236075000000001e+00
1.368988026000000024e+00
1.455693471000000017e+00
1.437478090000000153e+00
1.476221993000000010e+00
1.375118330000000055e+00
1.378018484000000043e+00
1.373971221000000131e+00
1.430912010999999984e+00
1.466720852000000130e+00
1.367570049000000010e+00
1.400825716000000165e+00
1.374246830000000141e+00
1.382107128000000129e+00
1.372214237999999975e+00
1.385197920000000193e+00
1.412616947000000067e+00
1.435282846000000001e+00
1.479738032000000203e+00
1.467849936999999994e+00
1.438736871000000139e+00
1.417212455000000038e+00
1.421592330000000182e+00
1.451031271000000178e+00
1.427262213000000113e+00
1.389656635000000140e+00
1.374930436000000089e+00
1.379100898999999991e+00
1.369766958000000034e+00
1.365711914000000027e+00
1.449876509000000091e+00
1.422922651000000149e+00
1.453594967999999987e+00
1.432148720000000042e+00
1.416570738000000107e+00
1.421083484000000174e+00
1.415797770000000178e+00
1.469406698000000011e+00
1.427340213999999996e+00
1.459266803000000001e+00
1.393241535000000031e+00
1.435094716000000048e+00
1.423556672999999995e+00
1.428135707000000032e+00
1.444884339999999989e+00
1.372947386000000103e+00
1.417255437000000118e+00
1.378009301000000075e+00
1.369616514000000063e+00
1.443898367000000071e+00
1.370817971999999996e+00
1.464518419000000016e+00
1.431475393000000151e+00
1.465235253999999987e+00
1.434396694000000139e+00
1.455329424000000094e+00
1.427198871000000091e+00
1.454966879000000102e+00
1.439587377000000057e+00
1.430612720000000060e+00
1.407094530000000177e+00
1.363990746000000032e+00
1.394840536000000020e+00
1.422375507000000150e+00
1.404497564000000143e+00
1.379122834000000131e+00
1.378835998000000007e+00
1.368700188000000040e+00
1.405056068000000158e+00
1.444417908000000139e+00
1.396758804000000076e+00
1.402043307000000016e+00
1.375203337000000081e+00
1.464504304000000090e+00
1.420445275000000063e+00
1.402197276000000103e+00
2.228599106000000329e+00
2.299223990000000217e+00
2.220801307000000335e+00
2.313110087000000092e+00
2.296828048000000067e+00
1.866450150000000141e+00
1.415341940000000021e+00
1.412450909000000143e+00
1.371800517000000053e+00
1.430964434000000063e+00
1.434247504000000006e+00
1.442631139000000173e+00
1.458516126999999996e+00
1.437802157000000136e+00
1.400902442000000026e+00
1.366303427000000070e+00
1.443228942000000181e+00
1.465103237000000114e+00
1.442107967000000102e+00
2.440903183000000087e+00
2.407473910000000217e+00
2.252546199000000193e+00
2.321035944000000129e+00
2.373901237000000108e+00
2.335406623999999987e+00
2.285705083999999943e+00
2.351139664000000185e+00
2.354414918000000245e+00
2.480388596000000057e+00
2.397158531000000092e+00
2.326295448000000210e+00
2.391329086000000270e+00
2.234774021000000221e+00
2.353630617999999952e+00
2.301269043000000014e+00
2.202522563000000044e+00
2.373145394000000241e+00
2.344432215999999958e+00
2.517766030000000210e+00
2.440265453000000306e+00
2.256829332000000132e+00
2.338269425000000012e+00
2.228299983999999956e+00
2.389965006000000169e+00
2.261300708000000270e+00
2.282735664000000053e+00
2.466621625000000151e+00
2.428180894000000034e+00
2.449790778000000113e+00
2.092760318000000286e+00
1.435060512000000177e+00
1.477002114000000033e+00
1.421068533000000134e+00
1.444875738000000132e+00
1.428550690000000012e+00
1.411789383999999981e+00
1.374568249000000186e+00
1.424792911000000162e+00
1.426410123000000141e+00
1.373515811000000086e+00
1.419692695000000171e+00
1.389867160000000101e+00
1.401179598000000137e+00
1.370795082000000109e+00
1.398337297000000090e+00
1.369687433000000176e+00
1.434193082000000175e+00
1.370196917999999986e+00
1.398599310000000040e+00
1.432692335000000039e+00
1.426056812000000118e+00
1.441314085000000134e+00
1.424876895000000143e+00
1.469171833000000094e+00
1.424271504000000022e+00
1.433485459999999989e+00
1.437875000000000014e+00
1.474973604000000105e+00
1.422127469000000088e+00
1.415454711000000199e+00
1.437816219000000117e+00
1.470284855000000057e+00
1.456743702000000029e+00
1.415684291000000039e+00
1.374240488000000093e+00
1.383591855000000148e+00
1.378922176000000110e+00
1.397350717999999992e+00
1.391659517999999984e+00
1.432110172000000015e+00
1.393435224000000083e+00
1.365590831000000005e+00
1.377447794000000059e+00
1.393908420000000037e+00
1.424129374000000059e+00
1.428735443000000105e+00
1.452894627000000050e+00
1.423407640000000196e+00
1.437753701000000106e+00
1.489408865999999998e+00
1.437699217000000029e+00
1.516257999000000023e+00
1.454527117000000036e+00
1.458500558000000114e+00
1.412101022000000095e+00
1.418712958000000190e+00
1.398591405999999981e+00
1.387185785000000005e+00
1.420889227000000199e+00
1.420459757000000156e+00
1.461281417000000138e+00
2.248374940000000155e+00
2.234873073000000154e+00
1.428981439000000186e+00
2.098248325000000136e+00
2.441696303000000068e+00
2.395876032999999961e+00
2.298950250999999945e+00
2.324092453000000003e+00
2.220749073999999990e+00
2.359228784000000356e+00
1.432689287000000089e+00
1.539824841000000166e+00
1.432229825000000067e+00
1.455272391000000054e+00
1.441235751000000009e+00
1.458621836000000060e+00
1.433201184000000072e+00
1.439714110000000158e+00
1.434561915000000187e+00
1.429754112999999993e+00
1.455587584000000101e+00
1.403461997000000183e+00
1.404590410000000178e+00
1.391551419000000012e+00
1.374693251000000060e+00
1.377709102000000074e+00
1.360478154000000162e+00
1.425621765000000041e+00
1.444437866000000126e+00
1.428642774000000060e+00
1.439608676000000198e+00
1.444261226000000065e+00
1.430769715000000053e+00
1.365127238999999992e+00
1.396557314000000050e+00
1.405120638000000088e+00
1.418021251000000094e+00
1.403374635000000037e+00
1.389789466000000084e+00
1.426893838000000025e+00
1.427394213999999995e+00
1.440202363000000041e+00
1.428578440000000116e+00
1.442441282000000102e+00
1.447647618000000191e+00
1.426382456000000021e+00
1.440454692000000092e+00
1.402195623000000113e+00
1.458826565000000075e+00
1.486064305000000196e+00
1.508134510000000095e+00
1.440444580000000085e+00
1.445758207999999989e+00
1.390323864000000187e+00
1.408036546000000167e+00
1.407041498000000113e+00
1.371880541000000120e+00
1.405970398000000010e+00
1.375477657000000020e+00
1.381161409000000173e+00
1.374771829000000167e+00
1.390087602000000144e+00
1.403699318000000140e+00
1.360853062999999974e+00
1.394262686000000029e+00
1.365532267000000077e+00
1.457929898000000168e+00
1.440913161000000109e+00
1.434989216000000178e+00
1.444900202000000133e+00
1.442370039000000048e+00
1.456277653000000116e+00
1.423581265000000151e+00
1.381517137000000117e+00
1.382236724000000194e+00
1.368115273000000132e+00
1.399601441000000168e+00
1.369938292000000057e+00
1.461667451000000062e+00
1.426037605000000097e+00
1.405607771999999978e+00
1.440089912000000139e+00
1.438507754000000194e+00
1.451466670000000070e+00
1.432050684000000018e+00
1.415453953000000098e+00
1.468617820000000185e+00
1.454443725000000187e+00
1.461743979000000193e+00
1.453280101000000046e+00
1.421857498000000053e+00
1.438550411000000029e+00
1.371572043000000019e+00
1.446315526000000018e+00
1.416108949000000061e+00
1.416948018000000031e+00
1.431153880000000100e+00
1.393684136000000073e+00
1.395938538000000007e+00
1.368486771000000157e+00
1.380413237000000182e+00
1.376924822000000104e+00
1.422744259999999983e+00
1.478416586000000033e+00
1.445401072000000120e+00
1.440825683000000135e+00
1.450955053000000161e+00
1.466533551000000157e+00
1.446528460999999988e+00
1.418546033000000151e+00
1.435634876000000171e+00
1.427682368000000146e+00
1.425369295000000092e+00
1.475889833000000095e+00
1.433163936000000138e+00
2.285790484000000067e+00
2.483772164999999976e+00
1.461101465000000044e+00
1.435851476000000071e+00
1.423078943000000152e+00
1.409566304000000159e+00
1.370232364000000036e+00
1.415506417000000017e+00
1.377945356000000121e+00
1.400081887000000025e+00
1.388490480000000193e+00
1.386462578000000168e+00
1.390298603000000188e+00
1.377770891000000164e+00
1.568467750000000160e+00
1.491523733000000185e+00
1.399430078000000188e+00
1.467675630000000009e+00
1.431844584000000031e+00
1.452989446999999990e+00
1.446333087000000184e+00
1.439177333000000170e+00
1.502662669000000006e+00
2.500756265000000145e+00
1.520174495000000014e+00
1.457758944000000056e+00
1.445966111000000165e+00
1.446533112000000010e+00
1.445255314000000180e+00
1.428687550000000028e+00
1.450397771000000002e+00
1.429280099000000082e+00
1.438960118000000010e+00
1.450491112999999999e+00
1.436864913000000188e+00
1.460003134000000147e+00
1.446475195000000102e+00
1.448450114999999983e+00
1.422952466999999999e+00
1.395187657000000137e+00
1.414005068000000032e+00
1.444734147999999996e+00
1.454656335000000134e+00
1.458593589999999995e+00
1.461807591000000128e+00
1.499212115000000178e+00
1.425694949000000156e+00
1.868456257000000065e+00
2.350692009000000304e+00
2.228858938000000123e+00
2.381473281000000330e+00
2.246603427000000153e+00
2.217448684999999919e+00
2.376694345000000208e+00
2.372393982000000179e+00
2.463323925000000081e+00
2.345854110999999964e+00
2.306185055000000261e+00
2.370363945000000250e+00
2.232736746000000050e+00
2.418935339000000351e+00
2.313347215999999928e+00
1.561929808000000142e+00
1.983965926000000213e+00
1.457212983000000017e+00
1.429876403000000185e+00
1.416437617000000149e+00
1.405385120000000043e+00
1.393885927999999996e+00
1.402951914000000189e+00
1.372613846999999998e+00
1.398176319000000056e+00
1.369827415000000048e+00
1.393611319999999987e+00
1.402570996000000125e+00
1.390739649999999994e+00
1.385069188000000118e+00
1.372454427000000088e+00
1.388205083000000117e+00
1.396425792000000055e+00
1.447228366000000044e+00
1.454586076000000006e+00
1.377389336000000020e+00
1.472983250000000188e+00
1.444713580000000164e+00
1.450352194000000150e+00
1.434855354000000194e+00
1.456272258000000042e+00
1.430782727000000198e+00
1.441913663000000012e+00
1.453067548000000153e+00
1.472519618000000197e+00
1.460525519000000161e+00
1.474528857999999998e+00
1.446884428000000167e+00
1.451053185000000134e+00
1.397823470000000068e+00
1.378410083999999980e+00
1.398200982000000092e+00
1.387690014000000138e+00
1.393820948000000115e+00
1.412008884000000020e+00
1.418025170000000168e+00
1.458421367000000135e+00
1.381906811000000124e+00
1.388115884000000078e+00
1.395131150000000098e+00
1.408862139000000013e+00
1.418844863000000123e+00
1.374846987000000187e+00
1.414437185000000152e+00
1.424840800000000129e+00
1.424930010000000191e+00
1.455755137000000143e+00
1.431461967000000168e+00
1.457294234999999993e+00
1.430469651000000120e+00
1.448422153000000101e+00
1.478399729000000162e+00
1.383065017000000063e+00
1.438138948000000195e+00
1.391225281000000091e+00
1.397471933000000055e+00
1.411555821000000099e+00
1.422623060000000050e+00
1.527817259000000094e+00
1.463083007000000046e+00
1.460045066000000169e+00
1.440659369000000023e+00
1.448374197000000141e+00
1.448971646000000169e+00
1.454561503000000089e+00
1.472805574000000117e+00
1.450036212000000102e+00
1.442238138000000003e+00
1.465927983000000046e+00
1.444127038000000196e+00
1.427071784000000010e+00
1.367706521000000119e+00
1.393408084000000047e+00
1.373298498000000034e+00
2.120527291000000147e+00
2.282776971000000099e+00
2.352553915000000107e+00
2.363646405999999978e+00
2.364082916000000090e+00
2.251177504000000162e+00
2.308945104000000192e+00
2.127699107000000200e+00
1.376944822000000013e+00
1.402451408999999982e+00
1.442614754000000055e+00
1.396042062000000028e+00
1.488104605000000191e+00
1.440836013000000193e+00
1.478928670000000167e+00
1.467757983000000044e+00
1.473378875000000088e+00
1.451588513999999996e+00
1.475121432999999982e+00
1.902512427000000228e+00
1.593970034000000036e+00
1.487070973000000018e+00
1.462553532000000045e+00
1.503243621000000196e+00
1.562498292000000122e+00
1.463143191999999981e+00
1.391630807000000081e+00
1.401632941000000132e+00
1.383249706000000190e+00
1.401413420999999992e+00
1.380413557000000013e+00
1.383906814000000152e+00
1.461598741000000201e+00
1.550196674000000163e+00
1.464468307000000191e+00
1.461304487000000041e+00
1.466550034000000169e+00
1.458579342000000167e+00
1.386243768000000154e+00
1.379993431000000159e+00
1.385932483000000159e+00
1.383661268000000000e+00
1.398857690000000042e+00
1.409365844000000090e+00
1.455336950000000185e+00
1.532065479000000119e+00
1.477292468000000136e+00
1.446249502000000131e+00
1.446782473000000069e+00
1.464491584999999985e+00
1.491758341000000154e+00
1.465251182000000041e+00
1.466111553000000178e+00
1.452934088000000123e+00
1.393895902000000131e+00
1.394469285000000003e+00
1.413026525000000033e+00
1.392793657000000129e+00
1.382607506000000042e+00
1.388132413000000120e+00
1.448112751000000031e+00
1.413522464000000145e+00
1.422796118000000165e+00
1.393810414000000053e+00
1.383012461000000082e+00
1.400275980000000198e+00
1.408775841000000195e+00
1.455435356000000180e+00
1.500118876000000157e+00
1.458383706000000002e+00
1.469915202000000143e+00
1.471853560000000005e+00
1.491953312000000142e+00
1.467417677000000031e+00
1.463972425999999993e+00
1.467448622000000036e+00
1.485326083000000130e+00
1.461822289000000108e+00
1.402653955999999980e+00
1.415205686000000185e+00
1.426482170000000105e+00
1.427579156000000182e+00
1.385924083000000140e+00
1.466495124000000150e+00
1.458299764000000165e+00
1.438625757000000061e+00
1.449769429000000054e+00
1.449236117000000101e+00
1.389601705000000020e+00
1.475508127000000114e+00
1.447773256000000064e+00
1.395722883999999997e+00
1.385932072999999987e+00
1.418564951000000018e+00
1.400965527000000099e+00
1.401212412000000018e+00
1.477481182000000004e+00
1.437236530000000068e+00
1.408338529000000117e+00
1.422318234000000015e+00
1.409543895000000102e+00
1.408775629000000196e+00
1.442182853000000042e+00
1.451756062000000069e+00
1.411109437000000133e+00
1.471472196999999982e+00
1.479578892000000145e+00
1.458071086999999988e+00
1.403659030000000030e+00
1.490358581000000182e+00
1.444384855000000023e+00
1.540018031000000009e+00
1.631286415000000156e+00
1.458351056000000145e+00
2.383016646000000183e+00
2.220601230000000204e+00
2.079298542000000083e+00
1.520087500000000036e+00
2.090071758000000113e+00
1.464780498000000097e+00
1.571387234000000133e+00
1.456787877000000009e+00
1.500205327000000199e+00
1.400057022000000151e+00
1.418335058000000037e+00
1.395634215000000067e+00
1.420310195000000109e+00
1.414718956000000194e+00
1.427018818000000078e+00
1.438921384000000137e+00
1.394753774000000002e+00
1.883153536000000017e+00
2.015275268999999980e+00
1.415860873000000186e+00
1.414018037000000172e+00
1.384623641999999988e+00
1.406388931000000175e+00
1.411802184000000127e+00
1.455865642000000015e+00
1.456288680000000113e+00
1.451344554000000064e+00
1.458214539000000087e+00
1.453736093000000063e+00
1.384768302000000118e+00
1.395804082000000168e+00
1.417115014000000173e+00
1.394247945000000044e+00
1.441218112000000051e+00
1.468199725000000067e+00
1.451367830999999997e+00
1.461332288000000146e+00
1.458682865000000106e+00
1.476221391000000160e+00
1.522505552000000151e+00
1.449064062000000153e+00
1.380326664000000036e+00
1.374670718000000180e+00
1.374396732000000121e+00
1.372452694000000140e+00
1.375440168999999990e+00
1.402875515000000073e+00
1.404921464000000064e+00
1.409681193000000166e+00
1.391776792000000151e+00
1.385863040000000046e+00
1.398733941000000147e+00
1.415736287000000093e+00
1.384581861000000025e+00
1.389637879000000131e+00
1.457505665000000006e+00
1.428621397999999987e+00
1.411581823000000124e+00
1.389362590000000175e+00
1.419444895000000040e+00
1.432848027000000135e+00
1.443405132000000091e+00
1.447182766000000065e+00
1.399020456999999995e+00
1.411103127000000068e+00
1.400496133000000087e+00
1.395930748000000055e+00
1.388840021000000036e+00
1.401455737000000035e+00
1.410588974000000162e+00
1.390775359000000044e+00
1.396392638000000019e+00
1.407454207000000013e+00
1.403821874000000136e+00
1.392445208000000045e+00
1.392049153000000095e+00
1.394710975000000186e+00
1.392001668000000025e+00
1.378389781000000092e+00
1.447317328000000014e+00
1.472498923000000071e+00
1.484186648000000108e+00
1.477124346000000088e+00
1.505612198999999984e+00
1.445632742999999998e+00
1.413959308000000137e+00
1.453758585000000103e+00
1.402410601000000145e+00
1.428448812000000068e+00
1.464839599000000048e+00
1.460967129000000142e+00
1.485016145000000121e+00
1.465509936000000124e+00
1.469423012000000028e+00
1.389842088000000198e+00
1.451532183000000087e+00
1.446267828000000089e+00
1.456589910000000154e+00
1.451587444000000060e+00
1.403339214000000057e+00
1.380366386000000167e+00
1.373212886999999993e+00
1.380642468000000012e+00
1.375659013000000153e+00
1.388616054000000100e+00
1.407381516000000055e+00
1.459193686000000101e+00
1.395590290999999983e+00
1.386767873000000151e+00
1.395964197000000073e+00
1.380436393000000095e+00
1.383108355000000067e+00
1.418277305000000155e+00
1.389011160000000134e+00
1.421890768999999999e+00
1.402867599000000132e+00
1.399971250000000111e+00
1.380662359000000006e+00
1.393893386000000012e+00
1.461684182000000165e+00
1.459128693000000032e+00
1.450396602000000090e+00
1.458781824000000116e+00
1.443890844000000007e+00
1.496432511000000076e+00
1.484971593000000034e+00
1.456234194000000093e+00
1.448527977999999994e+00
1.544006437000000176e+00
1.472575962000000072e+00
1.458954653000000157e+00
1.656110436000000075e+00
1.866821019000000081e+00
1.396660659999999998e+00
1.435359518000000056e+00
1.713881651000000117e+00
1.452417418000000016e+00
1.399678635000000115e+00
1.425882160000000010e+00
1.396175940000000004e+00
1.461434803000000171e+00
1.455161109000000064e+00
1.467364212000000112e+00
1.453375099000000059e+00
1.461993552000000030e+00
2.258803036000000208e+00
2.422797323000000169e+00
1.449556292000000024e+00
1.505853202000000168e+00
1.479220374000000060e+00
1.437226467000000119e+00
1.447130893000000196e+00
1.647965396000000027e+00
1.451514763000000041e+00
1.464900038000000126e+00
1.456898950000000026e+00
1.463010381000000137e+00
1.456683275000000055e+00
1.464352929999999997e+00
1.458274282000000088e+00
1.462532801000000049e+00
1.412427249000000051e+00
1.415518481000000106e+00
1.403134902999999989e+00
1.441474451000000156e+00
1.842723877000000066e+00
1.410070554000000032e+00
1.813801007000000132e+00
1.533066994000000127e+00
1.400521639000000151e+00
1.390501221000000065e+00
1.428020421000000040e+00
1.399455819000000156e+00
1.603145374000000123e+00
1.466661452000000088e+00
1.429692709000000006e+00
1.424732747000000188e+00
1.473745282000000101e+00
1.466729677000000009e+00
1.531433044999999993e+00
1.471743053000000190e+00
1.456056262000000157e+00
1.456865468000000163e+00
1.458508523000000112e+00
1.462715470000000018e+00
1.452870121000000125e+00
1.459120018999999990e+00
1.456260737000000027e+00
1.470291924000000083e+00
1.452994918999999996e+00
1.478308094000000183e+00
1.451673098000000106e+00
1.444599192000000087e+00
1.470113672000000093e+00
1.443666674000000150e+00
1.388758412000000053e+00
1.398442126000000174e+00
1.458455620000000064e+00
1.406924412000000180e+00
1.405627045000000130e+00
1.375018575999999992e+00
1.454220419000000097e+00
1.459589206000000194e+00
1.446778616000000017e+00
1.456052555000000082e+00
1.402447211999999999e+00
1.455089604000000092e+00
1.481124402000000062e+00
1.510665634000000201e+00
1.464576375000000041e+00
1.484964494000000190e+00
1.477852076000000014e+00
1.471282770000000184e+00
1.404782966000000188e+00
1.407871739000000177e+00
1.394161096000000155e+00
1.391930025000000182e+00
1.481618190000000057e+00
1.467666816000000152e+00
1.460911526000000071e+00
1.462807277000000017e+00
1.462210954000000118e+00
1.453793041000000175e+00
1.457514296000000042e+00
1.414548432999999994e+00
1.427382523000000125e+00
1.391712127999999993e+00
1.441037638000000065e+00
1.425712399000000019e+00
1.463677493000000052e+00
1.469683491000000064e+00
1.463957196000000183e+00
1.463116807000000019e+00
1.458865049999999997e+00
1.471990573000000024e+00
1.468679902000000093e+00
1.440408294000000033e+00
1.409991329999999987e+00
1.413681391000000120e+00
1.392490678000000148e+00
1.385612212000000065e+00
1.460480529000000027e+00
1.540423451000000110e+00
1.471463143000000029e+00
1.513687181000000104e+00
1.404570941000000017e+00
1.377776993000000116e+00
1.408402317000000181e+00
1.415874604000000092e+00
1.464244936000000052e+00
1.453580953000000120e+00
1.460350485000000198e+00
1.441491147000000028e+00
1.439835050000000116e+00
1.662222206000000035e+00
1.579420328000000096e+00
1.457055132000000031e+00
1.508667786000000177e+00
1.396438542000000060e+00
1.678305406000000000e+00
1.422056939000000186e+00
1.768749138000000221e+00
1.414499877000000128e+00
1.466707945000000013e+00
1.379602309000000027e+00
1.383257727000000159e+00
1.373086756000000186e+00
1.402977195000000066e+00
1.430906149999999988e+00
1.409416964000000050e+00
1.402551282000000121e+00
1.787911055000000138e+00
1.547723233000000143e+00
1.455027341000000085e+00
1.391219780999999989e+00
1.381064017000000144e+00
1.482032474000000155e+00
1.465516138999999995e+00
1.483051147000000070e+00
1.434249757000000125e+00
1.457187912000000196e+00
1.410037343000000165e+00
1.431079362000000188e+00
1.458068389000000131e+00
1.437386657000000012e+00
1.446848369000000023e+00
1.448658804999999994e+00
1.443606948000000001e+00
1.514944134000000053e+00
1.519076767000000050e+00
1.438582160000000165e+00
1.445214093000000144e+00
1.452376363000000170e+00
1.465651293000000077e+00
1.451907408000000066e+00
1.451005227000000009e+00
1.446209625000000054e+00
1.383242967000000156e+00
1.454608781000000128e+00
1.458159493000000140e+00
1.478059250000000047e+00
1.462013659999999993e+00
1.470893717000000045e+00
1.515569782000000032e+00
1.406807435000000162e+00
1.389889500000000000e+00
1.390343391000000040e+00
1.416373043000000109e+00
1.430356171999999981e+00
1.429798487000000007e+00
1.446563473000000100e+00
1.475224809000000192e+00
1.456644674000000084e+00
1.459317232000000075e+00
1.455113445000000061e+00
1.460084017000000012e+00
1.456975890000000051e+00
1.491210598000000109e+00
1.517356981000000049e+00
1.451470069000000196e+00
1.465935229000000062e+00
1.422180649000000185e+00
1.418240695000000162e+00
1.380564964000000172e+00
1.387347435999999989e+00
1.425847095000000175e+00
1.453846187000000123e+00
1.455586981000000169e+00
1.461104654000000114e+00
1.420687929000000072e+00
1.397397308000000171e+00
1.386649968000000177e+00
1.426096914000000160e+00
1.539080645000000080e+00
1.520965709000000166e+00
2.319853115000000354e+00
2.326846794000000163e+00
2.323873826000000253e+00
2.325248916000000055e+00
2.392791728000000173e+00
2.379332286000000352e+00
2.344898090000000046e+00
2.338971568000000278e+00
2.392639260000000156e+00
2.367415430999999959e+00
2.386062270000000041e+00
2.328271385000000304e+00
2.339261825000000350e+00
2.351845288000000256e+00
2.186155020000000171e+00
2.323796334999999935e+00
2.160323557000000338e+00
2.409633939000000336e+00
2.274898008000000083e+00
2.189071482000000124e+00
2.405831771000000341e+00
2.264290292000000093e+00
2.326716341000000021e+00
2.366567605000000185e+00
2.100316821000000278e+00
2.264139367999999930e+00
2.118133253000000327e+00
2.243000243000000005e+00
2.214758457000000291e+00
2.132171567999999962e+00
2.272659704000000058e+00
2.254280123000000025e+00
2.332145523999999970e+00
2.296924090000000085e+00
2.181119779999999952e+00
2.303942954000000043e+00
2.106307146000000241e+00
2.306484989000000319e+00
2.258032452000000134e+00
2.140130475000000310e+00
2.261779223000000005e+00
2.262843909000000320e+00
2.343407251999999996e+00
2.391664492000000308e+00
2.244829052000000047e+00
2.247488088000000328e+00
2.121624246000000102e+00
2.180105444000000059e+00
2.280156290999999946e+00
2.131547845000000052e+00
2.171936936000000262e+00
2.262373152999999970e+00
2.298569537000000107e+00
2.304622689999999974e+00
2.278865923000000127e+00
2.121763545000000306e+00
2.313138601000000349e+00
2.373911132000000368e+00
2.340174347000000044e+00
2.329171276999999929e+00
2.359343085000000340e+00
2.324416382999999975e+00
2.331217074000000000e+00
2.364672040999999947e+00
2.329544451999999932e+00
2.326876268000000358e+00
2.200772889000000010e+00
2.327923326000000070e+00
2.315963608000000118e+00
2.318097727000000052e+00
2.361301719000000077e+00
2.324956926000000035e+00
2.410670121000000332e+00
2.328545367000000255e+00
2.322990315000000194e+00
2.327144308000000272e+00
2.339206401000000213e+00
2.392968242000000245e+00
2.359704961000000267e+00
2.413764208999999994e+00
2.341552286000000205e+00
2.253710492000000176e+00
2.207787321000000080e+00
2.368550924000000002e+00
2.370349851000000285e+00
2.331923932000000033e+00
2.343928025000000304e+00
2.394616588999999962e+00
2.398489093000000238e+00
2.354780153000000098e+00
2.363616162000000021e+00
2.353941687000000282e+00
2.257623931000000361e+00
2.309443039000000031e+00
2.483995519000000041e+00
2.241959980000000296e+00
2.259784232999999976e+00
2.440488769000000335e+00
2.401138602000000066e+00
2.388142513000000022e+00
2.482525465000000153e+00
2.343018612000000278e+00
2.325716315000000201e+00
2.262126693000000355e+00
2.445059956000000145e+00
2.246152020000000249e+00
2.256499691000000141e+00
2.379683310999999968e+00
2.401192640000000100e+00
2.486723100999999936e+00
2.397299637000000150e+00
2.251163996000000278e+00
2.340452562999999930e+00
2.342879895000000268e+00
2.509361906000000086e+00
2.184472208000000304e+00
2.263239476999999944e+00
2.460098322000000337e+00
2.420685785999999950e+00
2.463870067000000219e+00
2.402401455000000130e+00
2.376013382000000007e+00
2.251859846999999970e+00
2.414278093000000069e+00
2.374153626000000017e+00
2.227718972999999991e+00
2.399355515000000327e+00
2.331560438000000346e+00
2.451088230000000312e+00
2.391544439000000022e+00
2.314218336000000154e+00
2.375952863000000193e+00
2.318362098000000149e+00
2.455560936999999999e+00
2.321065579999999962e+00
2.190380333000000235e+00
2.450272426000000170e+00
2.418675622000000303e+00
2.501198566000000234e+00
2.445059685000000371e+00
2.296041103999999944e+00
2.311252464000000284e+00
2.194720210999999921e+00
2.446498578000000368e+00
2.234687395000000354e+00
2.270139667000000028e+00
2.522868939000000310e+00
2.425217192999999938e+00
2.433182412999999933e+00
2.397649139000000318e+00
2.261068532000000353e+00
2.358700726999999997e+00
2.255335293000000352e+00
2.385710462000000032e+00
2.280728882000000013e+00
2.272901725000000095e+00
2.440326966000000208e+00
2.369592363000000201e+00
2.454582956000000316e+00
2.429830542000000371e+00
2.205139761000000309e+00
2.470932200000000023e+00
2.235760097000000002e+00
2.417256264000000154e+00
2.320674259000000017e+00
2.283440850999999938e+00
2.454895902000000074e+00
2.393775618000000271e+00
2.515625058999999997e+00
2.399566824999999959e+00
2.286463469000000082e+00
2.404674227000000108e+00
2.228076710999999932e+00
2.474986680000000216e+00
2.363641673000000054e+00
2.255134815000000348e+00
2.512201902000000153e+00
2.372655567000000243e+00
2.501289394000000055e+00
2.359734278000000351e+00
2.239284243000000174e+00
2.402233687000000284e+00
2.191545388000000205e+00
2.360815845000000301e+00
2.343237263000000237e+00
2.288603401000000037e+00
2.450017019000000129e+00
2.463122205999999981e+00
2.508586262000000122e+00
2.420787020000000123e+00
1.437386510000000062e+00
1.492161972000000114e+00
1.481420027000000195e+00
2.345045908999999984e+00
1.404995748000000155e+00
1.416457098000000192e+00
2.175223669000000193e+00
2.266554361999999934e+00
2.203769873000000157e+00
2.128187564000000087e+00
2.281231127999999941e+00
2.274164158000000047e+00
2.382509095000000077e+00
2.249253637000000250e+00
2.246135737000000354e+00
2.343563507000000268e+00
2.310894143000000067e+00
2.339637012000000293e+00
2.495627532000000315e+00
2.364499876000000000e+00
2.274190648000000259e+00
2.450391713000000138e+00
2.430769315000000041e+00
2.461762280000000302e+00
2.466925679000000038e+00
2.418476858000000007e+00
2.364096164000000222e+00
2.170111032999999967e+00
2.308207952000000063e+00
2.460862392000000121e+00
2.254663211000000000e+00
2.355114209000000347e+00
2.565685530000000103e+00
2.486117836000000025e+00
2.490617641000000049e+00
2.455021528000000064e+00
2.386343402000000058e+00
2.267007079000000314e+00
2.273381983000000162e+00
2.436000803000000214e+00
2.272499455000000168e+00
2.225709151000000219e+00
2.373144701000000190e+00
2.442339956000000090e+00
2.560887869000000094e+00
2.459528031000000059e+00
2.394610113000000151e+00
2.441671900000000228e+00
2.282579155000000082e+00
2.476163675000000008e+00
2.386585874000000107e+00
2.255586802000000279e+00
2.445853769000000177e+00
2.426565389000000295e+00
2.538377996000000358e+00
2.413712988000000337e+00
2.306628663000000135e+00
2.453633262999999953e+00
2.262826465000000287e+00
2.340852604000000170e+00
2.468917223000000050e+00
2.330776243000000303e+00
2.336572600000000222e+00
2.516075240000000157e+00
2.450050870000000103e+00
2.525784405000000010e+00
2.468889923000000319e+00
2.346340516000000154e+00
2.333030568000000304e+00
2.227592129000000032e+00
2.421604666000000350e+00
2.235068164999999940e+00
2.321514131000000258e+00
2.426677102000000197e+00
2.378092333000000114e+00
2.471469131000000097e+00
2.354711843000000027e+00
2.244670673000000338e+00
2.390044215000000083e+00
2.282340728000000318e+00
2.375317757000000363e+00
2.304345293999999988e+00
2.236843673000000088e+00
2.449630460000000287e+00
2.393183535000000361e+00
2.487230226999999960e+00
2.361851558000000129e+00
2.322385526000000144e+00
2.417206413000000165e+00
2.275504096000000143e+00
2.579696030000000029e+00
2.351323811000000319e+00
2.272485765999999963e+00
2.473742962000000212e+00
2.408350160000000351e+00
2.502028397000000126e+00
2.414612941000000124e+00
2.278202647000000081e+00
2.394221713000000307e+00
2.274996828000000360e+00
2.459932927000000102e+00
2.323949945999999933e+00
2.270479399000000065e+00
2.424720021000000170e+00
2.462310144000000367e+00
2.543681252000000281e+00
2.438151799000000342e+00
2.348128496000000176e+00
2.414094724000000358e+00
2.270010388000000212e+00
2.423573569000000205e+00
2.388609533000000340e+00
2.225877384000000347e+00
2.398592691000000166e+00
2.435377192000000246e+00
2.499417965000000130e+00
2.478750624000000347e+00
2.326396375000000294e+00
2.386492744000000332e+00
2.355171612999999997e+00
2.459035897000000137e+00
2.271031706000000039e+00
2.281714222000000181e+00
2.455449841000000077e+00
2.443811447000000303e+00
2.477417814000000273e+00
2.458182279000000303e+00
2.274942597999999983e+00
2.349980144000000326e+00
2.246171325000000163e+00
2.457740953000000061e+00
2.270982147000000229e+00
2.339806892999999999e+00
2.576962055000000085e+00
2.399145197000000174e+00
2.467115560999999957e+00
2.492357912000000120e+00
2.325213701000000022e+00
2.326688855000000000e+00
2.204938655000000303e+00
2.468393617000000262e+00
2.247959607999999943e+00
2.350041910999999928e+00
2.410394877000000324e+00
2.479112184999999968e+00
2.497876768000000247e+00
2.452490940000000119e+00
2.426619910999999963e+00
2.316410700000000045e+00
2.332724182000000201e+00
2.460634532000000263e+00
2.192324940000000222e+00
2.349738996000000135e+00
2.448231704999999980e+00
2.485412488000000142e+00
2.476567630000000353e+00
2.483830637000000063e+00
2.387354398000000266e+00
2.266361809000000171e+00
2.331250818000000002e+00
2.472931415000000133e+00
2.217990772000000277e+00
2.329602320000000226e+00
2.435574875000000361e+00
2.429504313000000248e+00
2.515817090000000089e+00
2.398137474999999963e+00
2.223376201000000218e+00
2.327721974000000138e+00
2.265172388000000314e+00
2.468167370000000194e+00
2.364082988000000274e+00
2.265446078000000085e+00
2.446046186000000233e+00
2.346731459999999991e+00
2.525874960999999974e+00
2.487731958999999993e+00
2.345488396000000364e+00
2.406647626000000262e+00
2.215306607000000039e+00
2.428080691999999985e+00
2.353780792000000233e+00
2.282635501000000122e+00
2.419752139999999940e+00
2.432574822999999942e+00
2.525358735000000188e+00
2.497388352000000200e+00
2.327321312000000031e+00
2.360118561000000170e+00
2.281490350000000333e+00
2.473108834000000034e+00
2.326816594000000293e+00
2.340175303000000095e+00
2.456066250000000117e+00
2.520231501000000041e+00
2.494006967000000241e+00
2.397102410000000017e+00
2.382876931000000198e+00
2.210822975000000135e+00
2.291270932000000204e+00
2.500120227000000028e+00
2.256523072000000241e+00
2.434441067999999930e+00
2.503461550000000368e+00
2.564230452999999965e+00
2.496719192000000032e+00
2.426155266000000310e+00
2.473146552000000220e+00
2.266006541000000318e+00
2.371911423000000241e+00
2.452870035000000115e+00
2.259676246000000166e+00
2.477501394999999995e+00
2.460843457000000178e+00
2.566953065000000311e+00
2.476952534000000039e+00
2.374622055000000120e+00
2.453656034000000208e+00
2.277620375000000141e+00
2.375104800000000349e+00
2.455294867000000103e+00
2.228768147000000255e+00
2.325542435000000019e+00
2.426518364000000094e+00
2.424596385000000076e+00
2.434872103000000010e+00
2.483784261000000271e+00
2.325150176000000179e+00
2.364621558000000068e+00
2.272120028000000236e+00
2.486351376000000002e+00
2.299697303999999942e+00
2.252269162000000158e+00
2.368767018000000224e+00
2.285388902000000222e+00
2.484608834000000321e+00
2.369062769000000124e+00
2.295430477000000025e+00
2.390647197000000279e+00
2.280833225999999936e+00
2.314068428000000122e+00
2.264765585000000137e+00
2.243678996999999953e+00
2.314241600000000343e+00
2.364146320000000134e+00
2.361107510000000076e+00
2.428479111000000135e+00
2.156295822000000140e+00
2.259838604000000029e+00
2.205229521000000137e+00
2.394709498000000103e+00
2.356349221999999966e+00
2.267064870000000010e+00
2.454261379000000076e+00
2.367401083999999933e+00
2.444756416000000154e+00
2.293252704000000364e+00
2.161387047999999922e+00
2.415021471000000197e+00
2.242171805999999989e+00
2.419343237000000091e+00
2.419272129999999965e+00
2.219046178000000147e+00
2.431683715000000134e+00
2.403782812000000213e+00
2.494497643000000320e+00
2.415394934000000049e+00
2.426094171000000355e+00
2.470593486000000283e+00
2.288598718000000254e+00
2.338052838000000300e+00
2.421664038000000296e+00
2.296433541999999939e+00
2.470177854000000117e+00
2.444820840000000217e+00
2.508252033000000214e+00
2.510844394000000257e+00
2.383423038000000105e+00
2.483852383999999969e+00
2.231920102000000128e+00
2.405947084000000125e+00
2.426932347000000156e+00
2.288468756999999965e+00
2.453175695000000101e+00
2.488211607000000214e+00
2.544519820000000099e+00
2.429485311000000092e+00
2.334004345000000313e+00
2.385154954000000327e+00
2.309168323000000189e+00
2.256434556999999952e+00
2.296946195999999940e+00
2.442890846000000060e+00
2.426900113999999942e+00
2.474004128000000247e+00
2.427116557000000174e+00
2.398027786000000106e+00
2.260241392000000182e+00
2.365361555000000227e+00
2.389262315999999942e+00
2.258345497000000091e+00
2.418487031000000176e+00
2.411080008000000330e+00
2.305889983000000143e+00
2.272111624000000329e+00
2.372614009000000301e+00
2.211375612999999962e+00
2.331638749000000121e+00
2.258300251000000092e+00
2.472791674000000217e+00
2.260265657000000150e+00
2.335130441000000001e+00
2.467750375000000052e+00
2.394979646000000351e+00
2.522576920000000111e+00
2.427953093000000173e+00
2.260805348000000325e+00
2.328314231000000234e+00
2.246939130000000340e+00
2.368210502000000162e+00
2.215389641000000243e+00
2.324351730000000060e+00
2.433588623000000339e+00
2.351191275000000136e+00
2.392121406000000228e+00
2.278100578000000098e+00
2.292635220000000196e+00
2.361562297999999949e+00
2.265940665000000021e+00
2.360182948000000280e+00
2.263074911999999994e+00
2.271364684000000356e+00
2.441663362999999976e+00
2.395486812000000132e+00
2.554990135000000162e+00
2.433256872000000293e+00
2.312635443000000013e+00
2.319906110000000243e+00
2.261162550000000326e+00
2.278465723000000054e+00
2.267815903000000244e+00
2.338379077000000361e+00
2.442305873000000016e+00
2.409548242000000062e+00
2.470727722000000348e+00
2.484421272000000069e+00
2.353498496000000273e+00
2.256873376000000153e+00
2.372957597000000085e+00
2.461531395000000177e+00
2.267941141000000105e+00
2.424175138000000285e+00
2.430486648000000027e+00
2.540381871000000125e+00
2.479379470000000030e+00
2.394760921000000042e+00
2.481578260000000036e+00
2.292432333000000266e+00
2.347961732999999995e+00
2.423522565999999934e+00
2.229102866999999932e+00
2.408606344000000288e+00
2.425206994000000282e+00
2.537148483000000176e+00
2.423359146000000131e+00
2.403957450000000051e+00
2.406682289000000363e+00
2.263839217000000126e+00
2.325725343000000223e+00
2.443404705000000288e+00
2.262483368000000272e+00
2.418299265000000364e+00
2.442242785999999999e+00
2.495600851000000286e+00
2.482841642999999987e+00
2.389949815000000033e+00
2.419227344000000279e+00
2.257529820000000242e+00
2.332508696000000104e+00
2.463981465000000259e+00
2.225265316000000215e+00
2.369886689999999962e+00
2.445113647000000334e+00
2.472880838000000026e+00
2.436866066999999969e+00
2.435220117000000073e+00
2.408467660999999982e+00
2.211612090000000030e+00
2.289136556999999961e+00
2.419181393000000124e+00
2.251287696999999977e+00
2.408732276000000283e+00
2.301622303000000258e+00
2.411851932000000254e+00
2.336866833000000199e+00
2.219578623000000306e+00
2.191149535000000093e+00
2.207075604000000357e+00
2.188193765999999929e+00
2.401851705000000337e+00
2.266205225000000212e+00
2.346393216000000059e+00
2.466010310000000150e+00
2.438030205000000006e+00
2.365866626999999944e+00
2.454524415999999931e+00
2.274660699000000008e+00
2.290191479000000196e+00
2.217741050000000325e+00
2.372217616000000362e+00
2.302618526000000276e+00
2.334006749000000269e+00
2.380061070000000001e+00
2.472327589000000270e+00
2.503191061999999967e+00
2.435110013000000073e+00
2.362833202000000021e+00
2.265394807000000288e+00
2.335957068000000358e+00
2.449224544000000225e+00
2.248355967000000177e+00
2.354309789000000208e+00
2.450299318000000337e+00
2.456454131000000096e+00
2.473942572999999978e+00
2.416768262000000167e+00
2.486770774000000017e+00
2.227125625000000220e+00
2.304754346000000176e+00
2.436598312000000099e+00
2.272057957000000350e+00
2.480637661000000271e+00
2.475236851000000016e+00
2.519677361000000282e+00
2.356632543999999996e+00
2.309346305000000044e+00
2.422790605000000319e+00
2.227920180999999999e+00
2.385719750000000250e+00
2.328996338000000055e+00
2.182641814000000124e+00
2.392284839000000218e+00
2.398408708000000278e+00
2.451923947000000048e+00
2.436460575999999989e+00
2.312737876999999997e+00
2.436995459000000253e+00
2.256547610000000148e+00
2.427386387999999950e+00
2.287740202000000167e+00
2.151341273000000331e+00
2.323319625999999971e+00
2.301846543999999994e+00
2.491932290000000272e+00
2.444603223000000103e+00
2.320621255000000271e+00
2.358927218000000270e+00
2.263623380000000296e+00
2.402401537000000253e+00
2.320941418000000311e+00
2.246732176000000081e+00
2.418733175999999929e+00
2.408176016000000086e+00
2.479558074000000278e+00
