-3.946421424088552134e-07
-1.282841207642277240e-06
-1.734219888313011488e-06
-1.947454855985692049e-06
-2.675842332473360233e-06
-3.122902051928504514e-06
-3.269474773172466142e-06
-3.836576229211660715e-06
-4.270451440364362290e-06
-4.396459055802299002e-06
-4.806481623730600217e-06
-5.220944606514338400e-06
-5.336982060467389006e-06
-5.614911218607097367e-06
-5.993223637540975954e-06
-6.102289498695541763e-06
-6.275483518969826492e-06
-6.602406346604773509e-06
-6.700095775602227768e-06
-6.798046473211759388e-06
-7.057065281793227194e-06
-7.140768292488289144e-06
-7.186755925218763677e-06
-7.363355271783882980e-06
-7.437643976842366660e-06
-7.437330543099855309e-06
-7.534027241018838247e-06
-7.595883649865703104e-06
-7.548742566928383547e-06
-7.581601592817112592e-06
-7.613239109098426607e-06
-7.529852077879937862e-06
-7.506823513592873850e-06
-7.494225837296640877e-06
-7.386856330265456036e-06
-7.306951332274695056e-06
-7.248668601238707091e-06
-7.118727106176361567e-06
-6.984981863249734110e-06
-6.881717786547055851e-06
-6.726178221939717575e-06
-6.544204276372094595e-06
-6.396909795261811706e-06
-6.211586320866603950e-06
-5.987770804757492301e-06
-5.798018538242140803e-06
-5.577796657623991630e-06
-5.321255071625055634e-06
-5.086678234965759402e-06
-4.832751897453238032e-06
-4.547995339491281274e-06
-4.268347006855984299e-06
-3.985694022777263196e-06
-3.671461929376977715e-06
-3.354002507595103622e-06
-3.043585884865537232e-06
-2.701366770594003068e-06
-2.354668568570904013e-06
-2.016058607765402203e-06
-1.651592734582137262e-06
-1.281674794341442780e-06
-9.176884975519037005e-07
-5.375542423397037033e-07
-1.496725641757709564e-07
2.334075080306869548e-07
6.230273608070517678e-07
1.022503382727245909e-06
1.416094185802934358e-06
1.808951227265289832e-06
2.211821226899119401e-06
2.605737962902615836e-06
2.995170192851292260e-06
3.390539667697214400e-06
3.774603613394642088e-06
4.151881004054045070e-06
4.527203776894078613e-06
4.891819542079168211e-06
5.244615908933486471e-06
5.588680351161576553e-06
5.922164756122143289e-06
6.237075304059245039e-06
6.539155141625104188e-06
6.827077135281880701e-06
7.091404599724993121e-06
7.338301695100103638e-06
7.565273386049299892e-06
7.764904648989346235e-06
7.940698843671638879e-06
8.090248211756968498e-06
8.208643721335741997e-06
8.295819338618259407e-06
8.351064098929723235e-06
8.371471990071541731e-06
8.354223957414941927e-06
8.301998729945503315e-06
8.212117795761197990e-06
8.082215015760228411e-06
7.917013230978409976e-06
7.713643816655456808e-06
7.472228049547548148e-06
7.196115592217652141e-06
6.883823655384311553e-06
6.536187517583433460e-06
6.153919074912533172e-06
5.737497270989263505e-06
5.285905880853948779e-06
4.798793024540329739e-06
4.277592473565908259e-06
3.720034234955055323e-06
3.127052564264156935e-06
2.500504387004716659e-06
1.839226295731725392e-06
1.145272107037573115e-06
4.199125633284056180e-07
-3.373059927529644993e-07
-1.125566702827267209e-06
-1.945118418094728269e-06
-2.796295911434509594e-06
-3.680095161633273861e-06
-4.597028114243454539e-06
-5.547295163407314162e-06
-6.532874704369140654e-06
-7.553488165339572044e-06
-8.609891207430627643e-06
-9.703627817687257275e-06
-1.083419781114839865e-05
-1.200265939179600858e-05
-1.320939722824560716e-05
-1.445442262211005854e-05
-1.573811032535301729e-05
-1.706032579141716544e-05
-1.842144290936431061e-05
-1.982095017698417197e-05
-2.125876824835453208e-05
-2.273495712773664171e-05
-2.424841909205733482e-05
-2.579897750386394401e-05
-2.738585691944621180e-05
-2.900762024424352373e-05
-3.066349404457327824e-05
-3.235185543184696265e-05
-3.407116354565518105e-05
-3.581980512387905559e-05
-3.759581812745096659e-05
-3.939748771625378553e-05
-4.122249038978598157e-05
-4.306894276235124017e-05
-4.493469011082445715e-05
-4.681712064170725221e-05
-4.871418513731011994e-05
-5.062302755307124730e-05
-5.254088498075136873e-05
-5.446506547877856221e-05
-5.639238943130329046e-05
-5.832006800134503750e-05
-6.024510873276023255e-05
-6.216479015689669631e-05
-6.407659665638142110e-05
-6.597803413695435559e-05
-6.786715489575272434e-05
-6.974182994647766759e-05
-7.160006777769395826e-05
-7.343999016482155356e-05
-7.525924135436839503e-05
-7.705559786895434943e-05
-7.882659894761397926e-05
-8.056959028987415751e-05
-8.228211032442907225e-05
-8.396152511484368899e-05
-8.560549958399902497e-05
-8.721178107094781722e-05
-8.877828670395495237e-05
-9.030332298572627794e-05
-9.178513971624035692e-05
-9.322235458554034213e-05
-9.461363665542203629e-05
-9.595761456256422578e-05
-9.725314715682879482e-05
-9.849893297870845475e-05
-9.969380982085368178e-05
-1.008367113717523520e-04
-1.019266075303879081e-04
-1.029627275187812424e-04
-1.039443034084841478e-04
-1.048707493079357035e-04
-1.057415666394500453e-04
-1.065562120486915408e-04
-1.073142771447874622e-04
-1.080152017729302071e-04
-1.086583815283924859e-04
-1.092432220806200316e-04
-1.097690477153225367e-04
-1.102354150648429600e-04
-1.106420798176607973e-04
-1.109891343115512377e-04
-1.112770998566745500e-04
-1.115067566553730954e-04
-1.116792368991348161e-04
-1.117957761233059731e-04
-1.118576466389757060e-04
-1.122647234997566139e-04
-1.131174552509052055e-04
-1.134806941211310202e-04
-1.135603673975888774e-04
-1.141127521133769574e-04
-1.143366128386088371e-04
-1.142205206779893045e-04
-1.144840277389870482e-04
-1.145714584670088482e-04
-1.143129765693462490e-04
-1.142915159895022587e-04
-1.142236143277737716e-04
-1.138000983388557367e-04
-1.134611840577635949e-04
-1.131312159930034019e-04
-1.124284400417169066e-04
-1.116775407846708770e-04
-1.109779949763482380e-04
-1.099809878736760779e-04
-1.089614806101615342e-04
-1.081323228985825745e-04
-1.072192753394607899e-04
-1.064020537337001765e-04
-1.058707453016204152e-04
-1.054088301198791990e-04
-1.050339914440043233e-04
-1.048936912367336914e-04
-1.048351464844879594e-04
-1.047548945755817092e-04
-1.048100078749772895e-04
-1.048961616996077712e-04
-1.048797975058394805e-04
-1.049134971053462427e-04
-1.049345800087127657e-04
-1.048353282642167886e-04
-1.047325993059341836e-04
-1.046273104846612826e-04
-1.044432909825466409e-04
-1.042590154674215931e-04
-1.041242644467370586e-04
-1.039734642732520475e-04
-1.038398300665302471e-04
-1.037890961575551767e-04
-1.037529970857604521e-04
-1.037298217922643203e-04
-1.037848990234427349e-04
-1.038488290560405199e-04
-1.039058651049592423e-04
-1.039952973076533189e-04
-1.040600432925615148e-04
-1.040697864738948756e-04
-1.040392937522105287e-04
-1.039499971955732847e-04
-1.037713557466001126e-04
-1.035381002540270958e-04
-1.032798095387308756e-04
-1.029857679250103012e-04
-1.027108713044586340e-04
-1.024916476307914345e-04
-1.023134058538716632e-04
-1.022035449718132792e-04
-1.021727774876829420e-04
-1.021990232491481055e-04
-1.022875473398989952e-04
-1.024477981871823142e-04
-1.026646333452111744e-04
-1.029182392617211867e-04
-1.031906803600331836e-04
-1.034265886074209643e-04
-1.035541393799758412e-04
-1.035349694588353275e-04
-1.033329142513540587e-04
-1.029469683641707242e-04
-1.024449210885172094e-04
-1.019060900792055115e-04
-1.014177543919492539e-04
-1.010577998499670124e-04
-1.008574340189394948e-04
-1.008012899053127137e-04
-1.008519709252161625e-04
-1.009818023381290827e-04
-1.011788725001512150e-04
-1.014746005531134623e-04
-1.019265191646257721e-04
-1.025565454706464468e-04
-1.033310837814557353e-04
-1.041333397157724405e-04
-1.047647723366014407e-04
-1.050167022451958983e-04
-1.047474124291982882e-04
-1.039494298754217077e-04
-1.027819652846383852e-04
-1.015359405609123403e-04
-1.005360044233265064e-04
-1.000133286734512680e-04
-1.000224161049259185e-04
-1.004166416159135521e-04
-1.009178695155722109e-04
-1.012759044444548991e-04
-1.014107596671643584e-04
-1.014933578586530284e-04
-1.019025575054081456e-04
-1.030377370560583132e-04
-1.050754886529870445e-04
-1.077733929066592610e-04
-1.104432416937555444e-04
-1.121456312422893604e-04
-1.120682182732127350e-04
-1.099435674875722343e-04
-1.062817966422668236e-04
-1.022853901960346634e-04
-9.942929499338108116e-05
-9.883977075823296055e-05
-1.007448229860066102e-04
-1.042696150411391126e-04
-1.077481801188559865e-04
-1.094889162656132337e-04
-1.086820663806483338e-04
-1.060165152392828348e-04
-1.036137910991365559e-04
-1.041768583336249196e-04
-1.096420245100174608e-04
-1.199348625235879600e-04
-1.317555325621429870e-04
-1.418089199371114272e-04
-1.454336159268615307e-04
nan
nan
nan
nan
nan
nan
nan
nan
nan
nan
nan
nan
nan
nan
nan
nan
nan
nan
nan
nan
nan
nan
nan
nan
nan
nan
nan
nan
nan
nan
nan
nan
nan
nan
nan
nan
nan
nan
nan
nan
nan
nan
nan
nan
nan
nan
nan
nan
nan
nan
nan
nan
nan
nan
nan
nan
nan
nan
nan
nan
nan
nan
nan
nan
nan
nan
nan
nan
nan
nan
nan
nan
nan
nan
nan
nan
nan
nan
nan
nan
nan
nan
nan
nan
nan
nan
nan
nan
nan
nan
nan
nan
nan
nan
nan
nan
nan
nan
nan
nan
nan
nan
nan
nan
nan
nan
nan
nan
nan
nan
nan
nan
nan
nan
nan
nan
nan
nan
nan
nan
nan
nan
nan
nan
nan
nan
nan
nan
nan
nan
nan
nan
nan
nan
nan
nan
nan
nan
nan
nan
nan
nan
nan
nan
nan
nan
nan
nan
nan
nan
nan
nan
nan
nan
nan
nan
nan
nan
nan
nan
nan
nan
nan
nan
nan
nan
nan
nan
nan
nan
nan
nan
nan
nan
nan
