-3.325491760210339563e-10
2.074886425460938938e-12
1.437953967690181981e-09
2.798512529422464964e-09
4.009050456439862524e-09
1.729795774646135298e-09
-8.235377840424409460e-09
-2.973578545269137868e-08
-7.093648721835212406e-08
-1.400642935478465175e-07
-2.466026567122205574e-07
-4.023295125162691291e-07
-6.171785217851208805e-07
-9.031514883551025574e-07
-1.271642572054149635e-06
-1.729887517559154910e-06
-2.289178948680820847e-06
-2.959316333941819790e-06
-3.745350401248896538e-06
-4.655311168143526334e-06
-5.694934647714947792e-06
-6.866621094629094869e-06
-8.173386600350078773e-06
-9.617695123729743910e-06
-1.120039125427061791e-05
-1.292240456346898930e-05
-1.478625484701238828e-05
-1.679111365576081360e-05
-1.893755510958497224e-05
-2.122850288234677125e-05
-2.366246083866632488e-05
-2.624136335368697036e-05
-2.896826555133930466e-05
-3.184296578599153568e-05
-3.486767410693206892e-05
-3.804340073607449991e-05
-4.136960232512902614e-05
-4.484605868448654124e-05
-4.847089941413981312e-05
-5.224141166956756542e-05
-5.615341919269056505e-05
-6.020180338587151564e-05
-6.437950493097986877e-05
-6.867734266738888260e-05
-7.308645003524036755e-05
-7.759531706451405309e-05
-8.219179361887123526e-05
-8.686409933191754256e-05
-9.159831365179882813e-05
-9.638146725492158749e-05
-1.011999254628704594e-04
-1.060397715632354948e-04
-1.108886784851790229e-04
-1.157337252621280755e-04
-1.205634063481185285e-04
-1.253671202825257821e-04
-1.301345253604368059e-04
-1.348569769003495793e-04
-1.395260042702677387e-04
-1.441345182527624272e-04
-1.486765957043929972e-04
-1.531468300982390888e-04
-1.575414829401034639e-04
-1.618571242819328681e-04
-1.660917625402695270e-04
-1.702443307935824724e-04
-1.743141581350622941e-04
-1.783024905471200159e-04
-1.822106789285639003e-04
-1.860410488720027613e-04
-1.897968796463513617e-04
-1.934809728982446030e-04
-1.970968419606427375e-04
-2.006473337608259753e-04
-2.041344605622017600e-04
-2.075596099868135924e-04
-2.109222746568010164e-04
-2.142205347849879596e-04
-2.174502710086854637e-04
-2.206052131745913887e-04
-2.236771981725474976e-04
-2.266555588834409684e-04
-2.295281872670343196e-04
-2.322812118947669314e-04
-2.348993681748229334e-04
-2.373669925601114977e-04
-2.396676260462817312e-04
-2.417852917134968404e-04
-2.437047674982532072e-04
-2.454117217778334229e-04
-2.468937417968768361e-04
-2.481397878506948164e-04
-2.491405398338849132e-04
-2.498879797311919144e-04
-2.503744307124272975e-04
-2.505921688964293423e-04
-2.505316504083917131e-04
-2.501803287314996699e-04
-2.495208077100240641e-04
-2.485282989896211233e-04
-2.471684821890976535e-04
-2.453940647795519099e-04
-2.431418392819291875e-04
-2.403297647951738148e-04
-2.368543250074181062e-04
-2.325901660011180105e-04
-2.273911663387172060e-04
-2.210947770646432302e-04
-2.135294135889467359e-04
-2.045237341029928514e-04
-1.939179948622432256e-04
-1.815745784506724730e-04
-1.673869625872722059e-04
-1.512860760413706435e-04
-1.332427315918444739e-04
-1.132672959607086298e-04
-9.140590049292239918e-05
-6.773406786257449980e-05
-4.234838248909461150e-05
-1.535603340102268392e-05
1.313565097997683865e-05
4.302905091606658067e-05
7.424366805255517004e-05
1.067195687026646785e-04
1.404174361267152482e-04
1.753148180477893210e-04
2.114001164901665140e-04
2.486653858846672293e-04
2.870981287331286031e-04
3.266733629005826663e-04
3.673458685916576247e-04
4.090438895383491152e-04
4.516657305948801869e-04
4.950796966482279770e-04
5.391282922336465078e-04
5.836354331962835236e-04
6.284154602834306257e-04
6.732828368396409678e-04
7.180607632821118516e-04
7.625883200014525526e-04
8.067250644134452793e-04
8.503525224032151613e-04
8.933726948332557354e-04
9.357032941796732117e-04
9.772708654107067731e-04
1.018002939933111868e-03
1.057820789475345455e-03
1.096634778433651283e-03
1.134343072628717607e-03
1.170834389602678181e-03
1.205994408878581113e-03
1.239714665296044868e-03
1.271902887290490098e-03
1.302492946643735985e-03
1.331452900969878677e-03
1.358789664761248005e-03
1.384549030939867748e-03
1.408810953910918061e-03
1.431680404612664832e-03
1.453275106063197037e-03
1.473712073134257183e-03
1.493094862213387207e-03
1.511503714016087553e-03
1.528989915887862209e-03
1.545575022265252346e-03
1.561254859566735482e-03
1.576007212078722134e-03
1.589801797429223409e-03
1.602610674479972713e-03
1.614417249126354247e-03
1.625222540247656458e-03
1.635047773986655515e-03
1.643933276567612328e-03
1.651934305627417339e-03
1.659114975048424758e-03
1.665541863410766044e-03
1.671278663639740817e-03
1.676382901529025827e-03
1.680905117285692776e-03
1.684890132299599313e-03
1.688379601292811600e-03
1.691414654185181311e-03
1.694037464877903333e-03
1.696290935673422677e-03
1.698216144649287562e-03
1.699847941208869079e-03
1.701209642990940190e-03
1.702308190184464998e-03
1.703131287104922608e-03
1.703647749434146009e-03
1.703811751550673645e-03
1.703570859290851752e-03
1.702876831418866565e-03
1.701697516342545388e-03
1.700027720602035946e-03
1.697896953654337527e-03
1.695372408148440070e-03
1.692556263779828500e-03
1.689577414021011751e-03
1.686578657720895751e-03
1.683702938208637978e-03
1.681070703378996544e-03
1.678767624504264337e-03
1.676843927441287090e-03
1.675292540308199758e-03
1.674063929713501004e-03
1.673085419579769736e-03
1.672244510560790291e-03
1.671422960656896578e-03
1.670514927842962081e-03
1.669405244396871772e-03
1.667992447311258432e-03
1.666184722287308764e-03
1.663847488515434467e-03
1.660801962487789066e-03
1.656828881213404060e-03
1.651649785181558919e-03
1.645011083759619509e-03
1.636808797813883980e-03
1.627158306778252617e-03
1.616500162022093106e-03
1.605643634627763015e-03
1.595653939979909709e-03
1.587726761653775881e-03
1.583017659952367425e-03
1.582408375451742604e-03
1.586356988642107987e-03
1.594786786318329840e-03
1.606993387971831447e-03
1.621676581536206623e-03
1.637066377848699333e-03
1.651117364587617381e-03
1.661818002466157506e-03
1.667538583057372658e-03
1.667309906674713888e-03
1.661021074565670417e-03
1.649481364988183507e-03
1.634305091642288552e-03
1.617701040945253516e-03
1.602191874207173653e-03
1.590279575739695066e-03
1.584143939535789108e-03
1.585368610027779136e-03
1.594709544746948215e-03
1.611972823742698329e-03
1.635991654766894617e-03
1.664718777270624310e-03
1.695443535118370442e-03
1.725079873847113181e-03
1.750492844940287418e-03
1.768831810907403081e-03
1.777827285598621845e-03
1.776043215260854650e-03
1.763083668069077630e-03
1.739722871122510901e-03
1.707938589644519833e-03
1.670836534166092848e-03
1.632425960036169767e-03
1.597252111860038987e-03
1.569927447690032873e-03
1.554583469487859620e-03
1.554319303835182461e-03
1.570722191455600813e-03
1.603498673789975930e-03
1.650295856086568796e-03
1.706761426137833786e-03
1.766853660425836718e-03
1.823418050988743436e-03
1.868991608968339916e-03
1.896739177615927108e-03
1.901414506612126958e-03
1.880213578657109579e-03
1.833378775040521652e-03
1.764457515002296976e-03
1.680158572605253099e-03
1.589781553393532351e-03
1.504267730591960514e-03
1.434967100913111301e-03
1.392236091202431495e-03
1.384042191414621174e-03
1.414754230949074590e-03
1.484275924682736374e-03
1.587675148901838973e-03
1.715391271779531093e-03
1.854030821433178640e-03
1.987702461103098891e-03
2.099762172110295443e-03
2.174783040312188061e-03
2.200540878468159288e-03
2.169782923686138301e-03
2.081551727657845064e-03
1.941873074589394767e-03
1.763662866197054880e-03
1.565781680578759178e-03
1.371275345277232945e-03
1.204940725925352863e-03
1.090445147767242886e-03
1.047317497685802809e-03
1.088155824845619696e-03
1.216402127495292643e-03
1.425016246676737500e-03
1.696301232468524784e-03
2.003030901769610201e-03
2.310889701712189222e-03
2.582049922834436795e-03
2.779536653674012474e-03
2.871904438265945013e-03
2.837684542431633938e-03
2.669070498717101853e-03
2.374312068693670494e-03
1.978322908433477554e-03
1.521202071328221469e-03
1.054664276524907868e-03
6.366468498929963010e-04
3.246218721672190148e-04
1.683689208212600197e-04
2.030490861630996182e-04
4.434034239455906384e-04
8.798496525817356504e-04
1.477190456937390022e-03
2.176481639178249900e-03
2.900251372752410926e-03
3.560876539113065533e-03
4.066368019947195697e-03
4.341828431935809869e-03
4.334968319919718996e-03
nan
nan
nan
nan
nan
nan
nan
nan
nan
nan
nan
nan
nan
nan
nan
nan
nan
nan
nan
nan
nan
nan
nan
nan
nan
nan
nan
nan
nan
nan
nan
nan
nan
nan
nan
nan
nan
nan
nan
nan
nan
nan
nan
nan
nan
nan
nan
nan
nan
nan
nan
nan
nan
nan
nan
nan
nan
nan
nan
nan
nan
nan
nan
nan
nan
nan
nan
nan
nan
nan
nan
nan
nan
nan
nan
nan
nan
nan
nan
nan
nan
nan
nan
nan
nan
nan
nan
nan
nan
nan
nan
nan
nan
nan
nan
nan
nan
nan
nan
nan
nan
nan
nan
nan
nan
nan
nan
nan
nan
nan
nan
nan
nan
nan
nan
nan
nan
nan
nan
nan
nan
nan
nan
nan
nan
nan
nan
nan
nan
nan
nan
nan
nan
nan
nan
nan
nan
nan
nan
nan
nan
nan
nan
nan
nan
nan
nan
nan
nan
nan
nan
nan
nan
nan
nan
nan
nan
nan
nan
nan
nan
nan
nan
nan
nan
nan
nan
nan
nan
nan
nan
nan
nan
nan
nan
