3.504204876005424518e-01
1.076400882198031095e+00
1.833169800285360918e+00
2.662778786436125422e+00
3.538530493346239147e+00
4.407338833367651532e+00
5.353389355104335223e+00
6.321134031292494626e+00
7.287940968107401218e+00
8.318975941889320325e+00
9.358889484290724425e+00
1.041670234901145520e+01
1.150791876485403797e+01
1.261834551549953609e+01
1.375068000496592546e+01
1.489224899750158748e+01
1.607141117703940125e+01
1.725934726085761284e+01
1.845380946671553346e+01
1.969092378437167312e+01
2.092440387138921309e+01
2.217477150273779074e+01
2.345506360358274023e+01
2.473468911263115189e+01
2.603592832397776746e+01
2.735111497336433928e+01
2.867959494014492705e+01
3.002181461918348049e+01
3.137313482209788518e+01
3.274799757211347639e+01
3.412494888943895432e+01
3.551771536308863375e+01
3.693204571514556278e+01
3.834591951377311148e+01
3.978220481714396328e+01
4.123212893326414985e+01
4.268971995172580591e+01
4.416819535053294743e+01
4.565735605486595716e+01
4.716432423044086875e+01
4.868549613148917388e+01
5.022316560531547225e+01
5.178258053320583087e+01
5.335328911506756100e+01
5.494925473826916118e+01
5.656538380446849601e+01
5.819787803352441813e+01
5.986025954215949696e+01
6.154232582942570673e+01
6.325020330776995081e+01
6.498726202870312818e+01
6.674962837841576402e+01
6.854457479019205834e+01
7.036821818529489292e+01
7.222635348461426474e+01
7.411930899955174823e+01
7.604496961051417259e+01
7.801246336546348914e+01
8.001582604402067034e+01
8.205946268082330164e+01
8.414775705215461699e+01
8.627567004234447268e+01
8.845036724759498270e+01
9.067005980527031284e+01
9.293556979831822673e+01
9.525002441342499537e+01
9.761053331677373990e+01
1.000214304857046557e+02
1.024797084692160638e+02
1.049857992366861765e+02
1.075417459426594746e+02
1.101420259185944843e+02
1.127896041663514950e+02
1.154814421616674451e+02
1.182142064387413711e+02
1.209892116516771381e+02
1.238011189111769141e+02
1.266497844312873440e+02
1.295327156490397442e+02
1.324468743957934294e+02
1.353926901039756672e+02
1.383658716780913380e+02
1.413670487849517201e+02
1.443946505184856619e+02
1.474459930526127209e+02
1.505227719986976638e+02
1.536217637246963363e+02
1.567429785641591309e+02
1.598862877388500010e+02
1.630491296308288725e+02
1.662325119907462181e+02
1.694342437162566739e+02
1.726539774867229369e+02
1.758915026058943170e+02
1.791447380805281568e+02
1.824148139945812943e+02
1.857000141556196411e+02
1.890001597476859843e+02
1.923159183786517019e+02
1.956455631032695237e+02
1.989902308001128404e+02
2.023491481313636200e+02
2.057217567722176170e+02
2.091086099617766081e+02
2.125081247976957570e+02
2.159206000102113876e+02
2.193449301976268089e+02
2.227800277865372607e+02
2.262259167850953077e+02
2.296807732999916993e+02
2.331446290253753943e+02
2.366167368634831689e+02
2.400959785380708809e+02
2.435825811187361296e+02
2.470750532789901115e+02
2.505729246875919500e+02
2.540753024722125133e+02
2.575805791060613501e+02
2.610882028622702364e+02
2.645962996380183654e+02
2.681037752828320890e+02
2.716093753842089313e+02
2.751111426785362823e+02
2.786082233043465521e+02
2.820986841175832183e+02
2.855811207355654915e+02
2.890543254618972924e+02
2.925163421265743864e+02
2.959661670440271450e+02
2.994020875153338466e+02
3.028226423572438080e+02
3.062266630940198411e+02
3.096123183859872370e+02
3.129785367586089819e+02
3.163237053039424040e+02
3.196463025413711989e+02
3.229451797136800906e+02
3.262185277903308815e+02
3.294651713261562236e+02
3.326836027212733597e+02
3.358722411095478151e+02
3.390299269161444613e+02
3.421549589314529385e+02
3.452460935605938630e+02
3.483019143038522998e+02
3.513208706907161059e+02
3.543018040086795963e+02
3.572430943271680235e+02
3.601434642308576599e+02
3.630015627933040037e+02
3.658158380652168944e+02
3.685851274998764779e+02
3.713079041177796853e+02
3.739828756688451676e+02
3.766087935833372171e+02
3.791842094555797757e+02
3.817080244289186908e+02
3.841788873704729212e+02
3.865956025467746144e+02
3.889570625732673648e+02
3.912619574183801774e+02
3.935092719748731156e+02
3.956977953310895373e+02
3.978263904140988529e+02
3.998940449191675270e+02
4.018995466205154230e+02
4.038419273241689780e+02
4.057201018182450980e+02
4.075330102717857699e+02
4.092797397758342868e+02
4.109592121821906971e+02
4.125705458703492923e+02
4.141127916630107393e+02
4.155849918805437824e+02
4.169863336431828316e+02
4.183158570928575273e+02
4.195727515054170453e+02
4.207561808355919197e+02
4.218652740059080202e+02
4.228993037911328656e+02
4.238574310514955528e+02
4.247389273902266495e+02
4.255430754534289690e+02
4.262691141324513637e+02
4.269164140888110524e+02
4.274842619595029873e+02
4.279720263239125302e+02
4.283791102835705260e+02
4.287048730883216763e+02
4.289487995098274951e+02
4.291103249162701445e+02
4.291889488302526274e+02
4.291842307224452497e+02
4.290956938881255383e+02
4.289229732674677393e+02
4.286656786478039862e+02
4.283234630306009194e+02
4.278960465469189103e+02
4.273831209495368171e+02
4.267844819647487498e+02
4.264528960052817865e+02
4.264240775216377415e+02
4.263684025548630530e+02
4.263434845805569466e+02
4.263379547919986408e+02
4.263088063716591023e+02
4.263482025094279493e+02
4.264043428954174146e+02
4.264545136308906876e+02
4.265655393895580687e+02
4.266809468302725463e+02
4.268095639877972189e+02
4.269694608891371104e+02
4.271496373571414438e+02
4.273588258343818893e+02
4.275895982268725106e+02
4.278736786948654753e+02
4.281815639805610090e+02
4.285031728737831145e+02
4.288620856342703860e+02
4.291949945712319732e+02
4.295045212150493512e+02
4.297894466352181553e+02
4.300096687598948506e+02
4.301846320584904788e+02
4.303096315467465729e+02
4.303914307108635739e+02
4.304405569692263498e+02
4.304625232533915096e+02
4.304815720239788561e+02
4.304840636515486381e+02
4.304890244376432520e+02
4.305059813241329039e+02
4.305146283963974270e+02
4.305380105337470695e+02
4.305668055890821506e+02
4.305937722491872250e+02
4.306303222462248073e+02
4.306644200468263080e+02
4.307015291528941248e+02
4.307363156572193930e+02
4.307696255218093597e+02
4.308056746123907601e+02
4.308330608381458546e+02
4.308649259983005777e+02
4.308957202265901287e+02
4.309212392283840813e+02
4.309544238764053716e+02
4.309847674887219569e+02
4.310178661549584263e+02
4.310560814161892722e+02
4.310944953778396211e+02
4.311387191569262995e+02
4.311826656658566321e+02
4.312296507627719393e+02
4.312771343888514366e+02
4.313200642765633006e+02
4.313646039100888174e+02
4.314022741737630895e+02
4.314353016455696661e+02
4.314661750057064182e+02
4.314887956042464907e+02
4.315094311110956369e+02
4.315258231523874315e+02
4.315390425408199349e+02
4.315526828303856064e+02
4.315650976438067801e+02
4.315824584410892157e+02
4.316039537999083109e+02
4.316323797977343588e+02
4.316714642246702169e+02
4.317165200575999506e+02
4.317698521250299564e+02
4.318265374128966414e+02
4.318810074475171064e+02
4.319322176178476980e+02
4.319736522224208670e+02
4.320053812850678128e+02
4.320263069971491632e+02
4.320360109396378334e+02
4.320377907298282025e+02
4.320302946414577718e+02
4.320170479980459959e+02
4.319996175457551999e+02
4.319797373224826060e+02
4.319650416033574061e+02
4.319600614371803999e+02
4.319732014372705748e+02
4.320107649315568779e+02
4.320724570144586210e+02
4.321554301808641867e+02
4.322483392193598206e+02
4.323392604523626233e+02
4.324170796293421404e+02
4.324725369307518008e+02
4.325042654969149680e+02
4.325124650586006965e+02
4.325015843072864641e+02
4.324767644624448053e+02
4.324386423601843035e+02
4.323875045937846835e+02
4.323199255948013047e+02
4.322346915119733239e+02
4.321383620869709148e+02
4.320471136995377606e+02
4.319919487855514717e+02
4.320074626668606470e+02
4.321142646874567959e+02
4.323017472197962547e+02
4.325280686345810182e+02
4.327444773613945586e+02
4.329110397649191100e+02
4.330051884808953560e+02
4.330249746403524114e+02
4.329851600484985283e+02
4.329138295081768888e+02
4.328377072679061826e+02
4.327665085070912596e+02
4.326857872183666132e+02
4.325575667124940082e+02
4.323329449106522020e+02
4.319621645326120074e+02
4.314031530582614096e+02
4.305549151762295423e+02
4.297714475900294246e+02
4.302437764775426672e+02
nan
nan
nan
nan
nan
nan
nan
nan
nan
nan
nan
nan
nan
nan
nan
nan
nan
nan
nan
nan
nan
nan
nan
nan
nan
nan
nan
nan
nan
nan
nan
nan
nan
nan
nan
nan
nan
nan
nan
nan
nan
nan
nan
nan
nan
nan
nan
nan
nan
nan
nan
nan
nan
nan
nan
nan
nan
nan
nan
nan
nan
nan
nan
nan
nan
nan
nan
nan
nan
nan
nan
nan
nan
nan
nan
nan
nan
nan
nan
nan
nan
nan
nan
nan
nan
nan
nan
nan
nan
nan
nan
nan
nan
nan
nan
nan
nan
nan
nan
nan
nan
nan
nan
nan
nan
nan
nan
nan
nan
nan
nan
nan
nan
nan
nan
nan
nan
nan
nan
nan
nan
nan
nan
nan
nan
nan
nan
nan
nan
nan
nan
nan
nan
nan
nan
nan
nan
nan
nan
nan
nan
nan
nan
nan
nan
nan
nan
nan
nan
nan
nan
nan
nan
nan
nan
nan
nan
nan
nan
nan
nan
nan
nan
nan
nan
nan
nan
nan
nan
nan
nan
nan
nan
nan
nan
