-6.000914184701167109e-04
-9.294290592977427767e-04
-1.887662146331015034e-03
-3.061399288394828222e-03
-3.661861991368919877e-03
-5.619258510698499354e-03
-7.075950975687028688e-03
-8.760286507215608864e-03
-1.138202206122795879e-02
-1.343870780858924530e-02
-1.600913369371859130e-02
-1.861568094067345136e-02
-2.143431593243172451e-02
-2.434074546953945983e-02
-2.682409177237499165e-02
-3.001256099936999711e-02
-3.244248767534108069e-02
-3.473906527933556809e-02
-3.752511497215560432e-02
-3.925173715107899142e-02
-4.144829665988791767e-02
-4.360290889067108822e-02
-4.506153320580663646e-02
-4.703944827149886265e-02
-4.868098669958431657e-02
-5.030711415364175210e-02
-5.205574091465337006e-02
-5.379022915763709278e-02
-5.586740922140087662e-02
-5.772753831026466997e-02
-5.998365735535227117e-02
-6.234060878333202993e-02
-6.452098564441799411e-02
-6.722782001083915659e-02
-6.968147578258943042e-02
-7.223227239327423277e-02
-7.502765685811763063e-02
-7.742563248106870688e-02
-7.999112040615941055e-02
-8.234428804502513799e-02
-8.446930532052654428e-02
-8.661102534759868021e-02
-8.832396448931678634e-02
-9.004279828038175282e-02
-9.149674268895413576e-02
-9.263942295503291291e-02
-9.379190601154929752e-02
-9.457033023258265558e-02
-9.534211331981889970e-02
-9.598460903222072460e-02
-9.645567674380961520e-02
-9.703727543231721597e-02
-9.741255401419124382e-02
-9.788410368058819699e-02
-9.835270815870078565e-02
-9.872636408227108973e-02
-9.930380485433776272e-02
-9.972939419946147410e-02
-1.001818809476171523e-01
-1.006431324898207080e-01
-1.008229241993081615e-01
-1.008931463132478612e-01
-1.005443447825458136e-01
-9.966896085555898566e-02
-9.813096598963255701e-02
-9.552500452984347135e-02
-9.172357285497056978e-02
-8.623123353002171143e-02
-7.871127361767005226e-02
-6.879532871540039451e-02
-5.586755637147433617e-02
-3.966279422050433823e-02
-1.959177796130351368e-02
4.783559457452568608e-03
3.373817824453517744e-02
6.778780922683669274e-02
1.070809300124411223e-01
1.518908712402859962e-01
2.024177309543517822e-01
2.586617958559624952e-01
3.208054189201430262e-01
3.887775120137462181e-01
4.625906455726838118e-01
5.422507017693414255e-01
6.275953034002093034e-01
7.186402441187071943e-01
8.152063986712612120e-01
9.171529992746512150e-01
1.024374862357539939e+00
1.136576816775482612e+00
1.253606290580880689e+00
1.375151986145949579e+00
1.500896424366445103e+00
1.630577996036882915e+00
1.763766189294040387e+00
1.900167677611449335e+00
2.039391043004636472e+00
2.181019653516283796e+00
2.324715679699220772e+00
2.469989920831058505e+00
2.616432893491818845e+00
2.763571872497738724e+00
2.910866228645991427e+00
3.057826955527715107e+00
3.203809872594969299e+00
3.348154763955683677e+00
3.490052936177026943e+00
3.628469400535268008e+00
3.762220603432788302e+00
3.889774083050760112e+00
4.009396774028632926e+00
4.119177058684130976e+00
4.217078389301827102e+00
4.301239625907608222e+00
4.370002839043225507e+00
4.422128888715660899e+00
4.456870956523691696e+00
4.473873976757960946e+00
4.473208886169913967e+00
4.455168526482706781e+00
4.420221616703174483e+00
4.368977350454599673e+00
4.302065566086076487e+00
4.220181150699620964e+00
4.123938521471997021e+00
4.013805699166590024e+00
3.890086996585503165e+00
3.752842979555242486e+00
3.602011232720120137e+00
3.437460120060333413e+00
3.259078942403197843e+00
3.066911841838479091e+00
2.861165845418170317e+00
2.642299747895358930e+00
2.411048083374850659e+00
2.168424287916526527e+00
1.915775293549118796e+00
1.654713076619436674e+00
1.387068799575247091e+00
1.114786500637668265e+00
8.397643820587186170e-01
5.637782860430027299e-01
2.883787869305911578e-01
1.486680091065561982e-02
-2.556850485564567954e-01
-5.224249469978268223e-01
-7.846437824163867703e-01
-1.041722613785859508e+00
-1.293057287652004561e+00
-1.537960822004755812e+00
-1.775620119320550305e+00
-2.005043145542025229e+00
-2.225074005294881196e+00
-2.434463434526966896e+00
-2.631953694607972682e+00
-2.816415366199157333e+00
-2.986949077237002204e+00
-3.142961619619544678e+00
-3.284218154683145929e+00
-3.410828223639292833e+00
-3.523213075692855245e+00
-3.622022466574958965e+00
-3.708021196538303421e+00
-3.781979322553111089e+00
-3.844550342374049468e+00
-3.896190333457834498e+00
-3.937116966789700800e+00
-3.967313387542239056e+00
-3.986595042167265568e+00
-3.994695546932970576e+00
-3.991369696556481994e+00
-3.976488719726739784e+00
-3.950098060203871331e+00
-3.912448338918161461e+00
-3.863978610305851547e+00
-3.805264933530290605e+00
-3.736951776717204243e+00
-3.659667796085535940e+00
-3.573960810387013076e+00
-3.480257360127534838e+00
-3.378858422418659746e+00
-3.269981573909349848e+00
-3.153827368565655931e+00
-3.030662910021244105e+00
-2.900895356284089566e+00
-2.765111696907434080e+00
-2.624079620178488170e+00
-2.478698780309577021e+00
-2.329914728254859568e+00
-2.178614012853278048e+00
-2.025516744596819851e+00
-1.871096871336704215e+00
-1.715544528284468573e+00
-1.558781148149045670e+00
-1.400532745475797203e+00
-1.240443483421357573e+00
-1.078213854797719584e+00
-9.137351478492239387e-01
-7.471896742239909628e-01
-5.791027066516991617e-01
-4.115023573409462010e-01
-2.446796148957006700e-01
-7.971589472661255726e-02
8.145717472446323271e-02
2.389513904970650415e-01
3.897258132292997779e-01
5.328659010005578622e-01
6.699488082790048260e-01
7.986587169424739230e-01
9.201816127186415173e-01
1.037267056373281982e+00
1.147095301628330954e+00
1.250602986599124833e+00
1.349910509065775699e+00
1.441385615071467896e+00
1.525292827096103476e+00
1.602768529632125905e+00
1.670880204584879181e+00
1.732432028135873381e+00
1.793173653172392523e+00
1.858104241837458925e+00
1.937017556078647562e+00
2.038838616673002591e+00
2.164449041346275138e+00
2.309348781241062021e+00
2.462183336168572545e+00
2.603061939939696590e+00
2.713468405975415276e+00
2.780696735422325983e+00
2.796303561022788209e+00
2.762209211345962423e+00
2.687783250227179010e+00
2.584598150016033102e+00
2.469657787647449698e+00
2.361624169725800471e+00
2.277871947621179505e+00
2.235970499032970960e+00
2.248243065945754182e+00
2.318279226103884483e+00
2.441688325369320900e+00
2.605312973590488745e+00
2.790081630369212640e+00
2.976195312768632029e+00
3.145808835167681394e+00
3.284520818286909893e+00
3.383063532527001094e+00
3.435925053408285024e+00
3.440390823597017089e+00
3.399040912814699666e+00
3.318666619087010439e+00
3.210652232397043448e+00
3.092307102899167770e+00
2.982975565623039671e+00
2.902805530700749870e+00
2.871624789645583764e+00
2.905491006499475226e+00
3.016640864543165712e+00
3.212373162355524947e+00
3.491680684299508286e+00
3.844226433884035732e+00
4.249224472888200488e+00
4.674808965617696543e+00
5.081257162765354884e+00
5.426475259780900728e+00
5.671211767453192110e+00
5.785491874581356164e+00
5.754549374429778652e+00
5.580737277958832898e+00
5.285450565718349480e+00
4.908780286775305868e+00
4.504844501393513667e+00
4.137397752951736507e+00
3.872354901372755620e+00
3.767779513433925143e+00
3.865865485030344662e+00
4.185402450889739612e+00
4.716748465116236133e+00
5.421865467846593845e+00
6.237553913538835815e+00
7.081801305451019601e+00
7.863236586102759773e+00
8.491644757254444897e+00
8.888313737613982468e+00
8.996590939068180859e+00
8.790636196258912349e+00
8.280408586313591002e+00
7.514120577799005218e+00
6.575556678511347286e+00
5.576208855305235801e+00
4.644739053310360077e+00
3.912688970555402435e+00
3.498942911920256194e+00
3.495440485078114001e+00
3.953663914980172667e+00
4.874411450434767090e+00
6.202704295691253478e+00
7.828004385467128401e+00
9.591878565073638896e+00
1.130301961252908960e+01
1.275765339774149965e+01
1.376358197169768793e+01
1.416553748015113534e+01
1.386798468066872658e+01
1.285269680873807552e+01
1.118944767031375775e+01
9.036429721227589695e+00
6.630400483463938954e+00
4.266092311445277119e+00
2.263249954561855848e+00
9.266271181099074994e-01
5.075368520286422935e-01
1.169737076729596481e+00
2.959111138627443349e+00
5.780637107979837097e+00
9.393294494208287659e+00
1.343071740111512113e+01
1.744048330986679574e+01
2.093348919851682055e+01
2.344152529344195912e+01
2.457749580241530651e+01
2.408896084631381740e+01
2.190061392128345830e+01
1.813767674849443878e+01
1.341625937475068930e+01
7.758311244031160570e+00
1.604482513245377717e+00
nan
nan
nan
nan
nan
nan
nan
nan
nan
nan
nan
nan
nan
nan
nan
nan
nan
nan
nan
nan
nan
nan
nan
nan
nan
nan
nan
nan
nan
nan
nan
nan
nan
nan
nan
nan
nan
nan
nan
nan
nan
nan
nan
nan
nan
nan
nan
nan
nan
nan
nan
nan
nan
nan
nan
nan
nan
nan
nan
nan
nan
nan
nan
nan
nan
nan
nan
nan
nan
nan
nan
nan
nan
nan
nan
nan
nan
nan
nan
nan
nan
nan
nan
nan
nan
nan
nan
nan
nan
nan
nan
nan
nan
nan
nan
nan
nan
nan
nan
nan
nan
nan
nan
nan
nan
nan
nan
nan
nan
nan
nan
nan
nan
nan
nan
nan
nan
nan
nan
nan
nan
nan
nan
nan
nan
nan
nan
nan
nan
nan
nan
nan
nan
nan
nan
nan
nan
nan
nan
nan
nan
nan
nan
nan
nan
nan
nan
nan
nan
nan
nan
nan
nan
nan
nan
nan
nan
nan
nan
nan
nan
nan
nan
nan
nan
nan
nan
nan
nan
nan
nan
nan
nan
nan
nan
