9.999751384620201300e-01
9.999237619797496368e-01
9.998972103369292430e-01
9.998788209423179474e-01
9.998371413477739056e-01
9.998101952130260539e-01
9.997956693684026952e-01
9.997650507512493290e-01
9.997399138547389263e-01
9.997323466340086728e-01
9.997150790067581561e-01
9.996986387950250741e-01
9.996884252435667140e-01
9.996616740728869743e-01
9.996289702003504640e-01
9.996051180761387212e-01
9.995735920719183154e-01
9.995355988940073377e-01
9.995015955854609224e-01
9.994636298094620175e-01
9.994178360411110074e-01
9.993061250291480624e-01
9.991707858232645734e-01
9.990223125372421631e-01
9.988587804509452273e-01
9.986805749854258396e-01
9.984883017027633700e-01
9.982813840903395075e-01
9.980589611319523602e-01
9.978221298847328447e-01
9.975706758962684662e-01
9.973031148971283066e-01
9.970208599839565089e-01
9.967234329757624911e-01
9.964096675318917518e-01
9.960807900358840117e-01
9.957364346886944384e-01
9.953761963929492751e-01
9.950007875157915738e-01
9.946105666569740045e-01
9.941631458605287852e-01
9.936930352959462143e-01
9.932107515521563235e-01
9.927121011530517514e-01
9.921983320832817865e-01
9.916755111058092043e-01
9.911406880900999194e-01
9.905947132783564646e-01
9.900431123865656158e-01
9.894846886773227546e-01
9.889198824557463574e-01
9.883529510097402992e-01
9.877847041043174015e-01
9.872144262608414378e-01
9.866456380969991224e-01
9.860800578988826448e-01
9.855162151083666222e-01
9.849570544577262998e-01
9.844042748279370203e-01
9.838564805755622977e-01
9.833156404849527910e-01
9.827832260233839712e-01
9.822581849887582761e-01
9.817413585538773413e-01
9.812340351999560006e-01
9.807354468640654410e-01
9.802454568817063896e-01
9.797651461756089475e-01
9.792938885904146629e-01
9.788308174213451451e-01
9.783768783149034975e-01
9.779314565293265593e-01
9.774935598359704159e-01
9.770640161965983284e-01
9.766424283159168551e-01
9.762283218245334515e-01
9.758223932870164763e-01
9.754250807320110628e-01
9.750365857190746999e-01
9.746578640203008570e-01
9.742904331839171705e-01
9.739350863910728462e-01
9.735933982377787954e-01
9.732675571498686784e-01
9.729589236011872977e-01
9.726694828395788806e-01
9.724016005724916978e-01
9.721569453573285502e-01
9.719374057126747291e-01
9.717450391991898639e-01
9.715813663863295258e-01
9.714477536698286064e-01
9.713456628345732424e-01
9.712763349034575500e-01
9.712406599658850448e-01
9.712399568336226308e-01
9.712756755017385446e-01
9.713492138724548752e-01
9.714629824402001290e-01
9.716200309546461078e-01
9.718242590821772886e-01
9.720812490918117055e-01
9.723982130721244843e-01
9.727843408040085516e-01
9.732511393983912518e-01
9.738125855472332670e-01
9.744847562863145907e-01
9.752854063998519507e-01
9.762334720763859996e-01
9.773476110700878294e-01
9.786451798254212076e-01
9.801412691758043527e-01
9.818473717075307805e-01
9.837708934758303547e-01
9.859149440696635125e-01
9.879214116607351048e-01
9.865956860708909870e-01
9.852496570396045428e-01
9.838845465976739924e-01
9.825012644474180323e-01
9.811008254368102088e-01
9.796844624952597558e-01
9.782540594087981711e-01
9.768123041995444567e-01
9.753628112025484187e-01
9.737554985409380137e-01
9.721119745469767315e-01
9.704698619568340456e-01
9.665034084739700937e-01
9.619892182974046912e-01
9.573544378865666005e-01
9.526077260136694980e-01
9.477610332015503625e-01
9.428296909183212504e-01
9.378318904491133035e-01
9.327878188470121179e-01
9.277187654362184510e-01
9.226459415583102563e-01
9.175895105088894832e-01
9.125678519879144579e-01
9.075969647818452612e-01
9.026903370108022573e-01
8.978591121977036460e-01
8.931126133453169968e-01
8.884591292318425593e-01
8.839067565116325298e-01
8.794642630404871930e-01
8.751415563473000647e-01
8.709498287691012086e-01
8.669013026822665058e-01
8.630084408999021406e-01
8.592830085859259892e-01
8.557349160628081597e-01
8.523710840798839339e-01
8.491945912791886153e-01
8.462041342449065917e-01
8.433940627678111479e-01
8.407549096841352432e-01
8.382744291180393992e-01
8.359390000312292290e-01
8.337351008133582209e-01
8.316507619498649806e-01
8.296766613295248893e-01
8.278067251724630093e-01
8.260382401011320264e-01
8.243713774028942343e-01
8.228083249547127886e-01
8.213521759779646159e-01
8.200057377377983903e-01
8.187705368294252439e-01
8.176461022024308356e-01
8.166296860512993749e-01
8.157164020210336819e-01
8.148996831256871687e-01
8.141720007940173032e-01
8.135255766211929584e-01
8.129529959487746815e-01
8.124475996928484101e-01
8.120035648038197440e-01
8.116157806206639735e-01
8.112795543043924695e-01
8.109903040423078746e-01
8.107433753217562211e-01
8.105340459057659430e-01
8.103578039482201012e-01
8.102108177819633550e-01
8.100905150454545955e-01
8.099961259859621565e-01
8.099289860134055719e-01
8.098925054235881493e-01
8.098916997535881013e-01
8.099322949768812396e-01
8.100195425771429258e-01
8.101568956211399053e-01
8.103448095042079524e-01
8.105798868418221392e-01
8.108545455448150641e-01
8.111573343365782174e-01
8.114738546220534587e-01
8.117882016826795111e-01
8.121154830602146379e-01
8.124489687069400556e-01
8.127087328489452922e-01
8.129065805510192755e-01
8.130980491392318932e-01
8.132300039420751192e-01
8.133111823262724194e-01
8.134059391993634369e-01
8.134880353997391289e-01
8.135566112427805585e-01
8.136673460476314679e-01
8.138114943076776298e-01
8.139755752007660217e-01
8.142074953385949332e-01
8.145203626161195976e-01
8.149093187194864640e-01
8.154286377683886977e-01
8.161112412633474422e-01
8.169430057282995872e-01
8.179308408023999721e-01
8.190411871967433477e-01
8.201659262839945397e-01
8.211999355101241571e-01
8.220250554385118980e-01
8.224971049278512192e-01
8.225183048013724463e-01
8.220488757733882546e-01
8.210860228045643305e-01
8.197017779413748872e-01
8.180540693323802293e-01
8.163334556407961795e-01
8.147593081544201032e-01
8.135662456217812588e-01
8.129302925637672539e-01
8.129496993145285400e-01
8.136423096876083116e-01
8.149156501493329818e-01
8.165808506306350134e-01
8.183946654101048601e-01
8.200779483747158149e-01
8.213458857644528877e-01
8.219595565107499224e-01
8.217505621294759477e-01
8.206345671633751282e-01
8.186394359011349708e-01
8.159058079057702750e-01
8.126620520378711188e-01
8.092124845606777361e-01
8.059052165113219646e-01
8.030848452405247029e-01
8.010636242912211324e-01
8.000908761955598525e-01
8.003186933246279056e-01
8.017813391773461751e-01
8.043878241368871418e-01
8.079131081088630761e-01
8.120059409519364557e-01
8.162219413078082297e-01
8.200584577827553234e-01
8.230049281887589219e-01
8.246094462382362877e-01
8.245355635291650165e-01
8.226135920889782183e-01
8.188849029575652194e-01
8.136198141334849421e-01
8.073076537352197324e-01
8.006234472778399613e-01
7.943636355757976997e-01
7.893531359003966852e-01
7.863427869785031277e-01
7.859054283883364356e-01
7.883391415680839343e-01
7.936031044186536709e-01
8.012923048680350435e-01
8.106519211300110550e-01
8.206426062339986505e-01
8.300473194568085411e-01
8.376075816469092938e-01
8.421793887565075520e-01
8.428894274318399216e-01
8.392694659387069933e-01
8.313503445016274807e-01
8.197028198207964023e-01
8.054112113014741947e-01
7.899795203299502244e-01
7.751806370960782067e-01
7.628593373371405084e-01
7.547119689443054780e-01
7.520689573879265621e-01
7.557028767379397882e-01
7.656866144801863783e-01
7.813224668953535623e-01
8.011561777426901010e-01
8.230824495232131888e-01
8.445390030600631315e-01
8.627760621697292409e-01
8.751750782246439098e-01
8.795839748251210732e-01
8.746309394943813098e-01
8.599732536622922696e-01
8.364439049143679306e-01
8.060654645209289759e-01
7.719131796251835764e-01
7.378299445982292593e-01
7.080166697270732223e-01
6.865422155402390869e-01
6.768289671021268106e-01
6.811746580339846924e-01
7.003646397727353312e-01
7.334237221255739403e-01
7.775565068911171052e-01
8.283071947267734991e-01
8.799422575258452062e-01
8.804394822222498806e-01
8.639164809597418282e-01
8.490002222481922711e-01
8.376502120933186912e-01
8.315669022376523944e-01
8.319497167618453703e-01
8.280959137028180983e-01
7.500692871220212554e-01
6.698552287130518090e-01
5.972374955632573368e-01
5.422534846983541046e-01
5.131677313061528967e-01
5.154549568896874545e-01
nan
nan
nan
nan
nan
nan
nan
nan
nan
nan
nan
nan
nan
nan
nan
nan
nan
nan
nan
nan
nan
nan
nan
nan
nan
nan
nan
nan
nan
nan
nan
nan
nan
nan
nan
nan
nan
nan
nan
nan
nan
nan
nan
nan
nan
nan
nan
nan
nan
nan
nan
nan
nan
nan
nan
nan
nan
nan
nan
nan
nan
nan
nan
nan
nan
nan
nan
nan
nan
nan
nan
nan
nan
nan
nan
nan
nan
nan
nan
nan
nan
nan
nan
nan
nan
nan
nan
nan
nan
nan
nan
nan
nan
nan
nan
nan
nan
nan
nan
nan
nan
nan
nan
nan
nan
nan
nan
nan
nan
nan
nan
nan
nan
nan
nan
nan
nan
nan
nan
nan
nan
nan
nan
nan
nan
nan
nan
nan
nan
nan
nan
nan
nan
nan
nan
nan
nan
nan
nan
nan
nan
nan
nan
nan
nan
nan
nan
nan
nan
nan
nan
nan
nan
nan
nan
nan
nan
nan
nan
nan
nan
nan
nan
nan
nan
nan
nan
nan
nan
nan
nan
nan
nan
nan
nan
