1.467458692500000161e+01
1.507447476700000166e+01
1.471016786500000073e+01
1.457365354800000112e+01
1.526132774200000064e+01
1.460291120000000120e+01
1.485750215400000052e+01
1.444305594800000137e+01
1.836006174999999985e+01
1.829990657900000173e+01
1.803800947500000262e+01
1.874699947899999941e+01
1.837217373100000017e+01
1.843378581099999991e+01
1.812174987600000264e+01
1.856023966700000116e+01
1.968615511000000140e+01
1.669368166199999948e+01
1.206973076400000089e+01
1.173132131400000056e+01
1.183032743500000095e+01
1.207370593100000100e+01
1.163837703999999995e+01
1.206527746000000079e+01
1.178653823600000017e+01
1.211156222600000021e+01
1.225918677599999995e+01
1.156813870700000102e+01
1.213419220900000006e+01
1.200613170800000162e+01
1.202170731200000020e+01
1.208812280800000138e+01
1.202428337400000125e+01
1.222912762800000053e+01
1.241575017900000155e+01
1.208118991500000128e+01
1.214080462300000107e+01
1.212956286800000072e+01
1.171206520700000020e+01
1.216787851499999995e+01
1.437690725200000053e+01
1.195522120600000093e+01
1.384777179100000133e+01
1.152853273100000031e+01
1.200204034600000114e+01
1.154705308300000155e+01
1.210990614700000023e+01
1.188145628900000084e+01
1.198718439900000021e+01
1.155008322499999984e+01
1.217998789000000137e+01
1.187262112000000158e+01
1.197633324600000115e+01
1.156382491700000159e+01
1.164997156999999994e+01
1.295413253000000076e+01
1.812557725100000283e+01
1.781482287900000117e+01
1.816826807400000021e+01
1.798186158300000059e+01
1.873852493300000077e+01
1.403589337800000081e+01
1.176864696900000062e+01
1.173569184800000009e+01
1.185254667200000078e+01
1.193734468900000145e+01
1.174425838700000035e+01
1.147061401000000025e+01
1.192726126500000028e+01
1.147528128100000089e+01
1.193311436699999994e+01
1.173619230200000096e+01
1.157387012000000048e+01
1.137953148900000144e+01
1.178388745100000001e+01
1.169502641200000070e+01
1.137732491100000054e+01
1.177641045800000086e+01
1.176067110299999996e+01
1.171352992800000159e+01
1.157398805800000119e+01
1.178709547500000099e+01
1.183762905000000032e+01
1.157648167000000150e+01
1.149650290400000152e+01
1.163992452400000133e+01
1.737843029100000081e+01
1.345741082200000172e+01
1.184739111500000064e+01
1.233564652700000153e+01
1.922624567500000126e+01
1.906400112000000036e+01
1.890040990900000040e+01
1.903566921700000236e+01
1.891436296800000250e+01
1.859414304799999940e+01
1.251362620000000092e+01
1.170228317000000118e+01
1.150512481700000045e+01
1.148852423300000147e+01
1.184106194200000139e+01
1.192031335200000086e+01
1.187543475900000089e+01
1.152835415600000069e+01
1.157153905300000041e+01
1.186429798600000041e+01
1.200348893600000011e+01
1.156649594900000011e+01
1.420958838700000015e+01
1.897585425900000189e+01
1.450504083300000069e+01
1.183261834600000029e+01
1.169190278700000007e+01
1.143965819000000117e+01
1.181198006300000003e+01
1.143823287500000063e+01
1.163210798100000076e+01
1.178118907100000001e+01
1.425332072300000164e+01
1.368924141200000122e+01
1.370954993700000024e+01
1.413788354900000144e+01
1.367566624500000039e+01
1.413753904100000014e+01
1.416128091100000042e+01
1.391360689000000050e+01
1.370431976600000112e+01
1.411129941100000096e+01
1.411508476800000089e+01
1.674309247200000073e+01
1.379551776800000162e+01
1.406833825100000013e+01
1.491521034600000029e+01
1.554607938300000036e+01
1.405357946600000041e+01
1.397186933200000070e+01
1.422035556300000003e+01
2.183678713700000174e+01
2.279651729700000118e+01
1.920240658100000175e+01
1.378797677100000030e+01
1.368978879600000020e+01
1.382035239400000037e+01
1.417659107700000121e+01
1.446386240400000034e+01
1.384089894500000106e+01
1.397945090700000037e+01
1.386560337600000103e+01
1.439114195100000160e+01
1.397948678700000080e+01
1.439270126000000083e+01
1.431201357000000129e+01
1.662607882600000053e+01
2.198372479300000037e+01
1.470961480100000074e+01
1.573132472000000170e+01
1.491360626600000039e+01
1.393855133100000110e+01
1.447013121200000008e+01
1.148901313200000018e+01
1.208400980600000096e+01
1.199724876500000015e+01
1.165087367600000157e+01
1.163349071500000065e+01
1.165095686300000111e+01
1.212462754500000095e+01
1.202510263500000143e+01
1.167396073000000101e+01
1.199602794500000158e+01
1.168909704000000005e+01
1.174719543500000007e+01
1.182004161100000061e+01
1.196308240699999992e+01
1.244454668000000019e+01
1.600440018000000109e+01
1.290197874200000072e+01
1.159793632100000060e+01
1.353808199900000098e+01
1.161415517900000083e+01
1.198842038300000112e+01
1.159067067299999998e+01
1.217332026700000114e+01
1.170771508300000008e+01
1.154112206600000157e+01
1.161602127899999992e+01
1.171591316700000007e+01
1.183564776400000085e+01
1.157518652600000131e+01
1.158299730300000085e+01
1.159232809400000086e+01
1.217771611200000059e+01
1.180186013100000153e+01
1.208224445700000160e+01
1.186977782400000159e+01
1.142949118200000136e+01
1.172686638900000133e+01
1.151663893200000111e+01
1.160737074300000060e+01
1.201354994300000101e+01
1.222651098500000089e+01
1.030458155100000006e+01
9.768519596000000860e+00
9.387958556000000954e+00
9.675562423000000578e+00
1.214486355900000092e+01
1.076248637300000155e+01
9.638330139000000685e+00
9.616393460000001170e+00
9.413957621999999859e+00
1.129255468100000037e+01
9.426109496000000476e+00
9.688237206000000157e+00
9.791377299000000534e+00
9.669565154000000717e+00
9.613110832000000272e+00
9.613613624000000968e+00
9.477673412999999769e+00
9.329091673000000640e+00
9.663868544000001393e+00
9.675533708999999760e+00
9.769399126000001488e+00
9.353059230000001278e+00
9.709976249000000337e+00
9.582876545000001300e+00
9.406352360999999718e+00
9.654135129000000148e+00
9.643922586000000408e+00
9.284635819000000012e+00
9.852995174000000134e+00
9.306759504000000405e+00
9.575017824000001454e+00
1.014709658200000142e+01
1.029594645700000122e+01
9.940830843000000527e+00
9.342301761999999954e+00
1.003395765800000028e+01
9.708724261000000411e+00
9.650288483000000639e+00
9.452052129000000136e+00
9.701224083000001386e+00
9.631079585000000165e+00
9.635300851000000222e+00
9.503384267000001273e+00
9.638104368000000477e+00
9.297524051999999983e+00
9.638992201000000648e+00
9.607098461999999728e+00
9.696559498000000943e+00
9.261354517000000897e+00
9.572790375000000296e+00
9.367916153000001245e+00
1.242351966500000060e+01
1.443745663100000165e+01
1.447027076300000026e+01
1.486978362300000178e+01
1.486951835200000005e+01
1.471317221300000178e+01
1.494808191600000136e+01
1.451682748300000014e+01
1.500899811900000103e+01
1.458379510400000179e+01
1.442315949500000016e+01
1.501836933500000093e+01
1.427252684600000165e+01
1.483185329500000016e+01
1.448332195900000130e+01
1.434974522700000144e+01
1.451605177900000143e+01
1.439406307300000165e+01
1.447599236200000128e+01
1.444647323200000066e+01
1.463631178900000052e+01
1.425063804900000086e+01
1.458250484100000044e+01
1.523909398800000048e+01
1.528227357300000122e+01
1.567536268500000141e+01
1.510631790400000085e+01
1.550252346700000139e+01
1.532062358200000141e+01
1.531449703200000023e+01
1.575609901800000046e+01
1.492137506000000080e+01
1.534816894900000150e+01
1.523864791200000113e+01
1.536243033900000121e+01
1.534389763600000123e+01
1.491081707000000023e+01
1.571321960700000098e+01
1.527809029700000032e+01
1.541971910400000034e+01
1.918742581800000124e+01
1.923638535599999955e+01
1.908521302900000194e+01
1.952649155900000011e+01
1.891119287500000112e+01
1.938856150500000197e+01
1.260545997100000015e+01
1.083458822300000080e+01
1.438707670600000021e+01
1.496401851200000088e+01
1.898954297600000274e+01
1.944403797900000086e+01
1.917985551599999994e+01
1.960798816900000219e+01
1.954965820199999982e+01
1.932823032800000007e+01
1.945605837200000110e+01
1.947914761000000183e+01
1.930773063600000228e+01
1.949247229900000278e+01
1.960455274000000259e+01
1.918511643000000078e+01
1.914886642500000136e+01
1.903779119800000075e+01
1.951092221300000062e+01
1.939651561300000182e+01
1.949125503300000162e+01
1.915605475899999988e+01
1.965450892400000171e+01
1.909210059100000123e+01
1.955876103499999985e+01
2.324960398200000000e+01
5.394450223200000494e+01
3.520086109800000429e+01
3.078713947500000359e+01
5.223732804380000516e+02
3.659275593000000271e+00
3.815069305000000188e+00
3.927618101000000195e+00
3.966182526000000319e+00
3.996899823000000129e+00
3.861256032000000449e+00
3.881090363000000210e+00
3.677701333000000350e+00
3.890277671000000215e+00
3.880631174000000350e+00
3.686057321000000275e+00
3.945747530000000225e+00
3.814002167000000387e+00
3.824305285000000332e+00
3.827193594000000143e+00
3.859041632000000277e+00
3.708060251000000029e+00
3.743131248000000078e+00
3.829898064000000435e+00
3.953406758000000298e+00
3.654855707000000287e+00
3.941390058000000085e+00
3.937346356000000380e+00
3.926841998000000444e+00
4.027570360000000349e+00
3.958301400000000303e+00
3.810827943000000051e+00
3.727851483000000243e+00
3.791804314000000176e+00
3.862182029000000405e+00
3.655321878000000080e+00
3.823109903000000198e+00
3.929309272000000242e+00
3.855337171000000396e+00
3.828209829000000397e+00
3.766170079000000115e+00
3.787867687000000316e+00
3.761791072000000291e+00
3.712063306000000118e+00
3.933655170000000201e+00
3.666366344000000055e+00
3.828072817000000239e+00
4.083760912000000687e+00
3.911446073000000023e+00
4.041542516999999890e+00
3.896929895000000421e+00
3.816361929000000153e+00
3.737969371000000152e+00
3.783254434000000277e+00
3.666127167000000409e+00
3.678010572000000256e+00
3.835865254000000224e+00
3.918098056000000273e+00
4.027615160999999944e+00
4.019699067000000348e+00
3.924050986000000130e+00
3.937378178000000339e+00
3.650821322000000091e+00
3.938340789000000175e+00
3.848981837000000183e+00
3.672452458000000419e+00
3.945710999000000108e+00
3.885096840000000107e+00
4.062019432000000485e+00
3.999393109000000113e+00
3.858983115000000019e+00
4.003041033000000581e+00
3.684856600000000260e+00
3.832501958000000375e+00
3.775555040000000417e+00
3.684296165000000123e+00
3.946135328000000442e+00
3.941518002000000465e+00
4.090972746000000271e+00
3.947915634000000118e+00
3.839891837000000141e+00
3.910572781000000386e+00
3.624389751000000270e+00
3.910529256000000231e+00
3.849860596000000079e+00
3.736617845000000049e+00
3.952472981000000107e+00
3.908245296000000035e+00
4.151194735000000691e+00
4.030199890000000451e+00
3.797241372000000226e+00
3.993706813000000189e+00
3.617447776000000115e+00
3.926041715000000210e+00
3.864991977000000301e+00
3.598186380000000018e+00
3.872184003000000097e+00
3.933359251000000167e+00
4.060072383000000507e+00
4.040878205000000278e+00
3.887856764000000354e+00
3.942623589000000095e+00
3.622489973000000418e+00
3.894621438000000158e+00
3.886545726000000034e+00
3.670338636000000321e+00
3.886683095000000421e+00
3.778344281000000304e+00
3.997703193000000432e+00
3.873901719000000021e+00
3.653576708000000117e+00
3.741847911000000249e+00
3.545746484000000365e+00
3.677391872000000284e+00
3.835767439000000056e+00
3.666115351000000189e+00
3.925218277000000366e+00
3.985770143000000321e+00
4.017363095000000328e+00
3.966967825000000225e+00
3.861665200000000020e+00
3.859292521000000420e+00
3.688949047000000370e+00
3.617499833000000109e+00
3.829818894000000196e+00
3.718100528000000349e+00
3.813602085000000308e+00
3.866127775000000266e+00
4.097871508999999968e+00
4.124618259000000009e+00
3.916852564000000037e+00
4.007442108000000225e+00
3.638327029000000046e+00
3.842519188000000252e+00
3.858878730000000257e+00
3.632737154000000412e+00
3.906268517000000440e+00
3.959377048000000343e+00
4.078545623000000120e+00
4.000364625000000451e+00
3.878613407000000457e+00
3.883627775000000337e+00
3.580578031000000383e+00
3.810800864000000399e+00
3.834022438000000310e+00
3.707423316000000302e+00
4.002294544000000620e+00
4.006925976999999861e+00
3.967970773000000229e+00
3.875985439000000365e+00
3.825100279000000381e+00
3.861569337000000157e+00
3.615207174000000023e+00
3.939834322000000277e+00
3.749833199000000228e+00
3.717638427000000245e+00
3.893047171000000084e+00
3.957398588000000217e+00
3.975146105000000318e+00
3.948508514000000247e+00
3.807311288000000182e+00
3.832172556000000174e+00
3.635830777000000236e+00
3.894046966000000332e+00
3.676765753000000192e+00
3.604738885000000170e+00
3.880919670000000377e+00
3.752005111000000337e+00
3.883974947000000455e+00
3.959974890000000247e+00
3.794646891000000188e+00
3.740168779000000221e+00
3.716938930000000418e+00
3.865011785000000089e+00
3.703772131000000023e+00
3.691671684000000120e+00
3.915449105000000429e+00
3.981789048000000442e+00
3.949363314000000180e+00
