4.922595156100000224e+01
5.087270875800000169e+01
5.038579870100000591e+01
5.023311174800000600e+01
4.996861015800000416e+01
4.996441068500000426e+01
5.080912292400000041e+01
5.328680550800000049e+01
5.347855460800000316e+01
4.361953242500000272e+01
4.626494085300000592e+01
5.354473988600000212e+01
5.392701469800000069e+01
5.316665254900000548e+01
5.320274822400000403e+01
5.382984093800000380e+01
5.338763796900000358e+01
3.937133295499999974e+01
3.207439315399999913e+01
3.186853008000000287e+01
3.184428253300000122e+01
3.096023322800000344e+01
3.389536841200000339e+01
4.826338535400000040e+01
4.938669967400000615e+01
5.107152481500000363e+01
5.027718355900000091e+01
4.883589901700000269e+01
5.094532478700000411e+01
5.068550313000000074e+01
5.205691730200000222e+01
5.341564367200000163e+01
5.310368968800000289e+01
5.361557089500000473e+01
5.350031352300000265e+01
5.146309803700000174e+01
5.231174630400000325e+01
4.490672134000000426e+01
4.628095940200000058e+01
5.083583692700000256e+01
4.923993104200000204e+01
5.127762237200000328e+01
5.040879225900000193e+01
5.076554804100000240e+01
5.342914806000000283e+01
5.295901641500000068e+01
5.319833599900000110e+01
5.323173905200000178e+01
5.135938297300000244e+01
5.221658268300000572e+01
5.008961829500000107e+01
4.738810580900000247e+01
5.077221520200000526e+01
5.098391229799999991e+01
5.122023807200000078e+01
5.111336996800000065e+01
5.138681878200000597e+01
5.076865506000000039e+01
5.101934603200000140e+01
5.136722646800000547e+01
5.135281880200000160e+01
5.066404328100000498e+01
5.071037285000000594e+01
5.126429562600000622e+01
5.140057360500000527e+01
5.152533553000000666e+01
5.120790706200000386e+01
5.077799003400000544e+01
5.075489373400000659e+01
5.096209863100000348e+01
5.112539659200000131e+01
5.076572180300000525e+01
5.089879778300000623e+01
5.110505753400000373e+01
5.103910578800000053e+01
5.028411008100000146e+01
5.026426019400000200e+01
5.107248801200000088e+01
5.062131767900000057e+01
5.014395811100000344e+01
5.059480796300000094e+01
5.082457946700000662e+01
5.058972522200000554e+01
4.767508818900000023e+01
3.258290056799999945e+01
3.142634286200000204e+01
3.636537624800000401e+01
5.003918063700000118e+01
4.230802541399999939e+01
4.402304732600000392e+01
3.836696489100000207e+01
3.199747237600000105e+01
3.216763141900000278e+01
3.099943232400000070e+01
3.203840688200000386e+01
4.862867322500000000e+01
5.098981998700000418e+01
4.789187485200000083e+01
3.578077981700000265e+01
5.124888554600000390e+01
5.119610530599999976e+01
5.107263558100000012e+01
5.085248305300000027e+01
5.063918314200000026e+01
5.241180784600000209e+01
5.142722935800000528e+01
5.321615046500000545e+01
5.158280663300000413e+01
5.170946606000000401e+01
5.183912461800000671e+01
5.130659421900000439e+01
5.137887037000000134e+01
3.161148264500000238e+01
3.271720859599999898e+01
3.086166641600000204e+01
3.202832656500000041e+01
3.095108362100000221e+01
3.070462089200000122e+01
3.179060406300000352e+01
3.385475908400000122e+01
3.264388775300000134e+01
3.240639629200000371e+01
4.405499136699999951e+01
3.174993487900000133e+01
3.063178191700000141e+01
3.919000718800000271e+01
4.414415352200000342e+01
3.095292678400000241e+01
3.224585477100000475e+01
3.078470296600000111e+01
3.212089532000000247e+01
3.107442491900000192e+01
3.171028049300000262e+01
5.185226024000000677e+01
4.292231545500000323e+01
3.069464310600000090e+01
3.835646522400000435e+01
4.623283807600000017e+01
4.498418820900000270e+01
4.854343227400000416e+01
5.142488777100000164e+01
5.033503348500000385e+01
4.818568310100000218e+01
5.056767287200000283e+01
5.103660207400000104e+01
5.026867901800000027e+01
4.934240639400000106e+01
5.069229414700000547e+01
5.117214756200000636e+01
5.141631620500000110e+01
5.092330715100000305e+01
5.080834380200000311e+01
5.114875460400000406e+01
5.277328197900000362e+01
5.298287758000000025e+01
5.236112115300000625e+01
5.250972572500000268e+01
4.198475651500000083e+01
4.580508444600000217e+01
4.830281241200000153e+01
4.541510427100000413e+01
4.539290191100000271e+01
4.542066860399999939e+01
4.544143051900000074e+01
4.555350268100000477e+01
4.683348518400000415e+01
5.157779421200000058e+01
5.270910021400000289e+01
3.805017529300000234e+01
3.045559666000000121e+01
3.422569873000000484e+01
3.078423305100000107e+01
3.159732970900000026e+01
3.095686161700000127e+01
5.095914869400000669e+01
5.189037960400000316e+01
5.215402677900000583e+01
5.142725055800000433e+01
5.103329857800000013e+01
5.305241088700000063e+01
5.258162476500000082e+01
3.933863554300000231e+01
3.113660945600000218e+01
3.173461292000000356e+01
4.695368684600000364e+01
5.273427796600000050e+01
5.254482554300000174e+01
5.277866445700000497e+01
3.064698549300000252e+01
3.191783853100000101e+01
4.597402745400000157e+01
5.321087581800000521e+01
5.314781710000000459e+01
5.272284585300000259e+01
5.279531513000000587e+01
3.298672614699999883e+01
5.242369632900000198e+01
5.307750046299999980e+01
5.361758819300000312e+01
5.355850113200000351e+01
5.292334750900000273e+01
5.331582548400000121e+01
5.045639553900000607e+01
5.020963563000000107e+01
5.270028079800000143e+01
5.099087193900000159e+01
3.213386129700000282e+01
3.087649721400000047e+01
3.164360606000000331e+01
3.083121710900000068e+01
3.258759050800000523e+01
3.188121868300000372e+01
5.190748503400000402e+01
5.078133557000000309e+01
5.024551225100000096e+01
5.074438075500000167e+01
5.043472323900000021e+01
5.000501076900000186e+01
5.064857323600000427e+01
5.044437630700000597e+01
5.017484618900000015e+01
5.087067535000000618e+01
5.051179057600000277e+01
5.019181390199999981e+01
5.108328168700000305e+01
5.029263497500000568e+01
5.066485809200000290e+01
5.055158841200000097e+01
5.020135286900000438e+01
5.085983586200000417e+01
5.037409795500000342e+01
5.081248530900000304e+01
5.014496823500000033e+01
5.097895260700000364e+01
5.087189627900000488e+01
5.080702420000000075e+01
5.034881716600000345e+01
5.057967365000000370e+01
4.954978931200000147e+01
4.237404736300000252e+01
5.061875867800000606e+01
5.027041007400000439e+01
5.073927622300000451e+01
5.032649964500000550e+01
5.107154309400000614e+01
5.007043784400000419e+01
5.057656897700000087e+01
5.030607330500000529e+01
5.010478144700000058e+01
5.077160861900000555e+01
5.032909306500000213e+01
5.068340752499999979e+01
4.998680710400000038e+01
5.044298883800000510e+01
4.625315592700000167e+01
3.085954751200000246e+01
3.189702587700000080e+01
3.085274285500000246e+01
3.076388952200000304e+01
3.363424504600000375e+01
5.086534404400000398e+01
5.248536503900000127e+01
5.067384997100000277e+01
5.043580573000000555e+01
5.078547751100000340e+01
5.128186690800000491e+01
5.004532539300000593e+01
5.058621425400000504e+01
5.065390278600000329e+01
4.987818894700000527e+01
5.061577668200000346e+01
5.016101821200000188e+01
5.077110984600000165e+01
5.046599420500000122e+01
5.043356832400000656e+01
5.093427202200000181e+01
4.785125388300000537e+01
4.242960802700000045e+01
4.970540576600000549e+01
4.566648884500000349e+01
3.228646997999999968e+01
3.925688428800000196e+01
5.056411623000000333e+01
5.066436142400000620e+01
5.048436106400000511e+01
5.064765117500000002e+01
5.037180679700000496e+01
5.067722316700000107e+01
5.087465368600000204e+01
5.046464905800000622e+01
5.092205888500000555e+01
4.990380715300000247e+01
5.045296537300000494e+01
5.074198408400000204e+01
5.003901055300000422e+01
5.089052852800000437e+01
5.073732986800000333e+01
5.044816186900000332e+01
3.918166573999999969e+01
4.581127221999999932e+01
5.215570653000000334e+01
5.238541232800000103e+01
5.135381570000000551e+01
5.323595795900000383e+01
5.236705520400000324e+01
5.296187944900000133e+01
5.238542693900000558e+01
5.233337047600000602e+01
5.309949118000000112e+01
5.201969768000000016e+01
5.229502376399999974e+01
5.301035614100000259e+01
5.279117865600000670e+01
5.221600054100000676e+01
5.265329774500000326e+01
5.249403367800000098e+01
5.223413654900000580e+01
5.296138427600000398e+01
5.316739187300000680e+01
5.244432408500000520e+01
5.284844952000000262e+01
5.261029643000000533e+01
5.227387898900000351e+01
5.285571080200000438e+01
5.324264791700000643e+01
5.212910793700000056e+01
3.950232493700000447e+01
4.383015619600000434e+01
3.756453173799999945e+01
3.094951244500000342e+01
3.083097263100000163e+01
3.083754382200000066e+01
3.142118502300000316e+01
3.522761914899999880e+01
4.510522864100000362e+01
5.014745631899999978e+01
5.013492198200000161e+01
5.000496977899999962e+01
5.042496236200000226e+01
5.083769314900000325e+01
5.098406864900000102e+01
5.036227560600000430e+01
5.057822101500000400e+01
5.053816163700000175e+01
4.994624768700000317e+01
5.071001657300000431e+01
5.015961831300000284e+01
5.044357307900000364e+01
5.014501030300000650e+01
5.044907083700000072e+01
5.117532490600000017e+01
5.009974405300000200e+01
5.075134587800000219e+01
4.993335477300000491e+01
5.079054674900000066e+01
5.038024330900000081e+01
5.051026913800000528e+01
5.057212545400000181e+01
5.060630118300000646e+01
4.692363867800000321e+01
5.003710291100000518e+01
4.991971408600000615e+01
5.071020169800000588e+01
5.039117564300000396e+01
5.093377081300000242e+01
5.085853698800000444e+01
5.037927581900000007e+01
5.097334520600000474e+01
5.031855433600000538e+01
5.024814031400000403e+01
5.094372759200000189e+01
5.024275711500000341e+01
5.068938273800000616e+01
5.106182632800000221e+01
5.013625346700000307e+01
5.058500606100000141e+01
5.030887170700000155e+01
5.032342469700000009e+01
5.090793156300000533e+01
5.038703289500000437e+01
5.069604890200000114e+01
5.047879191100000185e+01
5.027736312100000049e+01
5.049983453700000524e+01
5.007071579100000491e+01
5.061983996800000085e+01
5.042927013600000663e+01
5.054675714600000447e+01
5.074074494000000612e+01
5.029462300300000521e+01
5.114866668500000202e+01
5.015503224400000448e+01
5.026430052900000334e+01
5.015693961100000564e+01
4.992064557400000524e+01
5.064942565400000518e+01
4.988177556500000520e+01
5.058916495600000474e+01
4.993530949200000180e+01
4.974784900000000221e+01
5.058802591400000637e+01
5.013971704000000074e+01
4.993471975900000359e+01
5.052947212700000534e+01
4.981442154500000186e+01
5.030114512400000137e+01
5.052481360600000215e+01
5.033147902800000395e+01
5.108486000000000615e+01
5.034166135200000269e+01
5.037802685300000149e+01
5.053180827799999975e+01
5.041769014100000135e+01
5.086897112600000526e+01
5.038499245800000637e+01
5.044450722100000206e+01
5.053589242099999979e+01
5.041876143400000387e+01
5.048136546300000305e+01
5.001411247600000110e+01
5.109698218100000133e+01
5.005032038500000624e+01
5.063043732600000624e+01
5.028185696500000290e+01
5.055609891800000355e+01
4.985097730400000415e+01
5.104141220400000378e+01
5.031108093800000347e+01
5.051327007400000468e+01
5.011016508900000588e+01
5.009834698500000627e+01
5.011522185300000132e+01
4.964659784400000575e+01
5.035451042000000399e+01
4.994549128999999965e+01
5.036958305100000644e+01
5.007714005300000082e+01
5.083462571900000171e+01
5.034091195200000612e+01
5.112584890700000528e+01
5.017556366900000597e+01
5.131981288900000493e+01
5.059893934700000528e+01
5.093669499700000358e+01
5.028831147700000059e+01
5.138649034700000584e+01
5.061613152800000393e+01
5.009690818900000409e+01
5.132462416300000285e+01
5.198840080200000102e+01
5.140098213500000668e+01
5.258641111500000420e+01
5.313768731500000086e+01
3.582763135600000481e+01
4.929832027500000180e+01
5.046903529400000110e+01
5.116409433800000528e+01
5.048172840500000547e+01
5.102151947800000187e+01
5.068418145300000077e+01
5.121828466100000554e+01
5.046206592400000090e+01
5.119608017700000602e+01
5.073644332399999968e+01
5.136270431600000563e+01
5.043713248600000298e+01
5.068929905400000280e+01
5.026393582300000418e+01
5.116839273300000457e+01
5.065264911300000250e+01
5.105455038600000250e+01
5.024217552200000370e+01
5.115609249000000602e+01
5.059173761899999988e+01
5.083383662399999992e+01
5.052235782300000011e+01
5.071451492100000280e+01
5.069372878300000451e+01
5.082431983900000461e+01
5.082374935200000010e+01
5.057999122000000369e+01
5.043407020800000140e+01
5.032642019500000430e+01
5.096583187700000650e+01
5.053521445900000231e+01
5.118392548500000316e+01
5.007571717200000450e+01
5.128582650100000251e+01
5.045048278700000566e+01
5.076940202700000526e+01
5.000846007000000526e+01
5.010093764400000538e+01
5.067872353799999985e+01
5.077347048000000029e+01
5.082079286200000467e+01
5.069625132100000542e+01
5.099242614599999968e+01
5.031842487100000483e+01
5.119978033200000311e+01
5.067290419900000131e+01
5.133528208200000620e+01
4.631842590200000132e+01
3.040361571700000098e+01
3.021025762900000089e+01
3.058135338700000361e+01
3.039564047200000019e+01
3.023088843500000067e+01
3.490129843300000090e+01
5.023258415700000512e+01
5.028942859800000065e+01
5.040172664700000382e+01
5.037750657400000165e+01
5.005684672900000010e+01
5.051993244500000202e+01
5.014887578600000495e+01
5.051644491200000431e+01
4.995258736200000271e+01
5.085957475200000033e+01
5.018518192100000164e+01
5.025226298700000171e+01
5.028706618300000031e+01
4.995427500300000645e+01
5.058568860200000472e+01
4.999948545600000216e+01
5.063955253400000345e+01
5.029515228600000398e+01
5.045662831300000306e+01
4.971310651699999994e+01
5.002497472299999970e+01
4.957865155000000357e+01
4.956473911200000515e+01
4.984418055400000469e+01
5.004883428900000553e+01
5.010060478200000489e+01
5.004467403100000666e+01
5.049681802700000333e+01
5.026178367800000046e+01
5.092225386200000514e+01
5.047348503600000669e+01
5.077543185500000078e+01
5.072199997500000279e+01
5.150076227600000323e+01
5.077454930500000074e+01
5.112602240900000083e+01
5.063761399400000585e+01
5.102492085200000105e+01
5.088565414800000042e+01
5.141982035200000212e+01
5.077401517900000272e+01
5.101926595400000508e+01
5.022553686600000589e+01
5.136987279800000294e+01
5.071820352100000662e+01
5.125750651900000321e+01
5.024135790200000429e+01
5.082583081599999986e+01
5.023398583200000189e+01
5.070644211700000170e+01
5.072217584300000226e+01
5.044573343000000420e+01
5.044576681000000207e+01
5.052673708700000077e+01
5.106043672100000208e+01
5.083079806000000644e+01
5.032782569200000466e+01
5.045033742700000090e+01
5.105495070599999963e+01
5.054551348600000438e+01
5.121513251800000432e+01
5.068227355300000170e+01
5.138485416900000047e+01
5.101161012400000061e+01
5.092982712600000639e+01
5.069590579900000193e+01
5.088678251900000049e+01
5.126903355500000004e+01
5.113736943199999985e+01
5.157909831500000308e+01
5.067958963800000305e+01
5.062047244400000068e+01
5.090040505200000354e+01
5.050554696300000046e+01
5.169530477300000371e+01
5.091854732200000200e+01
5.144748164399999979e+01
5.087848952200000241e+01
5.121028808500000196e+01
5.065436758400000627e+01
5.069469154300000469e+01
5.077706781700000249e+01
5.082838689100000096e+01
5.139982981900000425e+01
5.103397669499999978e+01
5.171392404400000231e+01
5.101746788100000174e+01
5.142875382000000428e+01
5.110295085300000295e+01
5.099583791600000637e+01
5.087300673900000447e+01
5.088955492900000621e+01
5.165446340200000463e+01
5.111695542200000375e+01
5.096632447100000007e+01
5.091301311400000174e+01
5.142126674000000008e+01
5.084076250000000385e+01
5.146579853300000451e+01
5.070250219900000133e+01
5.135669148900000636e+01
5.065369750199999999e+01
5.084354428900000045e+01
5.106739645800000460e+01
3.052815039000000041e+01
3.023427524100000241e+01
3.068160617600000251e+01
3.032995515900000072e+01
3.032421238400000263e+01
3.069624460200000016e+01
3.043763696900000326e+01
3.059228690200000145e+01
3.071496994900000033e+01
3.031049790600000193e+01
3.075528894600000029e+01
3.025335259700000279e+01
3.059731032500000225e+01
3.060765250100000046e+01
3.045096697300000343e+01
3.060939144700000014e+01
3.068074237100000090e+01
3.033169950700000328e+01
3.068206936500000026e+01
3.056265498600000186e+01
3.031001595200000054e+01
3.090601367100000019e+01
3.025313006500000057e+01
3.074193581700000166e+01
3.075675009100000068e+01
3.039116992400000328e+01
3.072209181400000233e+01
3.074515883700000174e+01
3.041607440400000328e+01
3.096591949800000165e+01
3.049667144800000074e+01
3.092065894800000336e+01
3.077735208800000066e+01
3.059440296900000078e+01
3.072270719500000169e+01
3.088070784100000310e+01
3.058731730600000276e+01
3.074449378800000332e+01
3.073984626300000045e+01
3.044409907100000012e+01
3.088422777200000269e+01
3.043584016300000172e+01
3.081085281800000075e+01
3.084342691800000225e+01
3.062739330500000179e+01
3.071297510600000180e+01
3.078951928900000112e+01
3.042930185700000223e+01
3.097594334700000118e+01
3.050748534900000308e+01
3.089152259300000125e+01
3.099479796000000320e+01
3.048086456600000105e+01
3.086172185800000278e+01
3.072443726800000263e+01
3.061742382700000320e+01
3.085186945300000261e+01
3.069167709300000269e+01
3.045701258700000125e+01
3.083267106600000318e+01
3.048371306400000336e+01
3.092144335200000071e+01
3.095087290200000041e+01
3.064558723700000087e+01
3.086013017100000155e+01
3.098291662300000127e+01
3.067828016500000032e+01
3.080894564500000143e+01
3.077636452700000191e+01
3.062490249000000020e+01
3.080576233200000047e+01
3.057168017100000057e+01
3.088046437400000244e+01
3.081978406700000050e+01
3.070160366800000062e+01
3.071978338900000338e+01
3.104917752700000122e+01
3.046363060600000239e+01
3.085554037800000060e+01
3.073164912200000032e+01
3.035238049600000210e+01
3.088933087400000232e+01
3.043049515100000235e+01
3.083669098700000077e+01
3.068912446100000224e+01
3.052929198200000016e+01
3.072269773100000023e+01
3.063446845300000021e+01
3.034387617800000214e+01
3.082139321300000034e+01
3.034231832300000065e+01
3.088800780700000104e+01
3.074043068500000331e+01
3.035548006500000184e+01
3.093513129400000139e+01
3.058604182900000268e+01
3.059907275300000151e+01
3.070611855700000348e+01
3.049006580200000016e+01
3.037799424300000339e+01
3.073375777500000083e+01
3.042475041600000196e+01
3.077090568600000253e+01
3.061595272500000320e+01
