-3.946391765773068667e-07
-1.282842749357234012e-06
-1.734227948384008110e-06
-1.947457028840280786e-06
-2.675856214602665912e-06
-3.122923194921312079e-06
-3.269487636952870810e-06
-3.836608230288226075e-06
-4.270487724327661106e-06
-4.396491159090275050e-06
-4.806532444769033931e-06
-5.220999794602439862e-06
-5.337040497791217441e-06
-5.614979975035185238e-06
-5.993303796534301261e-06
-6.102375861345684954e-06
-6.275573152670623636e-06
-6.602514959271899742e-06
-6.700208727021467020e-06
-6.798163280390855917e-06
-7.057200515970965963e-06
-7.140908248549816664e-06
-7.186903709106013341e-06
-7.363513486678321664e-06
-7.437812368002346429e-06
-7.437507602168129041e-06
-7.534206740154775893e-06
-7.596078664518662520e-06
-7.548943688016833009e-06
-7.581801399431506193e-06
-7.613453814960711118e-06
-7.530070512962831549e-06
-7.507039463105854532e-06
-7.494448957354630897e-06
-7.387082886592236897e-06
-7.307172772572543465e-06
-7.248884958725858984e-06
-7.118947034394818870e-06
-6.985188894843307909e-06
-6.881907230948858474e-06
-6.726365857445168129e-06
-6.544366474325440763e-06
-6.397042224569303312e-06
-6.211700289506370542e-06
-5.987845452351980941e-06
-5.798045406454002009e-06
-5.577778529676035338e-06
-5.321180606607036466e-06
-5.086527517882555073e-06
-4.832523898939833853e-06
-4.547684236253248117e-06
-4.267922576542052790e-06
-3.985153708381282330e-06
-3.670798852505832974e-06
-3.353183073668300780e-06
-3.042602965773953012e-06
-2.700210031377127090e-06
-2.353306543141333483e-06
-2.014475695263986259e-06
-1.649776216091940111e-06
-1.279597215112841258e-06
-9.153238968776689818e-07
-5.348904307684539840e-07
-1.466838001462058351e-07
2.367547176005629137e-07
6.267438647315027885e-07
1.026616381412893269e-06
1.420638124095108478e-06
1.813939579844407367e-06
2.217281244164235108e-06
2.611701484446436553e-06
3.001657185070572673e-06
3.397573251664149577e-06
3.782214909200327267e-06
4.160094970039612720e-06
4.536038755905980871e-06
4.901307467159467574e-06
5.254782544398778305e-06
5.599541915829872937e-06
5.933751319199518570e-06
6.249410918920872035e-06
6.552254472308255567e-06
6.840964350509884060e-06
7.106099810739866739e-06
7.353816137368977920e-06
7.581621552710860339e-06
7.782100461530873110e-06
7.958747347666832238e-06
8.109152093206940286e-06
8.228409828896027383e-06
8.316444247056739987e-06
8.372540966017658564e-06
8.393800293329582325e-06
8.377393744185142560e-06
8.325998079708713217e-06
8.236940001910462601e-06
8.107848204767711337e-06
7.943442332032677551e-06
7.740856706369933323e-06
7.500209475398870733e-06
7.224841801397797340e-06
6.913268350009939205e-06
6.566316744454043428e-06
6.184681208185246811e-06
5.768826905901214486e-06
5.317720301426025154e-06
4.830979913429826313e-06
4.310012871049043232e-06
3.752522227522725968e-06
3.159404754755857760e-06
2.532485226094528752e-06
1.870572587018346431e-06
1.175690448287680657e-06
4.490878979669147921e-07
-3.096991189424786883e-07
-1.099858296052156652e-06
-1.921635007839362204e-06
-2.775345672630838802e-06
-3.661961144798457643e-06
-4.581965631751112263e-06
-5.535519849127661511e-06
-6.524560746166686640e-06
-7.548772409031837230e-06
-8.608865981714185160e-06
-9.706342644807175636e-06
-1.084066300314829088e-05
-1.201283899569039082e-05
-1.322320586843140784e-05
-1.447172026060871100e-05
-1.575869240041950488e-05
-1.708390813965871043e-05
-1.844764887343777705e-05
-1.984929638334826941e-05
-2.128864045346366316e-05
-2.276559819049508968e-05
-2.427891501635512535e-05
-2.582823993323435984e-05
-2.741262131047800900e-05
-2.903044153496749121e-05
-3.068074640069248479e-05
-3.236174014420675781e-05
-3.407171766830620449e-05
-3.580891491637643140e-05
-3.757123232103892221e-05
-3.935683904059089188e-05
-4.116331748537286310e-05
-4.298871257706069409e-05
-4.483083456561988856e-05
-4.668706937332906421e-05
-4.855540405627991522e-05
-5.043306578916994560e-05
-5.231741363897982614e-05
-5.420591894328527001e-05
-5.609559847473419097e-05
-5.798388239353859157e-05
-5.986801085456150900e-05
-6.174549341386677053e-05
-6.361403976601105877e-05
-6.547136410603397586e-05
-6.731570908749084751e-05
-6.914512528403525136e-05
-7.095778884271409636e-05
-7.275199222930473658e-05
-7.452556129854069600e-05
-7.627646939963759413e-05
-7.800247747153740848e-05
-7.970117335142093363e-05
-8.137035670263260240e-05
-8.300766604787639786e-05
-8.461103880243045971e-05
-8.617848894345140102e-05
-8.770818065838410728e-05
-8.919864475356378017e-05
-9.064832798857926576e-05
-9.205601193427148372e-05
-9.342050046150202980e-05
-9.474052284915614598e-05
-9.601500417522653829e-05
-9.724267395074620514e-05
-9.842235980911232841e-05
-9.955294626895177103e-05
-1.006333136953808797e-04
-1.016625677362578575e-04
-1.026397945822272626e-04
-1.035642522423620073e-04
-1.044352971680344685e-04
-1.052522675473482503e-04
-1.060146774590167869e-04
-1.067219399638732536e-04
-1.073734704126530482e-04
-1.079687331214868512e-04
-1.085071300591668289e-04
-1.089882898496826878e-04
-1.094120111707170634e-04
-1.097783753946374315e-04
-1.100878256364058602e-04
-1.103409903456023094e-04
-1.105387808776945013e-04
-1.106821599636051689e-04
-1.107720949981323423e-04
-1.112080608604233055e-04
-1.120909253540970782e-04
-1.124854901974446387e-04
-1.125960109943836981e-04
-1.131794818574257679e-04
-1.134348387136398652e-04
-1.133489626192770545e-04
-1.136433113839215188e-04
-1.137617244869250257e-04
-1.135327323856729785e-04
-1.135420599437830016e-04
-1.135053205869743443e-04
-1.131119029352219206e-04
-1.128049737326491990e-04
-1.125083938629871475e-04
-1.118389606947611245e-04
-1.111238395186536369e-04
-1.104627752992085412e-04
-1.095042574714852270e-04
-1.085241489678022523e-04
-1.077353154094449111e-04
-1.068590518779153627e-04
-1.060750992702920768e-04
-1.055742847721238261e-04
-1.051364178619827044e-04
-1.047799824285989970e-04
-1.046545492128510242e-04
-1.046053253626539795e-04
-1.045296945052962511e-04
-1.045875865913405172e-04
-1.046741182609004021e-04
-1.046562940773651973e-04
-1.046902761843866963e-04
-1.047138881170748485e-04
-1.046191414351407080e-04
-1.045255362935843766e-04
-1.044332696973988481e-04
-1.042633836389993807e-04
-1.040943683457426705e-04
-1.039739486252004076e-04
-1.038330522046156779e-04
-1.037045563704506416e-04
-1.036536916960511493e-04
-1.036103149936634557e-04
-1.035729431981039335e-04
-1.036078245503546159e-04
-1.036446600687851785e-04
-1.036687545811582566e-04
-1.037229627797295241e-04
-1.037530147689324768e-04
-1.037336010425814864e-04
-1.036865560284269379e-04
-1.035978029738300507e-04
-1.034394106144468733e-04
-1.032467815377781861e-04
-1.030452234816845472e-04
-1.028162837420105048e-04
-1.026070296887501989e-04
-1.024460615261040100e-04
-1.023120356312532027e-04
-1.022299844790156291e-04
-1.022105342499486413e-04
-1.022315482759039165e-04
-1.022992876083125634e-04
-1.024236129478804181e-04
-1.025889370263596899e-04
-1.027782327933597005e-04
-1.029812378893736819e-04
-1.031549893381411640e-04
-1.032445878002544095e-04
-1.032289854796624145e-04
-1.030826816275359222e-04
-1.028042865827927618e-04
-1.024489474343518439e-04
-1.020722525738251981e-04
-1.017339198845305644e-04
-1.014898641261255982e-04
-1.013603388285170881e-04
-1.013321313712056465e-04
-1.013795702498284702e-04
-1.014866890940506304e-04
-1.016442981127199663e-04
-1.018742548941607717e-04
-1.022160009297245846e-04
-1.026764506451756804e-04
-1.032257299305735463e-04
-1.037797191587447321e-04
-1.041996035134456084e-04
-1.043482849828885765e-04
-1.041412252651178160e-04
-1.035866701636149577e-04
-1.028046880408351626e-04
-1.019995031565531216e-04
-1.013895149748574227e-04
-1.011200284486343928e-04
-1.012141983937354646e-04
-1.015595675553338878e-04
-1.019575471050652716e-04
-1.022372558346023810e-04
-1.023458207517274156e-04
-1.023987308310322930e-04
-1.026499092068150194e-04
-1.033629450783704384e-04
-1.046520590195678790e-04
-1.063570393984731026e-04
-1.080320562072561194e-04
-1.090766512391099858e-04
-1.089815727698046542e-04
-1.075969406416771437e-04
-1.052769922270598463e-04
-1.028242152338453306e-04
-1.012099873732492554e-04
-1.011561547939728245e-04
-1.027748942538130511e-04
-1.054420303371410544e-04
-1.080105604653805310e-04
-1.093253183004472799e-04
-1.088257901270008168e-04
-1.069508255279030058e-04
-1.050941505716341883e-04
-1.050471985954011365e-04
-1.081121262690427318e-04
-1.142698490541110352e-04
-1.218588558623398050e-04
-1.280297840158434750e-04
-1.299113135343445071e-04
-1.260516380668589957e-04
-1.174531364929053861e-04
-1.076024057223034955e-04
-1.012713639860283565e-04
-1.024425065662383846e-04
-1.122293149878489810e-04
-1.278300734457645264e-04
-1.432411000493515139e-04
-1.517009412622613584e-04
-1.489736228055636030e-04
-1.359911516077293473e-04
-1.193889442847762428e-04
-1.092320352939078521e-04
-1.144996720674371050e-04
-1.381733339177322031e-04
-1.743900292632682568e-04
-2.095572592464380100e-04
-2.276664352561153415e-04
-2.179545387776425571e-04
-1.815275139208545607e-04
-1.333880026696440105e-04
-9.783711406321281908e-05
-9.816176043503344831e-05
-1.447141620966020344e-04
-2.272072514153571153e-04
-3.159653956030246511e-04
-3.731212278506201743e-04
-3.700202780613459056e-04
-3.034680325348478513e-04
-2.025723721418842414e-04
-1.206684721915645531e-04
-1.129332105841060723e-04
-2.080613304112223613e-04
-3.879199564690646190e-04
-5.877393854289545859e-04
-7.202569638319843408e-04
-7.154937736675522119e-04
-5.597047470624909229e-04
-3.147688318047820550e-04
-1.034613385843337379e-04
-5.883161504455287796e-05
-2.565329378544824591e-04
-6.651248743416871695e-04
-1.144268863441203670e-03
-1.496268789053363914e-03
-1.552156991121817495e-03
-1.259352189534589236e-03
-7.320081887369912343e-04
-2.300104384625663865e-04
-5.530519827365298224e-05
-3.982581482336229888e-04
-1.213403892610441558e-03
-2.206036681857312994e-03
-2.949272951302701722e-03
-3.076990866635114300e-03
-2.467326862238876373e-03
-1.348742303647436835e-03
-2.691591482168490478e-04
1.252024098739463998e-04
-5.599597174795828631e-04
-2.205435143910897469e-03
-4.189336432541435930e-03
-5.662986680994688653e-03
-5.939156354933172385e-03
-4.810335904258550635e-03
-2.719246026677636045e-03
-6.834233502115570798e-04
1.426890985876617317e-04
-8.758343740063621527e-04
-3.378042826189788829e-03
-6.153891567705859628e-03
-7.871327901090713342e-03
-7.742017409544179295e-03
-5.789342215543656113e-03
-2.908804338282852762e-03
-5.241319536384148178e-04
1.520264264399411502e-04
-1.257410978581270525e-03
-4.053024771416831144e-03
-6.786491923554026189e-03
-8.136814345558168043e-03
-7.611743396514643843e-03
-5.554096349155346682e-03
-2.912615470633236718e-03
-8.490658941390356830e-04
-2.042438847675600818e-04
-1.156780281340168224e-03
-3.164070192100522719e-03
-5.169149007164954013e-03
-6.204449059284146938e-03
-5.928551841061355764e-03
-4.588570252021140217e-03
-2.740770657619169635e-03
-1.063898568065474838e-03
-1.816123097199128791e-04
-4.307246986905529556e-04
-1.733084345349365611e-03
-3.538170913612846170e-03
-4.992333047656186996e-03
-5.463387741206437477e-03
-4.855940859879476212e-03
-3.476615381685548359e-03
-1.843910069741188556e-03
-5.610133433501391905e-04
-1.303571287202966546e-04
-7.721203429803907793e-04
-2.280064688526586489e-03
-3.928306806620286522e-03
-4.830764649996507551e-03
-4.592597898401222685e-03
-3.440420731484307177e-03
-1.903592180499305998e-03
-5.982351211141661348e-04
-3.981199245315982389e-05
-4.414392713390620179e-04
-1.633726408908975315e-03
-3.103774526231831664e-03
-4.136631397323116237e-03
-4.228613927084726686e-03
-3.407395848439299848e-03
-2.089392405977259868e-03
-8.305745252724968785e-04
-1.520187178088192677e-04
-3.269375047078685063e-04
-1.273604677365369102e-03
-2.608423116634677082e-03
-3.750576040419353017e-03
-4.158999814180951854e-03
-3.660759595308786616e-03
-2.505840833307736680e-03
-1.178736732865304573e-03
-2.253720206891576859e-04
-6.564302268241553801e-05
-7.819619165729618055e-04
-2.080433737969147184e-03
-3.400593256258387272e-03
-4.133809016633130211e-03
-3.943364179374217286e-03
-2.943213183981087389e-03
-1.587870896627166734e-03
-4.579594901440258142e-04
-6.406340421345057970e-05
-6.404760399792765744e-04
-1.978339762316007593e-03
-3.474490671358550133e-03
-4.410770598063769136e-03
-4.342236519714688138e-03
-3.332781306446004361e-03
-1.865826613739050800e-03
-5.732686328877653484e-04
-2.386234962537845699e-06
-4.199241527731895659e-04
-1.664956393844290502e-03
-3.172252377388686678e-03
-4.230323857789101277e-03
-4.347975903502980348e-03
-3.499830983029814449e-03
-2.101398444257922965e-03
-7.793399454608051190e-04
-1.052993723369374010e-04
-3.954692827772977436e-04
-1.569083204851308422e-03
-3.129170098980658867e-03
-4.352550872963160261e-03
-4.665716084998577061e-03
-3.949431255797440296e-03
-2.550660005801859594e-03
-1.072803103831842858e-03
-1.328820167896795567e-04
-1.344150662015247916e-04
-1.098916007420830355e-03
-2.614942718696163654e-03
-3.983298115385679877e-03
-4.557562971503435235e-03
-4.091182283746824279e-03
