-3.325999393945646004e-10
1.118431247724518855e-12
1.434305516589329898e-09
2.789765186082306201e-09
3.989315171982835705e-09
1.690651221145722495e-09
-8.301196802741563633e-09
-2.983893428050530241e-08
-7.108974255692359417e-08
-1.402728108599356418e-07
-2.468670699841921934e-07
-4.026435216625931360e-07
-6.175087918612460910e-07
-9.034331071338966704e-07
-1.271775451769459591e-06
-1.729708871245978609e-06
-2.288448263300416149e-06
-2.957714821882526961e-06
-3.742448940103889038e-06
-4.650543587104819924e-06
-5.687606511093213417e-06
-6.855873780486694167e-06
-8.158170393087066250e-06
-9.596786269585485499e-06
-1.117235777559885970e-05
-1.288558846578325127e-05
-1.473877638112712779e-05
-1.673085738861919229e-05
-1.886214702022319837e-05
-2.113529692949104541e-05
-2.354855729964014721e-05
-2.610355092834769868e-05
-2.880301439012291812e-05
-3.164644377282100268e-05
-3.463566120719297088e-05
-3.777129815964213921e-05
-4.105241747626965171e-05
-4.447833435421240427e-05
-4.804671481809745498e-05
-5.175434727231480625e-05
-5.559652188209189116e-05
-5.956755728823426435e-05
-6.365980929613983643e-05
-6.786351529759675834e-05
-7.216916197837571932e-05
-7.656462631013729171e-05
-8.103714344920958637e-05
-8.557424986092344605e-05
-9.016143005870985510e-05
-9.478506831716878407e-05
-9.943088502361112065e-05
-1.040843810154793683e-04
-1.087325952146713621e-04
-1.133620332669904568e-04
-1.179606022796152480e-04
-1.225171381152076043e-04
-1.270207717455543574e-04
-1.314623034940907488e-04
-1.358328034446437519e-04
-1.401247023889564747e-04
-1.443316337698713925e-04
-1.484478494922113125e-04
-1.524692380373363629e-04
-1.563921170459072981e-04
-1.602143043851456637e-04
-1.639345807607409230e-04
-1.675522747364704555e-04
-1.710686704395455104e-04
-1.744852931496085314e-04
-1.778047520450535038e-04
-1.810306890434874622e-04
-1.841664506701079062e-04
-1.872161481116215234e-04
-1.901833894710716773e-04
-1.930710833345966918e-04
-1.958815731559897548e-04
-1.986155105566544845e-04
-2.012721900319506857e-04
-2.038488407763292183e-04
-2.063406860399525549e-04
-2.087411071031650947e-04
-2.110411519512229539e-04
-2.132304845612334671e-04
-2.152971087506482526e-04
-2.172277488660611885e-04
-2.190087462224162712e-04
-2.206257644532716629e-04
-2.220649550301141348e-04
-2.233132339017925418e-04
-2.243584493533534860e-04
-2.251902776054969435e-04
-2.257997625406053907e-04
-2.261795848234772336e-04
-2.263236224415392369e-04
-2.262260619265947373e-04
-2.258809224304414367e-04
-2.252803976733206359e-04
-2.244136721033716223e-04
-2.232651059921631777e-04
-2.218118273956725458e-04
-2.200215595803976841e-04
-2.178493137701479872e-04
-2.152344717707818569e-04
-2.120978548461062408e-04
-2.083391627478908869e-04
-2.038365055769567015e-04
-1.984474656781116920e-04
-1.920133628594811973e-04
-1.843665017283599385e-04
-1.753394144221357104e-04
-1.647760552708783105e-04
-1.525422694124248279e-04
-1.385347130831153409e-04
-1.226871322813712268e-04
-1.049728630832465518e-04
-8.540451176184946146e-05
-6.403027655919031158e-05
-4.092773910478145639e-05
-1.619566101495511015e-05
1.005624186098185283e-05
3.771759678344226239e-05
6.668704766091668363e-05
9.687948668587856077e-05
1.282294080445435427e-04
1.606908686134133550e-04
1.942337248468852949e-04
2.288376760187808758e-04
2.644851431187205553e-04
3.011532211993412007e-04
3.388059085826669137e-04
3.773865321278045562e-04
4.168116458863411057e-04
4.569677937551341754e-04
4.977116324145045186e-04
5.388743182333874003e-04
5.802689036560266297e-04
6.216995854857648761e-04
6.629716596318598141e-04
7.039004263753035869e-04
7.443186916416711253e-04
7.840817417099354980e-04
8.230692405961477715e-04
8.611841479616973377e-04
8.983482840271729683e-04
9.344957074150385791e-04
9.695649702292650010e-04
1.003491801061253156e-03
1.036204250866005041e-03
1.067620996806543801e-03
1.097653603316277445e-03
1.126212350406533783e-03
1.153214495407762618e-03
1.178594063427812304e-03
1.202311276041141078e-03
1.224360232564392515e-03
1.244773356061263173e-03
1.263621270019585179e-03
1.281008082540712476e-03
1.297062233236927035e-03
1.311924251675960574e-03
1.325733322555969077e-03
1.338614495770018044e-03
1.350668848054815572e-03
1.361967849444262711e-03
1.372552654869003833e-03
1.382438304951814391e-03
1.391621647649424545e-03
1.400091695213538873e-03
1.407840416274865969e-03
1.414872063362408597e-03
1.421209659581416278e-03
1.426897491053095426e-03
1.431999625965783536e-03
1.436595002274195518e-03
1.440770270817169543e-03
1.444612168839214377e-03
1.448200811305353809e-03
1.451605217156858594e-03
1.454881599021154827e-03
1.458074157711122766e-03
1.461217774952975170e-03
1.464341310329531683e-03
1.467470363462394312e-03
1.470628537116902470e-03
1.473836599690511295e-03
1.477109827689126976e-03
1.480454175850349011e-03
1.483862535655806241e-03
1.487312527859541850e-03
1.490766941865357981e-03
1.494177650062850299e-03
1.497492861995841249e-03
1.500666828809026510e-03
1.503670458112758368e-03
1.506500728294241564e-03
1.509186998394843613e-03
1.511792595712740071e-03
1.514410874142570283e-03
1.517156001394239949e-03
1.520149548433817827e-03
1.523500833917408549e-03
1.527293992686847967e-03
1.531579428656790545e-03
1.536357790943665728e-03
1.541583228159275993e-03
1.547174203623620471e-03
1.553014401787081817e-03
1.558969341116430568e-03
1.564911411770029742e-03
1.570728577174439720e-03
1.576323915275026910e-03
1.581623015807922562e-03
1.586561265435890069e-03
1.591040877112766044e-03
1.594915615372678947e-03
1.597985652466719225e-03
1.599987961175488140e-03
1.600667147153609022e-03
1.599879485044676313e-03
1.597677733100967340e-03
1.594411106695338117e-03
1.590753970761199379e-03
1.587629650050994493e-03
1.586086565914187696e-03
1.587128393697114772e-03
1.591521545947644552e-03
1.599639182203034700e-03
1.611363469756925404e-03
1.626022164448290242e-03
1.642406482793681236e-03
1.658900548472146000e-03
1.673670425040414689e-03
1.684945002991544488e-03
1.691337509753779557e-03
1.692098270827369815e-03
1.687286006594762577e-03
1.677797298995947978e-03
1.665241296339484449e-03
1.651717490177776870e-03
1.639528655536124637e-03
1.630878425955540256e-03
1.627591584067685773e-03
1.630883787620683806e-03
1.641197361926030000e-03
1.658117246059027938e-03
1.680398663486227812e-03
1.706093137781531949e-03
1.732764526117122877e-03
1.757771932341463568e-03
1.778555137211093855e-03
1.792907993901781674e-03
1.799204738850946998e-03
1.796566596529211753e-03
1.784989620679443018e-03
1.765406090654882869e-03
1.739681438117964950e-03
1.710529484410185271e-03
1.681313994884595965e-03
1.655752752062360439e-03
1.637532859933321953e-03
1.629874522639120690e-03
1.635099284929302258e-03
1.654248743986569924e-03
1.686810335307661803e-03
1.730588871540501795e-03
1.781770853823711181e-03
1.835202887021497673e-03
1.884877497196013824e-03
1.924613603589830392e-03
1.948843467408486281e-03
1.953411704209419460e-03
1.936279768617046263e-03
1.898003596835030286e-03
1.841913543520362325e-03
1.773944964863752001e-03
1.702108647275250462e-03
1.635654136468676911e-03
1.584001937917033564e-03
1.555561996370570911e-03
1.556580201612194504e-03
1.590161717158610150e-03
1.655614209636263991e-03
1.748216161983634108e-03
1.859478923925516518e-03
1.977897878898700508e-03
2.090127583300142346e-03
2.182473918160212668e-03
2.242531095031228411e-03
2.260789615717793185e-03
2.232028219868466366e-03
2.156302858910605531e-03
2.039396712149995836e-03
1.892624431966293116e-03
1.731955001283087435e-03
1.576500319881354037e-03
1.446486381739669905e-03
1.360905496402737419e-03
1.335100497325014375e-03
1.378560508899788007e-03
1.493210707834459472e-03
1.672444949543060210e-03
1.901096697219069494e-03
2.156447095354594150e-03
2.410262993136966583e-03
2.631730723663855496e-03
2.791009187718716984e-03
2.863032400504897206e-03
2.831104214529627221e-03
2.689809156184901420e-03
2.446812582910932662e-03
2.123203923415893819e-03
1.752193406324881056e-03
1.376159960076261827e-03
1.042251928061222171e-03
7.969564015613864964e-04
6.802256835049027553e-04
7.198555699341761729e-04
9.268398237853085709e-04
1.292366288820233442e-03
1.786985340710891624e-03
2.362271122191994359e-03
2.955030819675696658e-03
3.493791099158890731e-03
3.906953694741724555e-03
4.131740734530945681e-03
4.122862842705640220e-03
3.859816736279529821e-03
3.351811547081562891e-03
2.639498713514305903e-03
1.792963121074414232e-03
9.058147196403924274e-04
8.571610341092898027e-05
-5.577625975946643496e-04
-9.266056508061590140e-04
-9.475326762908214745e-04
-5.833048231738968692e-04
1.592549497031088828e-04
1.225708548696057389e-03
2.515848093110674769e-03
3.891481983229935857e-03
5.189997596891923054e-03
6.242550617051767677e-03
6.894767082329943640e-03
7.027315164893245016e-03
6.573835338900210941e-03
5.534191932551627870e-03
3.981340708512679828e-03
2.060149187701760219e-03
-2.325222435595643769e-05
-2.021840623872137987e-03
-3.675923519376035013e-03
-4.745272286367913789e-03
-5.040438636838699346e-03
-4.449432398567525031e-03
-2.957663457975635846e-03
-6.598909870849765805e-04
2.238022860008064430e-03
5.431199330163451536e-03
8.544555664210229037e-03
1.117688631004680640e-02
1.295281031402041247e-02
1.357221235912798966e-02
1.284980011574157754e-02
1.074404762235111992e-02
7.378114585046278637e-03
3.049896007072984416e-03
-1.780447270204511432e-03
-6.536462041836582637e-03
-1.060169321727380889e-02
-1.340703554604795629e-02
-1.450578975216704897e-02
-1.362291891946495678e-02
-1.068370299162631903e-02
-5.840355253052690113e-03
4.992010678376170409e-04
7.666145413374340911e-03
1.478440557507339562e-02
2.089552890053834530e-02
2.512345714562784146e-02
2.681420689250061176e-02
2.559568553615642825e-02
2.137390874626044629e-02
1.435540789833083218e-02
5.127080281047917583e-03
-5.294212947910460591e-03
-1.554914862338718090e-02
-2.417512259637777730e-02
-2.991457853158195970e-02
-3.195812589416861110e-02
-2.997631019070152308e-02
-2.398979196249106244e-02
-1.434612998889553750e-02
-1.865741136487355676e-03
1.200270608277190579e-02
2.522207764708849637e-02
3.560841288872872157e-02
4.153021174804916171e-02
4.232715388257108496e-02
3.810985685555857289e-02
2.937485360440954610e-02
1.694178371383119400e-02
2.103792216033711915e-03
-1.326295418232936382e-02
-2.686967685928268873e-02
-3.656186658214305440e-02
-4.098453654609355429e-02
-3.993444647273655668e-02
-3.407357805754686331e-02
-2.433331192804955370e-02
-1.177921963174261184e-02
2.226163595553328628e-03
1.600673216512609603e-02
2.781638202933347029e-02
3.610475407514057711e-02
3.982670751601664894e-02
3.886027622817226496e-02
3.387007227123202402e-02
2.579357015559804664e-02
1.553399985375337501e-02
3.988279734701831447e-03
-7.794217674866880247e-03
-1.866513079698824823e-02
-2.746690526037317420e-02
-3.307817976764375334e-02
-3.478333123564545520e-02
-3.264560069677912429e-02
-2.725124572047998850e-02
-1.930094246325626123e-02
-9.479346824352257936e-03
1.423322524323971478e-03
1.242464733878656698e-02
2.237819310066426620e-02
2.997386545360809784e-02
3.399806254153787261e-02
3.386250340739781900e-02
2.986159905194697359e-02
2.278853844878154372e-02
1.353273336274177924e-02
3.047430540081884440e-03
-7.580098239182020067e-03
-1.721113554101768445e-02
-2.475853995271959720e-02
-2.924044505553331438e-02
-3.003530354966327601e-02
-2.714227904963249435e-02
-2.113971677986085929e-02
-1.284518444301245739e-02
-3.143891572363406890e-03
6.975854980951827662e-03
1.642389670387502457e-02
2.415828272519506340e-02
2.932457488388598432e-02
3.129772555266449596e-02
2.985229701999407223e-02
2.522930802123913435e-02
1.802190019979566654e-02
8.998930257063157689e-03
-9.529810290292833061e-04
-1.079678714584467354e-02
-1.939633366459895050e-02
-2.569750294212974281e-02
-2.892876304263789639e-02
-2.871123018495903845e-02
-2.512643862595436567e-02
-1.862635647210873768e-02
-9.913194957926710349e-03
1.519075889696073318e-04
1.054291256041436399e-02
2.005485278913180305e-02
2.743541573175848486e-02
3.164076398103456145e-02
3.213354787619873698e-02
2.895179287929102244e-02
2.257606940266270942e-02
1.377063506384159156e-02
3.504356880322924937e-03
-7.118510783559252840e-03
-1.689329337232829339e-02
-2.460094856009313949e-02
-2.921787685955373054e-02
-3.015249296229946530e-02
-2.740008908284542050e-02
-2.141251790157911589e-02
-1.290822426146916863e-02
-2.785300284900371626e-03
7.884513956921196040e-03
1.791901726622390986e-02
2.612598331606182794e-02
3.143564504727292680e-02
3.315913627988505141e-02
3.115535206920463929e-02
2.578545522281593116e-02
1.772072687914972092e-02
7.823758140061169361e-03
-2.884953376302015152e-03
-1.323517573815447858e-02
-2.200385706341207240e-02
-2.808150304291782279e-02
-3.066401467523922897e-02
-2.948173552379966186e-02
-2.480003328272697635e-02
