3.504206397080468771e-01
1.076401236152421559e+00
1.833170921003326015e+00
2.662781634809998632e+00
3.538536333152575430e+00
4.407346412861261165e+00
5.353402140325248304e+00
6.321153131955051130e+00
7.287962779888929710e+00
8.319007534798686265e+00
9.358929690142822722e+00
1.041674801946218842e+01
1.150797769151756711e+01
1.261841508889027175e+01
1.375075955075788059e+01
1.489234275245470052e+01
1.607151912952068784e+01
1.725946900252372274e+01
1.845394542535574800e+01
1.969107847558648317e+01
2.092457405423983374e+01
2.217495714353649561e+01
2.345527111437628065e+01
2.473491285414304031e+01
2.603616991202543218e+01
2.735137900117697995e+01
2.867987641607236782e+01
3.002211583580905696e+01
3.137345704709103700e+01
3.274833914098218202e+01
3.412530986398157751e+01
3.551809554471942931e+01
3.693244609692030167e+01
3.834633664891420324e+01
3.978263948022248542e+01
4.123258164801205794e+01
4.269018551016532115e+01
4.416867557064979621e+01
4.565784872788306359e+01
4.716482520482513507e+01
4.868600578785223831e+01
5.022368005492990761e+01
5.178309688984096937e+01
5.335380513191040563e+01
5.494976653026101587e+01
5.656588845088661799e+01
5.819837141664408620e+01
5.986073829241860267e+01
6.154278627317377470e+01
6.325064040033845458e+01
6.498767323485775194e+01
6.675000856690162720e+01
6.854491957712589567e+01
7.036852507753394548e+01
7.222661633806976056e+01
7.411952502557463163e+01
7.604513505295109610e+01
7.801257291559747387e+01
8.001587732005684472e+01
8.205945111888237875e+01
8.414767883686810990e+01
8.627552192254336205e+01
8.845014502671530465e+01
9.066976034523524675e+01
9.293518875085611342e+01
9.524955833521548243e+01
9.760997871792869773e+01
1.000207820566493240e+02
1.024789632928923311e+02
1.049849524026493555e+02
1.075407917498698680e+02
1.101409610254258951e+02
1.127884218985739437e+02
1.154801372558910231e+02
1.182127737449268494e+02
1.209876442293971763e+02
1.237994117854525626e+02
1.266479308024782142e+02
1.295307103961845030e+02
1.324447119919589682e+02
1.353903646566383827e+02
1.383633800918736654e+02
1.413643857878920471e+02
1.443918132412634066e+02
1.474429798322647400e+02
1.505195800634818966e+02
1.536183936519971667e+02
1.567394308345592435e+02
1.598825641098234485e+02
1.630452343093551235e+02
1.662284493168009760e+02
1.694300211087060859e+02
1.726496027858747482e+02
1.758869854667035213e+02
1.791400906490209763e+02
1.824100476740381964e+02
1.856951438692844079e+02
1.889952007597226498e+02
1.923108869879901022e+02
1.956404792456768007e+02
1.989851148847451725e+02
2.023440250173810568e+02
2.057166548590880950e+02
2.091035623730035127e+02
2.125031722033062351e+02
2.159157892964440180e+02
2.193403185081123468e+02
2.227756808270378315e+02
2.262219084063553964e+02
2.296771854855833226e+02
2.331415455509313119e+02
2.366142416503313939e+02
2.400941496178172940e+02
2.435814850032897994e+02
2.470747424801726027e+02
2.505734319161891790e+02
2.540766400218341232e+02
2.575827368012945158e+02
2.610911474357130260e+02
2.645999772575437419e+02
2.681081106184876148e+02
2.716142749549374003e+02
2.751164955532128715e+02
2.786139005434967544e+02
2.821045406800102455e+02
2.855869924311548971e+02
2.890600285068023254e+02
2.925216718350506540e+02
2.959708949928269135e+02
2.994059631967128894e+02
3.028253924489529254e+02
3.062279950979032037e+02
3.096119263907987147e+02
3.129761062503427524e+02
3.163189242297471537e+02
3.196388687475925394e+02
3.229348102786497634e+02
3.262049693765889629e+02
3.294482043307038452e+02
3.326630489814263569e+02
3.358479660835420759e+02
3.390018404217240118e+02
3.421230179442136432e+02
3.452102994710473354e+02
3.482623156696682827e+02
3.512775642254170521e+02
3.542549360256181217e+02
3.571928675695226616e+02
3.600901389371058485e+02
3.629454622071843914e+02
3.657573506488791395e+02
3.685247037094438269e+02
3.712460555539045117e+02
3.739201647511489455e+02
3.765458239797087003e+02
3.791216145600660639e+02
3.816464516247915526e+02
3.841189887937770777e+02
3.865380225723329204e+02
3.889024312088036481e+02
3.912108877905790223e+02
3.934623565859001815e+02
3.956556102879723653e+02
3.977894960219603604e+02
3.998629879022394675e+02
4.018748634230204857e+02
4.038241414090973649e+02
4.057097244203446280e+02
4.075305364799791619e+02
4.092856443325665623e+02
4.109739476287854814e+02
4.125945368671445976e+02
4.141464344001997802e+02
4.156286518480913514e+02
4.170403438055172956e+02
4.183805192993579567e+02
4.196483337490107601e+02
4.208429177857569812e+02
4.219633657361247288e+02
4.230089133079349608e+02
4.239786849732514042e+02
4.248719136423317195e+02
4.256878444011721854e+02
4.264256798485619129e+02
4.270847549124567877e+02
4.276643241039691929e+02
4.281637242803448657e+02
4.285823285918148713e+02
4.289194673233129151e+02
4.291745951662697394e+02
4.293471190424816086e+02
4.294365101575966719e+02
4.294423027070710646e+02
4.293640004325473569e+02
4.292012250875825430e+02
4.289535838122147879e+02
4.286207364969494620e+02
4.282024197026783554e+02
4.276983495199783647e+02
4.271083484674323358e+02
4.267845668042599527e+02
4.267627841653520591e+02
4.267141204025617753e+02
4.266953118678020473e+02
4.266956049707371221e+02
4.266725932641808186e+02
4.267170535360318695e+02
4.267781327337897324e+02
4.268331911413970943e+02
4.269481758341041768e+02
4.270673677031452939e+02
4.271993249308363261e+02
4.273620093712070798e+02
4.275444040409423678e+02
4.277551439826183355e+02
4.279868977499117477e+02
4.282708025606462456e+02
4.285777652921918275e+02
4.288977109491046917e+02
4.292540154341184575e+02
4.295842918236196510e+02
4.298912901342217765e+02
4.301742746701897886e+02
4.303938033098941673e+02
4.305693722666306371e+02
4.306966560054153206e+02
4.307822187222059256e+02
4.308364434474259497e+02
4.308645363166018569e+02
4.308899019336957963e+02
4.308985312696655114e+02
4.309085799637716718e+02
4.309289216193188281e+02
4.309390897951913075e+02
4.309618199746544178e+02
4.309882585209465446e+02
4.310117390181795827e+02
4.310444872894937589e+02
4.310755655106808604e+02
4.311111433689878254e+02
4.311467656066681684e+02
4.311836661513123090e+02
4.312260872918587893e+02
4.312625927619533286e+02
4.313056374190419433e+02
4.313489624719713902e+02
4.313873823203919642e+02
4.314326113574830970e+02
4.314731166700144058e+02
4.315133273225188759e+02
4.315548758732642227e+02
4.315924500861329989e+02
4.316316386062998163e+02
4.316671061844738801e+02
4.317031594750560544e+02
4.317387511951909573e+02
4.317705460069266223e+02
4.318062356354668054e+02
4.318388276894439741e+02
4.318715296898046745e+02
4.319074162383316775e+02
4.319405192622560321e+02
4.319766503456490341e+02
4.320127785932056668e+02
4.320485466263427270e+02
4.320856463757605752e+02
4.321200954249060828e+02
4.321551914714051463e+02
4.321873806965896279e+02
4.322171317940556605e+02
4.322469571373586632e+02
4.322727148309314771e+02
4.322989823280526593e+02
4.323247377375481051e+02
4.323490538228076616e+02
4.323754172519581402e+02
4.324010097476767669e+02
4.324281713435956362e+02
4.324568167024163472e+02
4.324864226341811104e+02
4.325194043972901454e+02
4.325530937681452883e+02
4.325889576145787032e+02
4.326254700922383449e+02
4.326596745452853838e+02
4.326925864764590415e+02
4.327207843815427850e+02
4.327447370329964542e+02
4.327654011938028020e+02
4.327822207613539831e+02
4.327983206498860227e+02
4.328135778531843130e+02
4.328293452691512471e+02
4.328464528907433078e+02
4.328637767563882903e+02
4.328833740147071580e+02
4.329049663357819213e+02
4.329303774815767270e+02
4.329621787610458341e+02
4.330000347239107441e+02
4.330447551423676487e+02
4.330930897971623494e+02
4.331401856184335770e+02
4.331812539432389144e+02
4.332103830252677312e+02
4.332261356312428120e+02
4.332293294843548779e+02
4.332243517698224764e+02
4.332183199034512313e+02
4.332159064165762743e+02
4.332206663542616525e+02
4.332315525082490808e+02
4.332446634168579749e+02
4.332574795117752728e+02
4.332691574840364979e+02
4.332849679006382075e+02
4.333138324275921036e+02
4.333644740994217841e+02
4.334416290043573099e+02
4.335393214843893475e+02
4.336418464744218682e+02
4.337264780485955384e+02
4.337710845772048174e+02
4.337649573843377198e+02
4.337129906225329137e+02
4.336370674485212930e+02
4.335679415033542909e+02
4.335319105988243109e+02
4.335401934210937611e+02
4.335816504932960243e+02
4.336285814831834386e+02
4.336511368621204383e+02
4.336346305308296110e+02
4.335935607865352495e+02
4.335700202286889748e+02
4.336188315215647435e+02
4.337813872501226911e+02
4.340580107623182471e+02
4.343952041676764111e+02
4.346944867749312493e+02
4.348480180209683681e+02
4.347873940180948011e+02
4.345216472233965987e+02
4.341464232710325177e+02
4.338128131793122861e+02
4.336664410913464849e+02
4.337783909947426650e+02
4.340983362251673725e+02
4.344640464720830551e+02
4.346740870795229625e+02
4.345955775936524219e+02
4.342501755255837566e+02
4.338294658491315090e+02
4.336316319961980525e+02
4.339380413279869231e+02
4.348665786727402747e+02
4.362556786880682012e+02
4.376561358519825831e+02
4.384920441024230513e+02
4.383410827189174483e+02
4.371739726472130769e+02
4.354130060771427111e+02
4.337976560489366875e+02
4.331250167702494309e+02
4.339012476839009196e+02
4.359787369851324570e+02
4.384462561179731779e+02
4.400374785645045108e+02
4.398771986197529600e+02
4.380007207990013285e+02
4.353332826459270564e+02
4.333124866132559987e+02
4.334224235123950280e+02
4.366405993333733022e+02
4.426813975481105103e+02
4.495163634461511037e+02
4.540618609356747584e+02
4.539977789118649980e+02
4.492802877710041685e+02
4.420399791754801981e+02
4.353494193863817827e+02
4.325180855221863112e+02
4.365223165491229906e+02
4.474843790611997747e+02
4.604691068377752572e+02
4.680187170114852506e+02
4.660790681324818365e+02
4.568156636227386116e+02
4.457086506350809714e+02
4.377255453323114125e+02
4.376802290061007739e+02
4.498397640100450303e+02
4.724612843758262102e+02
4.947732268111926146e+02
5.028769684123585080e+02
4.934606333251755359e+02
4.754675622224808649e+02
4.577690561957214186e+02
4.462183134077437217e+02
4.494915700958602542e+02
4.679634041599006764e+02
4.904285028818071623e+02
5.019553553101626449e+02
4.954472627141950056e+02
4.782722385967754235e+02
4.626485932584623129e+02
4.533253371623087560e+02
4.533765196204488461e+02
4.621297122957523698e+02
4.761672971400669780e+02
4.879649392454188614e+02
4.897641131913474624e+02
4.803438942569542860e+02
4.661951131811940172e+02
4.544469035684061851e+02
4.485654944117302989e+02
4.488611345302196014e+02
4.522017032102258440e+02
4.576804827295889595e+02
4.639400130098313184e+02
4.680863466562498729e+02
4.661899428630720763e+02
4.594605278053612096e+02
4.501146844702046224e+02
4.421884489034138142e+02
4.382347912510604715e+02
4.391395788547499706e+02
4.438654575267539713e+02
4.514048993802241512e+02
4.598954797776314081e+02
4.658966347537041770e+02
4.658451876089879420e+02
4.599471426286677342e+02
4.495174131506367416e+02
4.414757242461577107e+02
4.399380484558446369e+02
4.438906211008913942e+02
4.504649945427804596e+02
4.575222099728447915e+02
4.613275063664923437e+02
4.598677968359020838e+02
4.530629570371607997e+02
4.449140993683192278e+02
4.372575912157744824e+02
4.351249856610650113e+02
4.381921951497254213e+02
4.443216953003229719e+02
4.516390272659493803e+02
4.580154331214419585e+02
4.594236903870209403e+02
4.562329159762206245e+02
4.492205744493779775e+02
4.417697833052183682e+02
4.367294131656485092e+02
4.373169203318516907e+02
4.419085866306272123e+02
4.487843545144760924e+02
4.556107532131400717e+02
4.594722617608236988e+02
4.568780321888293656e+02
4.505658924652365727e+02
4.422419820641056276e+02
4.356978658393078376e+02
4.339791027756416497e+02
4.381560907064701382e+02
4.457381175041618917e+02
4.548065476179129405e+02
4.615661864519421442e+02
4.631122545997727684e+02
4.575180052217316415e+02
4.488065554280287301e+02
4.405898757582781968e+02
4.376096816419928359e+02
4.410950917846222978e+02
4.489650760860134824e+02
4.570320026640724222e+02
4.628758983542600163e+02
4.622911153190802338e+02
4.557334887490317783e+02
4.460243313664789184e+02
4.382065380212041532e+02
4.350236150781071274e+02
4.380265535940191057e+02
4.454919573888901709e+02
4.547007216699959713e+02
4.615962071971365503e+02
4.641439837899186500e+02
4.599309670110686170e+02
4.515992646187669948e+02
4.427062491326500435e+02
4.380346667028250067e+02
4.393659817773395275e+02
4.458085377785020569e+02
4.541139838052343976e+02
4.615193272787870455e+02
4.635650256144430728e+02
4.595479887169710764e+02
4.506422827579397676e+02
4.415813145066672405e+02
4.357472556055683981e+02
4.360121443630387716e+02
