1.165424728080000136e+02
6.013745450700000106e+01
5.953209583300000673e+01
5.963661236500000484e+01
5.912410126300000712e+01
5.919526141900000482e+01
6.175211479400000059e+01
6.110126363600000587e+01
4.876767109000000033e+01
5.466059619900000399e+01
6.169725887100000250e+01
6.229654475300000627e+01
6.146073222400000446e+01
6.123947326800000468e+01
6.209059737600000517e+01
6.127130802700000345e+01
4.472335772800000342e+01
3.716009296400000039e+01
3.708874873199999911e+01
3.705713157499999966e+01
3.655165567000000237e+01
4.047548894600000580e+01
5.708737890300000117e+01
5.556276939600000020e+01
5.946050827600000588e+01
5.870253547200000099e+01
5.666506702300000597e+01
5.957887899000000687e+01
5.856763731400000239e+01
6.017525949900000626e+01
6.218054665200000386e+01
6.165248617100000672e+01
6.204615457700000292e+01
6.258099134500000105e+01
6.023071485000000536e+01
6.052284646000000379e+01
5.338854609200000567e+01
5.436287391700000171e+01
5.937888651000000095e+01
5.688829616000000300e+01
5.982890052800000547e+01
5.859255376200000143e+01
5.950507361200000389e+01
6.226684402500000459e+01
6.183589810900000572e+01
6.183214480200000196e+01
6.077173703400000448e+01
5.949217207800000295e+01
6.062420655500000066e+01
5.729724035200000287e+01
5.535477966200000566e+01
5.919803641900000457e+01
5.918783848300000017e+01
5.909280886100000174e+01
5.911179179200000533e+01
5.942803715700000566e+01
5.903015931800000260e+01
5.886619651700000588e+01
5.924989571500000096e+01
5.895813261300000363e+01
5.905481117800000135e+01
5.916836536000000280e+01
5.929573865700000113e+01
5.931735277400000683e+01
5.916402459800000457e+01
5.912567371600000143e+01
5.980616679100000255e+01
5.867335441200000190e+01
5.906688008200000439e+01
5.910209894800000541e+01
5.951080083500000484e+01
5.937076389600000681e+01
5.909386310500000405e+01
5.915749984700000397e+01
5.868804752600000540e+01
5.811888074900000589e+01
5.888323887100000320e+01
5.915184153200000594e+01
5.884112698200000580e+01
5.856327978300000581e+01
5.881816323400000357e+01
5.854997035300000618e+01
5.601422829400000580e+01
3.808451345499999974e+01
3.661659961800000218e+01
4.370156090900000123e+01
5.834333546200000598e+01
4.895938589100000371e+01
5.183599668900000523e+01
4.357665030000000428e+01
3.755292836000000278e+01
3.848459549300000049e+01
3.657279709899999887e+01
3.756599517100000440e+01
5.693338149600000264e+01
6.004740800000000434e+01
5.515754968200000263e+01
4.376187906100000191e+01
5.983717786500000102e+01
5.962609516800000620e+01
5.968441839300000140e+01
5.945897180300000429e+01
5.957673945300000184e+01
6.182891898000000452e+01
6.033105704600000507e+01
6.146365023400000638e+01
6.027203703900000420e+01
6.016944453500000378e+01
6.023926261700000140e+01
6.021290147100000212e+01
5.871914399200000645e+01
3.694409213600000186e+01
3.832674008700000456e+01
3.605987430600000465e+01
3.788027260500000182e+01
3.631397200700000383e+01
3.634759324000000191e+01
3.711603307600000079e+01
4.291064778400000534e+01
3.901019235500000093e+01
3.797851056800000435e+01
5.195656574300000585e+01
3.727945819400000005e+01
3.614729747900000234e+01
4.796669664900000640e+01
5.023805126300000268e+01
3.657540082799999936e+01
3.801756237600000077e+01
3.628752291600000035e+01
3.781012279300000500e+01
3.660559908000000462e+01
3.750745138799999978e+01
6.067766373900000332e+01
4.873236109400000515e+01
3.629056298000000425e+01
4.675172560200000049e+01
5.446862595099999993e+01
5.219856729600000023e+01
5.751371813400000121e+01
6.048754894500000034e+01
5.931226123400000461e+01
5.696174559700000373e+01
5.897424950200000637e+01
5.990209717000000467e+01
5.921598098000000476e+01
5.830292426400000494e+01
5.946934857700000521e+01
6.048736286800000528e+01
6.030798038100000724e+01
6.005994472600000478e+01
5.974932766200000600e+01
6.107932691700000305e+01
6.155616904900000463e+01
6.188967624000000711e+01
6.170953619600000195e+01
6.137426527700000634e+01
4.782953732400000035e+01
5.471084149300000377e+01
5.640653236200000009e+01
5.367913001200000167e+01
5.351579285900000116e+01
5.393813017200000104e+01
5.367838775000000595e+01
5.365500000000000114e+01
5.626212094500000660e+01
6.129127824300000071e+01
6.188555772300000513e+01
4.374945839300000472e+01
3.611906524400000507e+01
3.984586670600000247e+01
3.631590021600000284e+01
3.726545397000000293e+01
3.649051668900000323e+01
5.925643472700000558e+01
5.975286017900000246e+01
6.113302714300000673e+01
6.018805937900000202e+01
5.988121422000000393e+01
6.270581581300000096e+01
6.248410009300000212e+01
4.500261131000000603e+01
3.673823760900000224e+01
3.773195659099999943e+01
5.634168020600000659e+01
6.199408067400000277e+01
6.226276266500000389e+01
6.011870687000000402e+01
3.619623564700000173e+01
3.842184665100000274e+01
5.534500044300000354e+01
6.192204415700000197e+01
6.265251426400000412e+01
6.234578393600000368e+01
5.868590139800000571e+01
3.881550121400000108e+01
6.176306348400000701e+01
6.167946336000000684e+01
6.266437684400000308e+01
6.214612794100000315e+01
6.245257104800000292e+01
6.192866663100000579e+01
5.858331034800000481e+01
5.559078803700000293e+01
6.166928801500000645e+01
5.786264800000000008e+01
3.749996748499999910e+01
3.622244375400000393e+01
3.675832846700000545e+01
3.621505982400000079e+01
3.770961825999999917e+01
3.737219500300000163e+01
6.010988959300000545e+01
5.881357252500000499e+01
5.848291080900000338e+01
5.829001902600000307e+01
5.861968211800000716e+01
5.761515921600000212e+01
5.847834603300000111e+01
5.882738141000000098e+01
5.782155290600000086e+01
5.874704510300000493e+01
5.887586707900000249e+01
5.768888860200000579e+01
5.950394917100000214e+01
5.847821118400000273e+01
5.887217656500000373e+01
5.919529898100000054e+01
5.827977665000000229e+01
5.955515568500000256e+01
5.832033774400000681e+01
5.903579821400000327e+01
5.873865387300000407e+01
5.909670730500000246e+01
5.941028479500000259e+01
5.900809725600000633e+01
5.895412124900000350e+01
5.859075304700000686e+01
5.470918029200000632e+01
4.866657292400000046e+01
5.929076283800000624e+01
5.862562497500000092e+01
5.940977730700000592e+01
5.880087004000000661e+01
5.961473165100000671e+01
5.865002313500000497e+01
5.847675734900000322e+01
5.880405333600000262e+01
5.854948443700000382e+01
5.932433661900000033e+01
5.852942888500000151e+01
5.939073786400000188e+01
5.822086739900000651e+01
5.896762610300000063e+01
5.140231265600000654e+01
3.594510837500000378e+01
3.901262039699999917e+01
3.604992555700000167e+01
3.590852982300000207e+01
4.009928098500000004e+01
5.932030717700000366e+01
6.128647910900000539e+01
5.929271751800000345e+01
5.905976749600000630e+01
5.839904651500000199e+01
6.030837588600000032e+01
5.903073019200000715e+01
5.933512529400000091e+01
5.991450315900000589e+01
5.816529408200000262e+01
5.865473819200000349e+01
5.846705038800000409e+01
5.878581851600000618e+01
5.943646173200000504e+01
5.880720014600000667e+01
5.964321631000000679e+01
5.336263435400000077e+01
5.052697818400000074e+01
5.878499461700000239e+01
5.106622991700000114e+01
3.749251976700000455e+01
4.808195686600000585e+01
5.941909863900000488e+01
5.956368001100000242e+01
5.968719874300000328e+01
5.942436634300000264e+01
5.961328565400000201e+01
5.953333001500000421e+01
5.973114927400000340e+01
5.865562315100000035e+01
5.894371477500000367e+01
5.942181488300000325e+01
5.942292141400000105e+01
5.982229652300000566e+01
5.887777337700000402e+01
5.968646560700000236e+01
5.994209988900000496e+01
5.909288120800000144e+01
4.465553311000000036e+01
5.466003805900000145e+01
6.138270472400000699e+01
6.239370196600000185e+01
6.022401536600000327e+01
6.286360888300000482e+01
6.221134679900000464e+01
6.184800199200000037e+01
6.244213044200000695e+01
6.122646620800000505e+01
6.141829602300000346e+01
6.142615518400000241e+01
6.154396913200000085e+01
6.250281402800000308e+01
6.246932397700000195e+01
6.189113634400000308e+01
6.172081892100000289e+01
6.210534014900000699e+01
6.123562333300000660e+01
6.243860076700000405e+01
6.260426636100000053e+01
6.217081526900000199e+01
6.249309692000000638e+01
6.243795395000000070e+01
1.206158673670000070e+02
1.185639608500000008e+02
9.380946033000000739e+01
4.325231650700000330e+01
3.657593589400000411e+01
3.636681087499999876e+01
3.649971029099999953e+01
7.718146750000001077e+01
1.097871581170000042e+02
1.149160108620000074e+02
1.160469303530000076e+02
1.155114539790000094e+02
5.952692891900000660e+01
5.967396242900000658e+01
5.833251985000000417e+01
1.151660258060000075e+02
1.149737377380000112e+02
1.171795904090000136e+02
1.154848119700000098e+02
1.156410680070000012e+02
1.158967372150000017e+02
1.168026947680000092e+02
5.609267793000000069e+01
5.974726838300000509e+01
1.164487748760000017e+02
1.174369178820000030e+02
1.187591735750000055e+02
1.179665866030000103e+02
1.180766691960000117e+02
1.184992450110000135e+02
1.175356006550000103e+02
1.169793777170000055e+02
1.162555345510000109e+02
1.172714494210000140e+02
1.187773441330000139e+02
1.180069847000000038e+02
1.189280074650000074e+02
1.188883045990000085e+02
1.182183096940000127e+02
1.176908208780000109e+02
1.163060846080000061e+02
1.160688039680000117e+02
1.174433147160000033e+02
1.165038655990000080e+02
1.728928234190000239e+02
1.721085945270000082e+02
1.187228297370000121e+02
1.186139577270000132e+02
1.183758753130000088e+02
1.179552741420000075e+02
1.168121198630000066e+02
1.184038645130000020e+02
1.725203625600000237e+02
1.731943192000000238e+02
1.181371840990000095e+02
1.200518705260000019e+02
1.183138447810000145e+02
1.183758089240000118e+02
1.179249416060000044e+02
1.166507128690000030e+02
1.187853768040000091e+02
1.752269414810000114e+02
1.751879376640000032e+02
1.204026372970000125e+02
1.201605527910000006e+02
1.219373045620000084e+02
1.247959444920000038e+02
1.004744245030000087e+02
1.200586683090000122e+02
1.210862697830000059e+02
1.777604115990000082e+02
1.782359125640000173e+02
1.787810096630000203e+02
1.805495792560000154e+02
1.782647578250000038e+02
1.785050488750000000e+02
1.205453519790000030e+02
1.220359593840000088e+02
1.783646466280000027e+02
1.762353824430000202e+02
1.777020143250000217e+02
1.779915746050000109e+02
1.789850469579999981e+02
1.784494065110000065e+02
1.224292519030000079e+02
8.861835044800000105e+01
7.270222193700000446e+01
1.133596560120000021e+02
1.748371768439999983e+02
1.743614643650000176e+02
1.761547822619999977e+02
1.776666153350000172e+02
1.765479185540000060e+02
1.201629701440000133e+02
1.195823205690000037e+02
1.200005057810000011e+02
1.189246202180000012e+02
1.727204716730000200e+02
1.754796671210000056e+02
1.774662248060000138e+02
1.216664450930000072e+02
1.217572309650000051e+02
1.211716947290000093e+02
1.218137729640000089e+02
1.195606156090000098e+02
1.204212741520000094e+02
1.216158311530000020e+02
1.753324992410000220e+02
1.760763677550000068e+02
1.205021421480000043e+02
1.215374980280000017e+02
1.201951088180000085e+02
1.210025649120000111e+02
1.199516262030000036e+02
1.220208860160000057e+02
1.225165372720000079e+02
1.768350593600000025e+02
1.785071561750000058e+02
1.210430999510000021e+02
1.223220102010000119e+02
1.223190312890000087e+02
1.216324974500000025e+02
1.213983915040000028e+02
1.211100843130000015e+02
1.225027415990000037e+02
1.782217733460000204e+02
1.774706752590000178e+02
1.233403490700000020e+02
1.224312029280000047e+02
1.220881654690000033e+02
1.217644266680000129e+02
1.216444383130000091e+02
1.178900991320000031e+02
7.246709445999999843e+01
7.319960970600000394e+01
1.062683096020000022e+02
1.063046619300000089e+02
7.296292515000000378e+01
7.337490542100000823e+01
7.309891779600000916e+01
7.268596291000000065e+01
7.234763584800001013e+01
7.322486875300000975e+01
7.320433250000000669e+01
1.065378034400000047e+02
1.067836776250000099e+02
7.377446781000000442e+01
7.380885770700000137e+01
7.385336232800000289e+01
7.360401056599999947e+01
7.242441187600000774e+01
7.294263098200001139e+01
7.324421169800000087e+01
1.073792638339999996e+02
1.071075632150000132e+02
7.447659032700001092e+01
7.371707290100000876e+01
7.327270630200000312e+01
7.374082919200000674e+01
7.337348753500000953e+01
7.272005878500000620e+01
7.350992419000000666e+01
1.075443731760000077e+02
1.077834174240000067e+02
7.322604130000000566e+01
7.373293627600000377e+01
7.360702820900000631e+01
7.397192789800000412e+01
7.361423864100000003e+01
7.265716592100000071e+01
7.279556946300000675e+01
7.355227675999999803e+01
1.062098780980000043e+02
1.074657533160000042e+02
7.329817477200001008e+01
7.415516653000000247e+01
7.348826576400000476e+01
7.235524000300000580e+01
7.169509526100000585e+01
7.328527382500000442e+01
