-6.001333360955984908e-04
-9.295299544169466355e-04
-1.887786323506557284e-03
-3.061605635741093678e-03
-3.662221767388673666e-03
-5.619678385261339670e-03
-7.076367875222477899e-03
-8.760596449871371760e-03
-1.138197766093151930e-02
-1.343764423061255542e-02
-1.600664505376181435e-02
-1.861154738310732970e-02
-2.142704068310430365e-02
-2.432949678066775867e-02
-2.680860497423420696e-02
-2.999066704890340773e-02
-3.241304163246705450e-02
-3.470183267594251220e-02
-3.747824212634798258e-02
-3.919421309288706468e-02
-4.137996400189081214e-02
-4.352325923020949894e-02
-4.496936080709534878e-02
-4.693500057231148048e-02
-4.856565226308839911e-02
-5.017900953632947747e-02
-5.191584191850706631e-02
-5.364084777500144341e-02
-5.570563608991774274e-02
-5.755429316933780015e-02
-5.980020247115591658e-02
-6.214411640715633567e-02
-6.431074437765538221e-02
-6.700351221005984570e-02
-6.944132525406354617e-02
-7.197257068412987735e-02
-7.474743414592532886e-02
-7.712475044186239970e-02
-7.966334321259171958e-02
-8.199087092455847881e-02
-8.409187519019756252e-02
-8.620358534646754833e-02
-8.789185529876641922e-02
-8.958866955860234071e-02
-9.101962390152751325e-02
-9.214731505532647304e-02
-9.329048469713097091e-02
-9.406662318380032417e-02
-9.484410751823135755e-02
-9.550451448530816734e-02
-9.600623874115221668e-02
-9.662660299836556277e-02
-9.706128793782209385e-02
-9.760693150470522994e-02
-9.816239857613773268e-02
-9.864952853622810380e-02
-9.935693745850215919e-02
-9.993341413893030989e-02
-1.005654567833662583e-01
-1.012286444747889647e-01
-1.016401375265107987e-01
-1.019715833350804957e-01
-1.019177024117157160e-01
-1.013725466634856076e-01
-1.001983642639983074e-01
-9.800187791456949071e-02
-9.464745868260493467e-02
-8.964527711261904841e-02
-8.266786591294206232e-02
-7.333561006012168093e-02
-6.104533555277225076e-02
-4.553038389794661356e-02
-2.619860173845101059e-02
-2.620682370796600935e-03
2.548466378448033254e-02
5.862605924663544243e-02
9.695517654040841649e-02
1.407450723116658864e-01
1.901894737742431118e-01
2.452982068388349646e-01
3.062456299163809348e-01
3.729622027416734653e-01
4.454671372453926637e-01
5.237576425587153750e-01
6.076798281944366664e-01
6.972488119286746056e-01
7.922842595916899100e-01
8.926531333952647529e-01
9.982455944607790954e-01
1.108773881785664273e+00
1.224084642931831723e+00
1.343865208246174170e+00
1.467805106581161922e+00
1.595633209976243805e+00
1.726921983427829765e+00
1.861373888255197784e+00
1.998586580404252189e+00
2.138143887769502705e+00
2.279694662349855960e+00
2.422744506419640231e+00
2.566878536273473621e+00
2.711614185308373948e+00
2.856412068354323708e+00
3.000777367399579454e+00
3.144068723426006962e+00
3.285632713482002032e+00
3.424664439878694289e+00
3.560146238696001220e+00
3.690907680445653760e+00
3.815434228164686914e+00
3.932017613673447265e+00
4.038764632424822310e+00
4.133666350114089560e+00
4.214887133362707594e+00
4.280794197098781950e+00
4.330179589905941206e+00
4.362320017630272773e+00
4.376887801012100176e+00
4.373977329897702049e+00
4.353899963006660379e+00
4.317147152238771213e+00
4.264344701302061225e+00
4.196143721228827062e+00
4.113263695865940761e+00
4.016343743002968480e+00
3.905886925029320889e+00
3.782235357885926685e+00
3.645495027420935674e+00
3.495659754892421311e+00
3.332658211206250609e+00
3.156451190579105948e+00
2.967161021489713946e+00
2.765076886069214979e+00
2.550748108840171557e+00
2.325000369823463586e+00
2.088941755810373113e+00
1.844016233575272334e+00
1.591929948617064383e+00
1.334609494536424190e+00
1.074088558510319924e+00
8.123476090797874249e-01
5.512380539975216820e-01
2.923698495676521070e-01
3.709089784082575392e-02
-2.134965157425523508e-01
-4.585345852742133133e-01
-6.973270673017601951e-01
-9.292968647365378310e-01
-1.153908076984419662e+00
-1.370566904262906505e+00
-1.578584017414330631e+00
-1.777112194763367903e+00
-1.965166206154147055e+00
-2.141690371597589237e+00
-2.305638360046568192e+00
-2.456116782383398256e+00
-2.592476890930160316e+00
-2.714393883415123998e+00
-2.821917825150054959e+00
-2.915449684489821891e+00
-2.995714173874984620e+00
-3.063663969455168612e+00
-3.120361502125305719e+00
-3.166866576729711724e+00
-3.204098419626035366e+00
-3.232758210402018495e+00
-3.253279051462191429e+00
-3.265828760230887529e+00
-3.270385661394815902e+00
-3.266820060047651353e+00
-3.255012818739386748e+00
-3.234954524172466428e+00
-3.206807708451924199e+00
-3.170950744029688462e+00
-3.127953570784119286e+00
-3.078530689484459959e+00
-3.023464742794469196e+00
-2.963507434890650494e+00
-2.899310181679763510e+00
-2.831363189501217015e+00
-2.759984729882591026e+00
-2.685357193246128649e+00
-2.607584692264905968e+00
-2.526786098180614282e+00
-2.443167842624005104e+00
-2.357073904837320377e+00
-2.269000131609263171e+00
-2.179548789636553074e+00
-2.089359422977872249e+00
-1.999007350898821755e+00
-1.908901943550584068e+00
-1.819216248858460006e+00
-1.729845722650216633e+00
-1.640433051788222851e+00
-1.550441983463568540e+00
-1.459272214278438451e+00
-1.366404916085728338e+00
-1.271529621164347201e+00
-1.174644686314177289e+00
-1.076098402003816457e+00
-9.778781252188877282e-01
-8.800020638001444517e-01
-7.834967110489454711e-01
-6.900290036460847709e-01
-5.988427628110750689e-01
-5.120568831510907692e-01
-4.300209899882792008e-01
-3.512841021618515747e-01
-2.763409322214780417e-01
-2.041802883248844402e-01
-1.330642721291930286e-01
-6.280435832839526000e-02
6.731605504154636321e-03
7.628357259059548312e-02
1.453505141155746472e-01
2.124194207194589623e-01
2.775137824883477933e-01
3.398309191184787359e-01
3.997947891869193526e-01
4.623627599384052544e-01
5.330396861848480938e-01
6.195966185617960420e-01
7.302062554161117269e-01
8.665001650486998663e-01
1.024414210782322421e+00
1.192560968653392450e+00
1.353425938479035917e+00
1.490185157493094437e+00
1.589997789779121096e+00
1.647224970095842789e+00
1.664584139726362544e+00
1.651215208401100476e+00
1.620479752712785437e+00
1.587908877143549446e+00
1.570491125375534036e+00
1.584341555321787443e+00
1.643120776635566660e+00
1.756300353970912553e+00
1.924682389535092852e+00
2.140923236668333285e+00
2.390394222783966516e+00
2.652859126335363360e+00
2.909061032795029256e+00
3.142491414536708660e+00
3.341396518640832092e+00
3.500254288141390724e+00
3.616919370706446646e+00
3.692909048665267147e+00
3.733017716516139117e+00
3.745047673230470053e+00
3.740601031932383247e+00
3.734001974814715297e+00
3.741381557015996506e+00
3.778337326557711595e+00
3.858767424074600605e+00
3.994145536227015292e+00
4.191876828404062394e+00
4.455936243394465812e+00
4.784648059612250037e+00
5.168581146646464397e+00
5.590581423473544476e+00
6.024250048086662979e+00
6.436733359796251719e+00
6.793339362871411602e+00
7.061720843316662943e+00
7.218350223630384477e+00
7.252484134381496972e+00
7.168609955855185234e+00
6.987774450324057085e+00
6.745993461697467275e+00
6.491602598635745736e+00
6.279927911983657296e+00
6.166851714759722825e+00
6.201000948658077938e+00
6.415381968376910216e+00
6.822034808016116614e+00
7.407836097985011747e+00
8.134848794844931064e+00
8.944730077129008805e+00
9.764361696996697759e+00
1.051509205909929534e+01
1.112187262920475561e+01
1.152181081538580543e+01
1.167313425790516845e+01
1.156114641609289428e+01
1.120215949704788372e+01
1.064423757845246676e+01
9.963439854611422675e+00
9.257032518863375969e+00
8.633097339463574826e+00
8.198803721179626081e+00
8.047826843957505361e+00
8.248455067213923186e+00
8.834177655130979190e+00
9.796068371493198867e+00
1.108009628929564450e+01
1.258885451699483404e+01
1.418803552838965842e+01
1.571932237701446766e+01
1.701672102856071334e+01
1.792597602651987643e+01
1.832530391570889350e+01
1.814343888332135180e+01
1.737407162800160165e+01
1.608372111295189910e+01
1.441095553103854066e+01
1.255701775282136978e+01
1.076712719218204484e+01
9.304430054396267025e+00
8.418438978363134595e+00
8.311732764719987898e+00
9.109000967045204789e+00
1.083235670007787732e+01
1.338861137417586100e+01
1.657010775856222651e+01
2.007075284887515210e+01
2.351641084868565912e+01
2.650498085113311930e+01
2.865339190353467558e+01
2.964673637428197495e+01
2.928383785314182219e+01
2.751456272626563049e+01
2.446159641099256987e+01
2.042118692601625796e+01
1.584132395362996881e+01
1.127870635563252044e+01
7.340067874574896400e+00
4.613515565608364177e+00
3.595470145225852399e+00
4.618796952383190657e+00
7.791278472555967838e+00
1.295726222674141326e+01
1.969298856682377874e+01
2.734112448424108166e+01
3.507801402477785757e+01
4.200005944186474949e+01
4.721902964040997119e+01
4.996194513095505840e+01
4.967513461470475988e+01
4.612539314496893184e+01
3.947523685457461795e+01
3.030439845128882226e+01
1.956389569283280849e+01
8.474759317098477851e+00
-1.597647504714453603e+00
-9.272730975295672806e+00
-1.329376067339090284e+01
-1.269749341629293760e+01
-7.009432490287725415e+00
3.589635415669706120e+00
1.820893314363352644e+01
3.535453883085895654e+01
5.315593120036254504e+01
6.960012533370840515e+01
8.268754489174922639e+01
9.054009763322258664e+01
9.158662046381257937e+01
8.489947060025617986e+01
7.057352275353889581e+01
4.989757097025084676e+01
2.514236407567140219e+01
-9.245560229443441358e-01
-2.544607442752533899e+01
-4.555455231534007510e+01
-5.828056972813758563e+01
-6.075125309154336151e+01
-5.095725687713436969e+01
-2.880171030408325805e+01
3.347410867287656799e+00
4.124578352462575026e+01
8.026257017395872140e+01
1.166269638465856815e+02
1.473146066864865418e+02
1.687848527498401836e+02
1.763232768563771060e+02
1.655185855813190869e+02
1.352392617882676973e+02
8.950257418410338062e+01
3.598769795765286972e+01
-1.811204802127876690e+01
-6.902704725585705603e+01
-1.146709987279913321e+02
-1.499175056541504034e+02
-1.649733455249719327e+02
-1.498267564348558381e+02
-1.021550187925312372e+02
-3.193667583079157168e+01
4.312109568499735701e+01
1.095196288289381954e+02
1.671554745412423415e+02
2.226402841175367087e+02
2.728371423347399514e+02
2.986844025724195717e+02
2.783106599085780317e+02
2.089167953568327789e+02
1.140326781553225999e+02
2.570607576505167913e+01
-4.332720253286454692e+01
-1.049221596711845024e+02
-1.693450040177558833e+02
-2.212693518747837516e+02
-2.297634271710092264e+02
-1.805091785769137118e+02
-9.325711186475292891e+01
-6.264237720192625147e+00
4.967124116002324286e+01
8.188313534677557470e+01
1.189744957093140840e+02
1.677706578587546176e+02
2.040995718719576075e+02
1.986923197774132177e+02
1.538195059438406531e+02
9.968073719677813926e+01
5.046553763956652006e+01
1.066268605492393817e+01
-1.442551245840306251e+01
-3.913472542798808718e+01
-7.178345653339658838e+01
-9.565866928167386618e+01
-9.252939855470579289e+01
-6.704803322473246396e+01
-4.010451766930921025e+01
-1.757654890144284821e+01
2.766404392012134394e+00
2.079154899721675065e+01
4.331955239217326437e+01
7.970320928131354776e+01
1.287236389569824837e+02
1.625022136744927082e+02
1.551991875935181042e+02
1.215684783250420224e+02
8.387528501642222523e+01
4.740859968444732431e+01
1.569422937178308075e+01
-1.241365802247084105e+01
-4.781591482934226178e+01
-9.755637855854479312e+01
-1.438161425968634433e+02
-1.525849619922275906e+02
-1.161989255052335324e+02
-6.294366208674993146e+01
-1.771827338104655780e+01
1.659642572230154656e+01
4.134686498668169463e+01
6.095038562704125695e+01
8.654646109301444312e+01
1.196888637125895656e+02
1.415578634719863942e+02
1.328314684181445102e+02
9.739492983055521336e+01
5.500100056928039294e+01
1.707234365417494359e+01
-1.688405057932730813e+01
-4.792556187316493777e+01
-7.668962237973167362e+01
-1.039582213924197447e+02
-1.245549636387771670e+02
-1.246629716056519896e+02
-9.814353136537336297e+01
-5.725233980550876822e+01
-1.735137622613200392e+01
1.716880435040451403e+01
4.970656304765132916e+01
8.500688899718375069e+01
1.212698843140398282e+02
1.488628535548801040e+02
1.564791813695350697e+02
1.359572891471005676e+02
9.359727352846368831e+01
4.614923468113040883e+01
4.804911612443859781e+00
-3.135172515390152626e+01
-7.029357506997385485e+01
-1.134996373752356646e+02
-1.473458254584990357e+02
-1.536493260017938383e+02
-1.276556736286375724e+02
-8.042683386738480067e+01
-2.938203442766921114e+01
1.249588808106932447e+01
4.285801254950223438e+01
7.101197138076553017e+01
1.048252530731913623e+02
1.376988597152334250e+02
1.530347658781478799e+02
1.385763670271831529e+02
1.003501433525376001e+02
5.405306428279115494e+01
1.079573806695310623e+01
-2.560412433760303941e+01
-5.856814770980746232e+01
-9.493812709836456065e+01
-1.309239530483571912e+02
-1.494206658005615793e+02
-1.375021771342152874e+02
-9.935195827435553895e+01
-5.111872494272365941e+01
-7.220011570363908504e+00
2.705702239053142932e+01
5.723603295559213677e+01
9.052624069964247155e+01
