9.999945667247788217e-01
9.999865226337708579e-01
9.999819338173125960e-01
9.999748073356732325e-01
9.999684225713796337e-01
9.999629370031730691e-01
9.999555694750693613e-01
9.999503745868085769e-01
9.999433984006685927e-01
9.999371602101381207e-01
9.999316764238177502e-01
9.999241985192913740e-01
9.999190475991567295e-01
9.999124509820758178e-01
9.999058059319023695e-01
9.999005504856678384e-01
9.998934625068146564e-01
9.998878509844677520e-01
9.998816857797324653e-01
9.998751799083714920e-01
9.998697761097879999e-01
9.998629963116608677e-01
9.998574536172966098e-01
9.998514319522936455e-01
9.998449873145648370e-01
9.998397809008204851e-01
9.998332448994666777e-01
9.998276017843885644e-01
9.998219774837941998e-01
9.998156733731436985e-01
9.998104436850249188e-01
9.997950665867867404e-01
9.997748516660900364e-01
9.997536155181704354e-01
9.997311689935264312e-01
9.997078025116941102e-01
9.996832837598593757e-01
9.996577154975597734e-01
9.996311508747802721e-01
9.996034987058394217e-01
9.995749527621891062e-01
9.995453847631650124e-01
9.995149773960116946e-01
9.994837856952054622e-01
9.994517593268270605e-01
9.994191818026909591e-01
9.993859835386567081e-01
9.993522970738245581e-01
9.993183075849206842e-01
9.992839746630783893e-01
9.992495231087044072e-01
9.992149943551751345e-01
9.991804810956533833e-01
9.991461384859603445e-01
9.991119562557608802e-01
9.990781254669267586e-01
9.990446518588282920e-01
9.990116009614969927e-01
9.989791197753610241e-01
9.989471473336066776e-01
9.989158225633857358e-01
9.988851640560767464e-01
9.988551619090205724e-01
9.988259215682704362e-01
9.987973841585822132e-01
9.987696121002687111e-01
9.987425992885375914e-01
9.987163104382620338e-01
9.986907995781297842e-01
9.986659798261490195e-01
9.986418768154673442e-01
9.986184689956397742e-01
9.985956879243412798e-01
9.985735756233860005e-01
9.985520663279877640e-01
9.985311655224990979e-01
9.985108922629837291e-01
9.984912179874619875e-01
9.984722124383104136e-01
9.984538834658850393e-01
9.984362938684210320e-01
9.984195317654411816e-01
9.984036378626647279e-01
9.983887475034700643e-01
9.983749339270863166e-01
9.983623005422447294e-01
9.983504431420955338e-01
9.983397417609051194e-01
9.983305101359501998e-01
9.983228372886940871e-01
9.983167971543233099e-01
9.983124683675118627e-01
9.983098952472824195e-01
9.983091382341987563e-01
9.983102339454529295e-01
9.983132261214667791e-01
9.983181870236716993e-01
9.983251800088743799e-01
9.983343327237724774e-01
9.983458143647505612e-01
9.983598531943446153e-01
9.983767931087905723e-01
9.983970707926644872e-01
9.984212725476483419e-01
9.984501366921719745e-01
9.984845535000536065e-01
9.985255772578967015e-01
9.985743637279171914e-01
9.986321478915970440e-01
9.987001590549148267e-01
9.987795318082016705e-01
9.988712575320305431e-01
9.989719677448343216e-01
9.990849606564314866e-01
9.992113151516091030e-01
9.993509309032464483e-01
9.993086613623759495e-01
9.992191904318120654e-01
9.991276079115649633e-01
9.990340236847186084e-01
9.989237004230772099e-01
9.988068214643097686e-01
9.986874455068788237e-01
9.985606764520709167e-01
9.984198119101935776e-01
9.982655222731250388e-01
9.980863552354338752e-01
9.979040403607519760e-01
9.977019009504867197e-01
9.974709322267195644e-01
9.972089020712016083e-01
9.969419536387289504e-01
9.966708849347316601e-01
9.963966664518055794e-01
9.961204248060522293e-01
9.958433807284262640e-01
9.955668072622636533e-01
9.952919626813031551e-01
9.950162015591513809e-01
9.947387293490410620e-01
9.944660601953241308e-01
9.941990109292471178e-01
9.939382405197385584e-01
9.936842754183783377e-01
9.934375621792111977e-01
9.931985090779088532e-01
9.929675404656979065e-01
9.927451278908264731e-01
9.925317963733960580e-01
9.923281175955455113e-01
9.921346641139660028e-01
9.919519589399123927e-01
9.917804125137293925e-01
9.916199362601659795e-01
9.914680634051161734e-01
9.913276296354488482e-01
9.911981335913330193e-01
9.910788421593406117e-01
9.909688505893373689e-01
9.908671727038419474e-01
9.907728311745954697e-01
9.906849475691521523e-01
9.906028129091672962e-01
9.905259229186023084e-01
9.904539867729355018e-01
9.903868953429076916e-01
9.903246656315449759e-01
9.902673707170830397e-01
9.902150611777423839e-01
9.901677028353098597e-01
9.901251303237791346e-01
9.900870292083600033e-01
9.900529487053219002e-01
9.900223333708513263e-01
9.899945753565504436e-01
9.899690671074754533e-01
9.899452471436640533e-01
9.899226334876430888e-01
9.899008332102540164e-01
9.898795382124638831e-01
9.898585062600033790e-01
9.898375365732102749e-01
9.898164522709119728e-01
9.897950896538751930e-01
9.897733048130453737e-01
9.897509923569126622e-01
9.897281108362679936e-01
9.897047104852149113e-01
9.896809472631926674e-01
9.896570802612635331e-01
9.896334449757450136e-01
9.896104015116464758e-01
9.895882683682970526e-01
9.895672475923541489e-01
9.895466021791624600e-01
9.895264295584440539e-01
9.895066883042673567e-01
9.894867584357808221e-01
9.894658856757356791e-01
9.894432702609727848e-01
9.894181186007866557e-01
9.893900817781724477e-01
9.893587380313669799e-01
9.893238006819045083e-01
9.892862647613752669e-01
9.892462654738116701e-01
9.892043145478878197e-01
9.891621268118472310e-01
9.891198577674429337e-01
9.890783740664299550e-01
9.890386970960018953e-01
9.890008729587868030e-01
9.889655390238336619e-01
9.889332468522501474e-01
9.889050041554245940e-01
9.888819625109743772e-01
9.888657168101275818e-01
9.888582289241367729e-01
9.888600005778322988e-01
9.888708866279899423e-01
9.888888456875329913e-01
9.889091289115742311e-01
9.889260499827329243e-01
9.889327038256262581e-01
9.889223708909963273e-01
9.888901323673916499e-01
9.888334134720945245e-01
9.887531006645869924e-01
9.886535658609684196e-01
9.885428902651293148e-01
9.884318638865902118e-01
9.883323380012905002e-01
9.882561121707323926e-01
9.882121276836900448e-01
9.882050064011637103e-01
9.882343714662292777e-01
9.882939780177500966e-01
9.883731079805995190e-01
9.884578468745655044e-01
9.885329179252643206e-01
9.885839425048457141e-01
9.885989768587931659e-01
9.885704145407578913e-01
9.884957094614831297e-01
9.883779515196025045e-01
9.882258569236498369e-01
9.880524143543620852e-01
9.878738102907376195e-01
9.877074390902335077e-01
9.875698496874630861e-01
9.874752829475984539e-01
9.874339494160165875e-01
9.874511090372355415e-01
9.875262877325280408e-01
9.876528291905946055e-01
9.878181888561952118e-01
9.880043045349822251e-01
9.881891163103271314e-01
9.883484958444288537e-01
9.884585681379748356e-01
9.884987939467788642e-01
9.884545245780197442e-01
9.883195077407612716e-01
9.880977162000139646e-01
9.878039653847225932e-01
9.874636115719412910e-01
9.871105650805624965e-01
9.867841138367334786e-01
9.865245030900684498e-01
9.863676552426263733e-01
9.863401253518007117e-01
9.864544188207001740e-01
9.867059499034815939e-01
9.870720484618612511e-01
9.875130464896405558e-01
9.879759846295345094e-01
9.883567515571027862e-01
9.886307194301280354e-01
9.887627491204095120e-01
9.887184658495242751e-01
9.884825909293267765e-01
9.880624242893775167e-01
9.874887471654318905e-01
9.868140034747880929e-01
9.860490344626455794e-01
9.853147091833625026e-01
9.847152141498349831e-01
9.843308097776409804e-01
9.842131284710371464e-01
9.844149186071593505e-01
9.849269176678546733e-01
9.856973057784723657e-01
9.866569115060167539e-01
9.876431695559781954e-01
9.885216928069757714e-01
9.892345086883670424e-01
9.894040196901362494e-01
9.892794983766878270e-01
9.889512574181734683e-01
9.884330792090444406e-01
9.875796757118132652e-01
9.862003742820334429e-01
9.846853633966784480e-01
9.830484892520943152e-01
9.816023740508929007e-01
9.804960979619824490e-01
9.799983756627244080e-01
9.802250768029047157e-01
9.812132989186679310e-01
9.829088291900860419e-01
9.850868953028515396e-01
9.874020536347919430e-01
9.892955164242099864e-01
9.896186755791603895e-01
9.891800911340342672e-01
9.885986946660371144e-01
9.879838964189934236e-01
9.873998992704308142e-01
9.868858745716945213e-01
9.857929420475510796e-01
9.829129166672535556e-01
9.792243598349679168e-01
9.755629059473176490e-01
9.726913627585597188e-01
9.711341950107148513e-01
9.712067016944888609e-01
9.730507287296580321e-01
9.766000667588551343e-01
9.815686159447942760e-01
9.872180580027895003e-01
9.901552265049434753e-01
9.892916290410211921e-01
9.878802869377746321e-01
9.863940348977733308e-01
9.850052205569425068e-01
9.838881930848827340e-01
9.831958194567259612e-01
9.827667526866252778e-01
9.809040157893258449e-01
9.726580550598381558e-01
9.636883416428001503e-01
9.563624009770518297e-01
9.518299828462349899e-01
9.509263795282567600e-01
9.541151149531267306e-01
9.613928265607100121e-01
9.722408654167203901e-01
9.856363869441746584e-01
9.920821069354081034e-01
9.851348354148519171e-01
9.729813630170839334e-01
9.650315729004763643e-01
9.627177615985463843e-01
9.669020788782599629e-01
9.748905034146138071e-01
9.748058900752527567e-01
9.749841819541855692e-01
9.617728654115178522e-01
9.401934507929401441e-01
9.218253532353949398e-01
9.094244486513509695e-01
9.051137263810841160e-01
9.102102310816407860e-01
9.250031154353608454e-01
9.485958078723155662e-01
9.788446891392743598e-01
9.870731313622475023e-01
9.521492856354549783e-01
9.222194888618868713e-01
9.011900547189358734e-01
8.924964236380011906e-01
8.985535124109440552e-01
9.200299600340879902e-01
9.555507841575408001e-01
9.592621702733210576e-01
9.455697406434027119e-01
8.964338263663413908e-01
8.536080129069605338e-01
8.238228352799025211e-01
8.114868294817157990e-01
8.196457826988612361e-01
8.495674756625484214e-01
8.987511941000035920e-01
9.632649026528813385e-01
9.610963675329327049e-01
8.857124106003267938e-01
8.219169620650611519e-01
7.777932351437413239e-01
7.601617983885663454e-01
7.729295776543488872e-01
8.162112521869760995e-01
8.883625735215409103e-01
9.273872014382026352e-01
9.130816369111766084e-01
8.231707448208449573e-01
7.500729767876380683e-01
7.045017309187381338e-01
6.952243910966157125e-01
7.239743856736600147e-01
7.864439006836955182e-01
8.742986525247875562e-01
9.266852337434178244e-01
9.003323928750960325e-01
8.027596137319163994e-01
7.310637650043255720e-01
6.967290427785530760e-01
7.005195398199355328e-01
7.395842003168279222e-01
8.096150010631734117e-01
9.026588937422665992e-01
9.043474009467399322e-01
8.818518901260403720e-01
8.052694230522624563e-01
7.471963987571401677e-01
7.192368711006734694e-01
7.231999644935110938e-01
7.572221622413817244e-01
8.135694061152244361e-01
8.831542158249661156e-01
9.240773607059820094e-01
9.185947665539506701e-01
8.633041543645030291e-01
7.985735747052667977e-01
7.567564366888590577e-01
7.431963536695532779e-01
7.564729841246654596e-01
7.948850146433514841e-01
8.524560848991495909e-01
9.237821653389425292e-01
9.271979652630564228e-01
9.085665509233230575e-01
8.433034275462736318e-01
7.900335516593806062e-01
7.607799189905135595e-01
7.596806086332446029e-01
7.874588130852807621e-01
8.377609967970335303e-01
9.016900384500478038e-01
9.405296359299240017e-01
9.339969612194871651e-01
8.738362210872989699e-01
8.183392052426750052e-01
7.849671350747332577e-01
7.779932542605373369e-01
7.974153483130216324e-01
8.409036339245824498e-01
9.014173515605856668e-01
9.356329806114966896e-01
9.328515233345981983e-01
8.848707791107756071e-01
8.308984231195460923e-01
7.945795384460399013e-01
7.797225688122938481e-01
7.885407075216495087e-01
8.210599967459747406e-01
8.711140349172545871e-01
9.330647972432367654e-01
9.470705854900988152e-01
9.202579796815151258e-01
8.577159011813799694e-01
8.111875877859539008e-01
7.869855020279410418e-01
7.869422548064677336e-01
8.119779023668999285e-01
8.595206616582700132e-01
9.230099106231872685e-01
9.388954084190426208e-01
9.227766763436130448e-01
8.595487569037700837e-01
8.078273300779209576e-01
7.778404407216676919e-01
7.724850759111161480e-01
7.942598506279722193e-01
8.394370469953235103e-01
9.006280318580257571e-01
9.440786045298068530e-01
9.387153798506390201e-01
8.761084091073717550e-01
8.193906429631514499e-01
7.850349711077034831e-01
7.769377105991279731e-01
7.953768433538154214e-01
8.387539930310439207e-01
9.008498998253953172e-01
9.354471513707809383e-01
9.311404815676481705e-01
8.744362138607628676e-01
8.170781720288770034e-01
7.796447800218528901e-01
7.657189127220733749e-01
7.785553821294646237e-01
8.166657269098321903e-01
8.729458244002633593e-01
9.406853676940905018e-01
9.435491899413552819e-01
9.029314884944003028e-01
8.385578710336886177e-01
7.935700779983919650e-01
7.740386583076406257e-01
7.805130355549945165e-01
8.137987367327401689e-01
