1.167721312010000076e+02
6.027496966100000719e+01
5.967102671400000702e+01
5.977589648400000044e+01
5.927502195600000334e+01
5.932742155200000411e+01
6.190114806600000463e+01
6.127528940300000215e+01
4.884733904000000138e+01
5.479252452000000062e+01
6.183451717900000233e+01
6.243730888800000400e+01
6.160379425700000411e+01
6.137330999500000672e+01
6.223176851800000264e+01
6.140145356400000054e+01
4.481090297600000127e+01
3.724065755000000166e+01
3.717135565800000307e+01
3.713399497800000404e+01
3.663078348900000236e+01
4.055564006800000243e+01
5.720236982100000489e+01
5.570054808100000088e+01
5.958384931700000209e+01
5.883708808700000503e+01
5.679146692200000501e+01
5.970110290100000583e+01
5.871435472100000652e+01
6.030707637300000101e+01
6.254440643500000618e+01
6.180439609200000461e+01
6.220064029100000624e+01
6.272321417800000631e+01
6.037534751300000124e+01
6.064972532900000601e+01
5.352130399199999999e+01
5.449885866099999987e+01
5.950233387100000471e+01
5.701713052000000204e+01
5.995248950800000642e+01
5.871150972200000240e+01
5.963214682900000696e+01
6.240774822100000563e+01
6.199236537600000219e+01
6.197372139600000196e+01
6.089632955900000155e+01
5.961714814300000143e+01
6.074892431000000670e+01
5.741416143900000435e+01
5.548210201300000222e+01
5.936914548700000438e+01
5.930688942700000155e+01
5.922072736100000157e+01
5.923521879300000137e+01
5.955290314800000573e+01
5.915100650300000495e+01
5.901507080600000421e+01
5.937972469800000397e+01
5.908525670400000251e+01
5.918531641900000295e+01
5.929824923900000044e+01
5.946320334600000024e+01
5.944079561500000608e+01
5.930685401200000229e+01
5.925390012300000109e+01
5.992909470300000407e+01
5.879848869400000666e+01
5.919676117000000204e+01
5.923435104700000409e+01
5.964012330600000666e+01
5.949656336600000373e+01
5.925727354800000057e+01
5.929108288900000190e+01
5.884770098400000649e+01
5.824806106200000499e+01
5.902268312700000052e+01
5.927672995300000025e+01
5.896365679600000220e+01
5.869195577600000036e+01
5.895076897600000621e+01
5.867336096700000070e+01
5.618059726000000609e+01
3.816289499700000221e+01
3.669076810700000379e+01
4.383334822300000155e+01
5.846699130400000399e+01
4.907553687000000053e+01
5.194915385700000598e+01
4.365482423400000300e+01
3.762942432600000586e+01
3.856818484600000119e+01
3.665002052200000549e+01
3.764275743500000004e+01
5.705205665400000470e+01
6.016851387900000248e+01
5.523615435800000029e+01
4.389556495900000499e+01
5.996986827300000300e+01
5.975130183700000686e+01
5.981977310500000300e+01
5.957790300400000660e+01
5.970836541800000674e+01
6.200218288600000704e+01
6.047167809800000526e+01
6.159838315000000364e+01
6.039313922400000223e+01
6.030491914600000314e+01
6.037234739400000194e+01
6.033656486700000698e+01
5.880645993800000326e+01
3.701967033800000451e+01
3.841337465500000548e+01
3.614237950800000476e+01
3.796443377800000007e+01
3.639106901400000282e+01
3.643081961000000035e+01
3.719203275200000292e+01
4.304549226600000367e+01
3.922837209100000422e+01
3.806265503400000227e+01
5.203570669800000559e+01
3.735615156700000483e+01
3.622087817100000251e+01
4.810840881300000405e+01
5.031895937100000538e+01
3.665324789400000327e+01
3.810266813500000183e+01
3.636721367400000560e+01
3.789069013299999966e+01
3.668865381700000228e+01
3.759207530200000491e+01
6.080951697300000092e+01
4.880878471700000176e+01
3.636911875000000549e+01
4.687324154400000253e+01
5.459845752200000391e+01
5.233392060800000678e+01
5.763953435200000541e+01
6.060485636400000686e+01
5.944288808600000351e+01
5.708806470700000091e+01
5.909769040400000506e+01
6.002578806700000058e+01
5.934610744000000437e+01
5.844165710100000410e+01
5.962149561000000375e+01
6.066853138900000175e+01
6.045289907400000118e+01
6.017963237600000070e+01
5.987893094600000410e+01
6.121915758100000460e+01
6.169185125300000294e+01
6.202025330600000075e+01
6.183827929000000267e+01
6.152136252900000102e+01
4.790350504600000647e+01
5.485084331300000571e+01
5.652906996800000172e+01
5.380000397500000275e+01
5.364343047900000272e+01
5.406225809200000043e+01
5.380190166300000243e+01
5.378047798100000421e+01
5.640044136100000571e+01
6.144994237600000275e+01
6.201831532700000338e+01
4.383482483100000593e+01
3.619636824799999886e+01
3.993163159800000273e+01
3.640163365500000481e+01
3.734902061700000075e+01
3.656532554900000065e+01
5.937210159400000720e+01
5.987461673700000375e+01
6.127117105300000333e+01
6.031935728600000601e+01
6.001063075800000490e+01
6.285583331800000195e+01
6.262893352900000110e+01
4.508752215600000568e+01
3.681233245800000020e+01
3.781595129500000496e+01
5.646695250900000218e+01
6.214502916300000379e+01
6.238569629000000560e+01
6.020164566800000472e+01
3.626906044400000440e+01
3.854663120400000054e+01
5.551738491600000458e+01
6.206231029800000698e+01
6.280290762900000345e+01
6.250631331800000368e+01
5.884945530600000296e+01
3.889472232800000029e+01
6.190161696600000596e+01
6.180794450700000198e+01
6.280688338900000645e+01
6.228200794900000403e+01
6.262420151100000254e+01
6.205323394500000234e+01
5.870744128100000125e+01
5.566634597500000581e+01
6.182455813000000688e+01
5.794347603500000332e+01
3.758336061700000386e+01
3.630816382300000100e+01
3.683998346500000309e+01
3.629402198000000368e+01
3.778326785300000523e+01
3.745792624199999921e+01
6.024237599600000692e+01
5.893557857600000460e+01
5.860631593300000475e+01
5.843894747200000239e+01
5.875318613300000692e+01
5.773675088800000310e+01
5.859743275500000692e+01
5.896441403400000070e+01
5.797001810400000466e+01
5.887157899500000013e+01
5.902997252900000547e+01
5.782336868800000218e+01
5.963377219400000229e+01
5.860726730400000406e+01
5.899900852700000087e+01
5.932111782000000488e+01
5.840705330900000547e+01
5.969666732200000325e+01
5.844966713800000235e+01
5.915952094800000083e+01
5.888039887200000067e+01
5.922095890300000320e+01
5.954005855500000166e+01
5.913676944500000587e+01
5.907836184700000359e+01
5.871747850100000221e+01
5.479029945100000276e+01
4.880729482899999994e+01
5.943960153400000479e+01
5.875466864500000241e+01
5.955635034200000177e+01
5.892820630000000648e+01
5.973386784400000238e+01
5.878258704200000295e+01
5.859255673500000228e+01
5.894247419300000246e+01
5.866841867600000171e+01
5.944187123200000400e+01
5.864332166300000182e+01
5.950540698900000081e+01
5.834599287700000048e+01
5.909277413300000603e+01
5.147304969300000010e+01
3.601788582700000063e+01
3.908999597800000458e+01
3.612002640300000422e+01
3.597770019700000432e+01
4.017151429600000512e+01
5.942929017700000571e+01
6.141548903300000717e+01
5.940892790300000570e+01
5.919205693700000381e+01
5.852021265400000516e+01
6.043122319600000480e+01
5.915823699500000288e+01
5.944029798400000431e+01
6.002807522400000551e+01
5.828785438700000299e+01
5.876969153100000653e+01
5.861081132700000040e+01
5.891310307500000221e+01
5.955184971300000285e+01
5.891261918300000389e+01
5.975434268400000093e+01
5.343465122799999989e+01
5.064370647000000503e+01
5.888881785900000665e+01
5.113578103700000099e+01
3.756945988000000369e+01
4.821909246999999965e+01
5.954088688900000648e+01
5.968224629400000225e+01
5.979643615700000225e+01
5.953993682900000550e+01
5.973385749400000577e+01
5.963942107600000497e+01
5.985806882700000386e+01
5.876509484900000047e+01
5.905188666000000097e+01
5.956300838700000355e+01
5.954011172000000585e+01
5.994913204000000206e+01
5.900989493300000532e+01
5.981809400900000639e+01
6.005672139800000053e+01
5.920557249500000552e+01
4.472553996399999932e+01
5.477392212800000237e+01
6.151049077300000079e+01
6.252492016700000477e+01
6.034886576600000296e+01
6.299141156200000324e+01
6.235759744600000687e+01
6.197990682400000395e+01
6.257035434600000201e+01
6.135126397200000525e+01
6.153915128000000578e+01
6.155453138800000090e+01
6.167818579100000420e+01
6.263448819300000281e+01
6.259077220000000352e+01
6.203092085100000475e+01
6.185236735700000565e+01
6.223816040800000593e+01
6.135972342300000548e+01
6.257234685000000241e+01
6.273313704600000307e+01
6.230924653500000687e+01
6.261232619800000521e+01
6.256892799600000643e+01
1.207344253640000034e+02
1.186426168950000033e+02
9.391253250300000843e+01
4.332811953500000612e+01
3.664466668100000390e+01
3.644445516800000462e+01
3.656995926100000105e+01
7.726176651500000503e+01
1.099184109250000034e+02
1.150341865200000058e+02
1.161622864690000085e+02
1.156530151200000063e+02
5.964981269900000171e+01
5.980750764100000083e+01
5.843857661100000200e+01
1.152997666430000123e+02
1.151004152690000097e+02
1.173073568690000030e+02
1.155951158280000044e+02
1.157668846080000122e+02
1.160173795870000077e+02
1.169192833580000013e+02
5.620677332400000381e+01
5.990788062000000025e+01
1.165758056510000102e+02
1.175759979330000107e+02
1.188900204130000020e+02
1.181282764460000010e+02
1.182064072230000136e+02
1.186243440720000137e+02
1.176585461930000065e+02
1.171801567840000047e+02
1.163917385660000008e+02
1.174015956540000047e+02
1.189049398850000046e+02
1.181350694720000121e+02
1.190668850300000088e+02
1.190235041390000106e+02
1.183450118790000118e+02
1.178230276090000075e+02
1.164333775870000096e+02
1.162336484620000050e+02
1.175735113490000003e+02
1.166280644530000075e+02
1.730184245279999971e+02
1.722771729370000173e+02
1.188493475920000009e+02
1.187430957840000048e+02
1.185088386080000049e+02
1.181164907320000026e+02
1.169526936150000012e+02
1.185358957000000117e+02
1.726413824290000036e+02
1.733249566720000132e+02
1.182677972920000116e+02
1.201839434680000096e+02
1.184488515290000095e+02
1.185066621550000008e+02
1.180623455420000028e+02
1.167784321430000034e+02
1.189169349650000100e+02
1.753720688670000243e+02
1.753328152509999995e+02
1.205209215820000139e+02
1.203054063860000014e+02
1.220530910880000022e+02
1.249066387920000096e+02
1.006030364770000034e+02
1.201906026480000094e+02
1.212169974970000084e+02
1.778976561880000133e+02
1.783567650180000044e+02
1.789208629520000216e+02
1.807042403690000185e+02
1.783929821220000065e+02
1.786673520220000171e+02
1.206728674030000121e+02
1.221694957400000021e+02
1.784939102849999983e+02
1.763686798430000238e+02
1.778629442760000074e+02
1.781558879940000111e+02
1.791005668810000202e+02
1.786024539000000004e+02
1.225566937240000129e+02
8.869300991200000794e+01
7.277412169400000153e+01
1.135054429490000132e+02
1.749528154420000021e+02
1.744937168220000103e+02
1.762918045750000147e+02
1.778175905590000241e+02
1.766826435160000131e+02
1.202938856670000121e+02
1.197037110350000120e+02
1.201248935180000075e+02
1.190511981460000044e+02
1.728407233910000116e+02
1.756064612460000092e+02
1.776068339610000066e+02
1.218052374650000047e+02
1.218985177880000066e+02
1.212902308740000024e+02
1.219367858580000075e+02
1.196814482700000042e+02
1.205586873040000029e+02
1.217454294280000084e+02
1.754616342369999984e+02
1.762394883720000109e+02
1.206315002050000089e+02
1.216720047290000082e+02
1.203389829110000022e+02
1.211509411490000048e+02
1.200789514460000049e+02
1.221457692470000040e+02
1.226412924170000025e+02
1.769852393259999985e+02
1.786554446640000151e+02
1.212213002440000054e+02
1.224473317530000145e+02
1.224565248030000078e+02
1.217704672530000067e+02
1.215371940110000111e+02
1.212368143600000110e+02
1.226261066590000013e+02
1.783646603950000156e+02
1.776051113310000176e+02
1.234850274990000116e+02
1.225489068490000051e+02
1.222726086020000054e+02
1.219113895190000108e+02
1.217778291980000063e+02
1.179742202070000019e+02
7.255009723400000610e+01
7.328414738200000045e+01
1.063447891260000091e+02
1.063831105410000077e+02
7.304036391300000730e+01
7.345476011499999913e+01
7.317453070500000933e+01
7.276432179700000802e+01
7.242331204399999933e+01
7.330671008500000596e+01
7.328022494700000777e+01
1.066126146890000115e+02
1.068667752360000094e+02
7.385600085100000456e+01
7.388720029800001043e+01
7.393518360000000200e+01
7.368652236200000516e+01
7.250177435500000911e+01
7.302020297700001095e+01
7.332798393299999873e+01
1.074536036719999998e+02
1.071928094800000082e+02
7.455207964299999901e+01
7.380183301900000004e+01
7.334515773700000807e+01
7.382043034000000148e+01
7.345838185600000259e+01
7.280197601800000484e+01
7.359263387800000089e+01
1.076244213780000081e+02
1.078599943170000017e+02
7.330079333199999780e+01
7.380965087100000233e+01
7.368877812099999858e+01
7.404642367300000672e+01
7.369288236500000266e+01
7.273407171400000948e+01
7.287152633200000196e+01
7.363447814500000277e+01
1.062918603350000097e+02
1.075405897140000064e+02
7.338050577600000679e+01
7.423774520500001017e+01
7.356570606600000417e+01
7.243008168900000499e+01
7.177035604099999944e+01
7.336833668900000305e+01
