2.515263691900000254e+01
2.487152294700000255e+01
1.820907184800000067e+01
1.464642230600000161e+01
1.789638277899999963e+01
1.470084508200000073e+01
1.638529670400000171e+01
2.502772174000000049e+01
2.388125065200000208e+01
2.447879833400000038e+01
2.392421417500000302e+01
2.407968626800000322e+01
2.393495087900000229e+01
2.407895876700000315e+01
2.383797154900000237e+01
2.438640484800000152e+01
2.367345259300000038e+01
2.431940175000000082e+01
2.358027262900000309e+01
2.435853707000000057e+01
2.367482327100000106e+01
2.410976603900000015e+01
2.399101408499999977e+01
2.405673417400000247e+01
2.418817479400000181e+01
2.362808629900000312e+01
2.439899444799999984e+01
2.362340791000000095e+01
2.435990499500000084e+01
2.384307256600000002e+01
2.409170519700000312e+01
2.404543239600000248e+01
2.463653949100000062e+01
2.497766141299999987e+01
2.420426876200000166e+01
2.479453945600000253e+01
2.409698890399999982e+01
2.495148042300000313e+01
2.423110699200000084e+01
2.494646143200000310e+01
2.419718751100000276e+01
2.468410872500000153e+01
2.484356761000000091e+01
2.396268151200000318e+01
2.477059021800000238e+01
2.413919327900000056e+01
2.486389028900000042e+01
2.414739568100000255e+01
2.479060342300000030e+01
2.439840308000000135e+01
2.472485103200000012e+01
2.457663028600000032e+01
2.472605609900000090e+01
2.477997070700000037e+01
2.415374962200000297e+01
2.499847012100000043e+01
2.415976537900000309e+01
2.488390527500000005e+01
2.396844841400000092e+01
2.507410543800000013e+01
2.430930534100000173e+01
2.496435048900000098e+01
2.449664361200000329e+01
2.439900988100000134e+01
2.431812568700000199e+01
2.428469748500000236e+01
2.443316334900000086e+01
2.438786170200000214e+01
2.438403186800000100e+01
2.412767110700000117e+01
2.514338747300000065e+01
2.414009302700000248e+01
2.491824589600000195e+01
2.409887351800000133e+01
2.501241349700000072e+01
2.402712228600000088e+01
2.502028277500000186e+01
2.454865460200000271e+01
2.486867221000000328e+01
2.447757279600000047e+01
2.480747811500000211e+01
2.476940651600000010e+01
2.470236371800000086e+01
2.488788971000000316e+01
2.430239987000000212e+01
2.506685841000000181e+01
2.408576883400000312e+01
2.501243780800000138e+01
2.418764619100000246e+01
2.459836528499999986e+01
2.395754794800000198e+01
2.480722294999999988e+01
2.400384239400000297e+01
2.441777954200000167e+01
2.446424822800000243e+01
2.488929939000000147e+01
2.464257072500000234e+01
2.426110012000000182e+01
2.500279833400000129e+01
2.438010957700000247e+01
2.526773955500000213e+01
2.448982463800000176e+01
2.433151107400000157e+01
2.460801681100000238e+01
2.485912838700000194e+01
2.496503060000000218e+01
2.446611234000000223e+01
2.474176776400000222e+01
2.409916479500000008e+01
2.504372993500000177e+01
2.416092725700000088e+01
2.493945050100000316e+01
2.479091507500000091e+01
2.479182198800000236e+01
2.479337898300000020e+01
2.439917081900000184e+01
2.477679978000000105e+01
2.413552220800000114e+01
2.471850420500000212e+01
2.403512674400000293e+01
2.473227490900000092e+01
2.408921848600000004e+01
2.465405362400000300e+01
2.447446010100000180e+01
2.436706894800000001e+01
2.470093469100000050e+01
2.397786197100000294e+01
2.470164853700000052e+01
2.395998675400000266e+01
2.456750680200000048e+01
2.413240992100000071e+01
2.443659039699999980e+01
2.432317355300000017e+01
2.407842033800000081e+01
2.489408910100000227e+01
2.415869128499999974e+01
2.497890119500000239e+01
2.443046602100000086e+01
2.482288473800000261e+01
2.450691532900000169e+01
2.477119293600000205e+01
2.474857014800000243e+01
2.437523329600000110e+01
2.461052205300000040e+01
2.407755264600000089e+01
2.465746663700000241e+01
2.416721953100000064e+01
2.438708762600000313e+01
2.415135578699999996e+01
2.412455787000000029e+01
2.500851555400000237e+01
2.394076552100000299e+01
2.484396075400000115e+01
2.414475510300000138e+01
2.449373869500000112e+01
2.438320217200000073e+01
2.407850150900000230e+01
2.485427842400000031e+01
2.392664068000000199e+01
2.483294083600000235e+01
2.435854830900000323e+01
2.506897860300000147e+01
2.485158233900000013e+01
2.476542744700000043e+01
2.493785974400000072e+01
2.427451820799999993e+01
2.490345798700000302e+01
2.427965248400000320e+01
2.499372698700000228e+01
2.448674111500000095e+01
2.446260112600000269e+01
2.423521478500000015e+01
2.431102097700000186e+01
2.445508066500000055e+01
2.407386987400000322e+01
2.475788370400000105e+01
2.426311998300000283e+01
2.493602446700000286e+01
2.464006139500000003e+01
2.474223034400000287e+01
2.491723196000000229e+01
2.432685113000000143e+01
2.480754118200000136e+01
2.443083419200000250e+01
2.488033535300000310e+01
2.444532323199999979e+01
2.454861886200000143e+01
2.454203342899999996e+01
2.447144638000000327e+01
2.508034922300000247e+01
2.421806867700000154e+01
2.502491761400000314e+01
2.449163922099999979e+01
2.468579174600000314e+01
2.460446417800000063e+01
2.414456120000000183e+01
2.492074734600000241e+01
2.418205957700000042e+01
2.472663424500000318e+01
2.444963901600000256e+01
2.497043370600000145e+01
2.495031400400000265e+01
2.420596031200000198e+01
2.475955011599999978e+01
2.427876745800000080e+01
2.490632328600000278e+01
2.463112418600000098e+01
2.476386421800000193e+01
2.484022671600000010e+01
2.459831566400000114e+01
2.503766520200000301e+01
2.393816081499999981e+01
2.477049090700000278e+01
2.473965985200000262e+01
2.413278385799999981e+01
2.466377957300000290e+01
2.398815097000000307e+01
2.497234609100000213e+01
2.392835243500000075e+01
2.464836489300000011e+01
2.455266600100000218e+01
2.426119109200000068e+01
2.502138157000000263e+01
2.427798363400000170e+01
2.455288987300000159e+01
2.417686618600000159e+01
2.064301986999999983e+01
1.444895785900000007e+01
1.484703211400000100e+01
2.140154410600000290e+01
1.794783974899999990e+01
1.447679262400000155e+01
1.435510742500000170e+01
1.436078213100000056e+01
1.431291885800000152e+01
1.439437784200000081e+01
1.436253018400000059e+01
1.430546586900000072e+01
1.438582133200000079e+01
1.430176840900000101e+01
1.446814404700000090e+01
1.448042987400000037e+01
1.441976950300000127e+01
1.452797014000000075e+01
1.448525787700000045e+01
1.456200029900000104e+01
1.447223519300000127e+01
1.442863302300000150e+01
1.432530907100000128e+01
1.437992792000000009e+01
1.431727370600000171e+01
1.441858641600000013e+01
1.434571581800000040e+01
1.436876340300000088e+01
1.436633355100000031e+01
1.430972052900000158e+01
1.430051056200000126e+01
1.435483270900000008e+01
1.437497803900000015e+01
1.437485448200000171e+01
1.430543440300000135e+01
1.450202209700000111e+01
1.458869513900000037e+01
1.448455617900000014e+01
1.449537978700000096e+01
1.456462070700000133e+01
1.452992259600000047e+01
1.456673981300000165e+01
1.448305391800000130e+01
1.448536353700000134e+01
1.441754305200000097e+01
1.451227020000000145e+01
1.444227078700000177e+01
1.433980532800000063e+01
1.449645414200000104e+01
1.458534156700000040e+01
1.454117362300000060e+01
1.456781782100000022e+01
1.429991456100000136e+01
1.430267225200000070e+01
1.419313249400000032e+01
1.422184381900000005e+01
1.419986301800000028e+01
1.433670282200000123e+01
1.428801922700000127e+01
1.441822013600000041e+01
1.433067341800000172e+01
1.434988612700000132e+01
1.433544357800000135e+01
1.447984897200000098e+01
1.451811706000000157e+01
1.450015276400000097e+01
1.451046246500000159e+01
1.447156817900000014e+01
1.446513815000000136e+01
1.443779986300000040e+01
1.454407085500000107e+01
1.454876748800000108e+01
1.438918168800000075e+01
1.444128928900000020e+01
1.444872072600000124e+01
1.452678805400000073e+01
1.450916011100000169e+01
1.453009050400000035e+01
1.449818801800000045e+01
1.452149691900000050e+01
1.450507532900000029e+01
1.439749514300000044e+01
1.452093804400000110e+01
1.449842729400000074e+01
1.439042866200000148e+01
1.441458284700000014e+01
1.447243009600000008e+01
1.452222046100000163e+01
1.412661304100000059e+01
1.414592618800000068e+01
1.412703887100000166e+01
1.415981013800000099e+01
1.414302225700000015e+01
1.416611973100000021e+01
1.444988207500000144e+01
1.451886034400000014e+01
1.445356820300000145e+01
1.447568282600000167e+01
1.452795541400000090e+01
1.449323922000000131e+01
1.450236070500000096e+01
1.448022832900000090e+01
1.441285944600000057e+01
1.446542434500000063e+01
1.448270269000000177e+01
1.445762722400000122e+01
1.440984239700000025e+01
1.449670680000000011e+01
1.452066746500000072e+01
1.448464929900000087e+01
1.452904714500000161e+01
1.450666857900000117e+01
1.411248535000000004e+01
1.411736303400000025e+01
1.411048246600000056e+01
1.416973157200000166e+01
1.423658075700000047e+01
1.415242949800000005e+01
1.455528537500000041e+01
1.446736512900000093e+01
1.449578741000000015e+01
1.449269881400000060e+01
1.437179260800000158e+01
1.438410061700000142e+01
1.435614438600000042e+01
1.434532086700000164e+01
1.432019895700000056e+01
1.434190312800000022e+01
1.436504328700000066e+01
1.431448859900000059e+01
1.417426609200000165e+01
1.417910391800000092e+01
1.425111829800000152e+01
1.432083102500000038e+01
1.453501740900000172e+01
1.439934126600000042e+01
1.432352105800000075e+01
1.432937164000000152e+01
1.437320994400000096e+01
1.428892854100000065e+01
1.424965811900000112e+01
1.436444146700000069e+01
1.409707941200000114e+01
1.413785405200000156e+01
1.411852036500000018e+01
1.416264313100000116e+01
1.419974571800000085e+01
1.413232214400000153e+01
1.414602506300000151e+01
1.404299729200000080e+01
1.420056186000000054e+01
1.435698100000000110e+01
1.436156568900000075e+01
1.431654154100000120e+01
1.422955593000000007e+01
1.431773089400000032e+01
1.446422192700000053e+01
1.406902274400000152e+01
1.440850861500000057e+01
1.416272432400000092e+01
1.410994750700000111e+01
1.425737930900000094e+01
1.426962780000000031e+01
1.424050968900000136e+01
1.421445557200000032e+01
1.422009903700000066e+01
1.429619199500000093e+01
1.420827956700000172e+01
1.428532372200000111e+01
1.417587715400000015e+01
1.428555514900000034e+01
1.418973742400000049e+01
1.443176315600000059e+01
1.446275165100000137e+01
1.429891067100000157e+01
1.725275333200000105e+01
1.445404538600000066e+01
1.430121351200000035e+01
1.427278228900000023e+01
1.738394834099999997e+01
1.586394552100000155e+01
1.430675384400000105e+01
1.433424627700000009e+01
1.429240668800000158e+01
1.426117676100000153e+01
1.442343810600000076e+01
1.427175998500000098e+01
1.412537184100000154e+01
1.432887297800000148e+01
1.442801442300000048e+01
1.417102407700000022e+01
1.410036387800000135e+01
1.742678934399999946e+01
1.481657202800000128e+01
1.472205457100000103e+01
1.438712621000000169e+01
1.407658050400000072e+01
1.414335857600000068e+01
1.408252682500000041e+01
1.417471233800000086e+01
1.406889907400000084e+01
1.420053046700000010e+01
1.408145657900000103e+01
1.404967833500000118e+01
1.419846488600000001e+01
1.414794139000000150e+01
1.419358557400000009e+01
1.422153678000000099e+01
1.418544256500000067e+01
1.418016573700000116e+01
1.416793306100000116e+01
1.408438792100000114e+01
1.414349943100000040e+01
1.405297738200000168e+01
1.407699561700000146e+01
1.418049821400000177e+01
1.415451967200000105e+01
1.417026081400000059e+01
1.415413540900000022e+01
1.402236141500000066e+01
1.405055142000000146e+01
1.416796526900000153e+01
1.410356138400000070e+01
1.448712019200000078e+01
1.441963011600000044e+01
1.443560912200000068e+01
1.418295633400000000e+01
1.419760976900000138e+01
1.407950754000000160e+01
1.415835198800000150e+01
1.400930602100000044e+01
1.405720620900000029e+01
1.424554547800000037e+01
1.425841625200000173e+01
1.446798102000000164e+01
1.435302520300000140e+01
1.436291290000000131e+01
1.442215863800000086e+01
1.420862160400000107e+01
1.422185019500000003e+01
1.421970818700000017e+01
1.405328317200000043e+01
1.413399861700000137e+01
1.405646501900000089e+01
1.398473201400000043e+01
1.400282944000000107e+01
1.439699167100000032e+01
1.438290656300000059e+01
1.430427742700000060e+01
1.421483402900000037e+01
1.399811146300000075e+01
1.403712963300000105e+01
1.415412100700000053e+01
1.415236732400000008e+01
1.390922235700000087e+01
1.405422578500000164e+01
1.396231677300000129e+01
1.416958904400000030e+01
1.413469644400000114e+01
1.419269521200000028e+01
1.416343925900000045e+01
1.407752838300000064e+01
1.420814853600000127e+01
1.419434262300000071e+01
1.427240563500000015e+01
1.421570178500000026e+01
1.428274500500000066e+01
1.421396383800000152e+01
1.411940959900000081e+01
1.405982775200000034e+01
1.414484835000000018e+01
1.408656608800000143e+01
1.397728170200000086e+01
1.399368464300000170e+01
1.419584007100000100e+01
1.427022440800000069e+01
1.422761534900000058e+01
1.416726912300000052e+01
1.431526191800000092e+01
1.421559564800000075e+01
1.406139438699999999e+01
1.401577340600000099e+01
1.410245870100000154e+01
1.402140899400000151e+01
1.419571812800000110e+01
1.412050601200000166e+01
1.436346007500000077e+01
1.441569175600000108e+01
1.435248687600000039e+01
1.434085029100000064e+01
1.444735597900000101e+01
1.446705026200000077e+01
1.403538463100000122e+01
1.411470182600000101e+01
1.417720278500000042e+01
1.417045835800000120e+01
1.409326169200000045e+01
1.409483984100000065e+01
1.407558695500000034e+01
1.414299861700000172e+01
1.413022417500000039e+01
1.410863370100000047e+01
1.406517619900000149e+01
1.422701093000000050e+01
1.424726779300000068e+01
1.422649325400000109e+01
1.426314009200000044e+01
1.426702576600000150e+01
1.426093895000000167e+01
1.427348679600000025e+01
1.434847668900000173e+01
1.423345961100000068e+01
1.430629522100000095e+01
1.421248873600000096e+01
1.416522678600000162e+01
1.401229202900000104e+01
1.395710157300000098e+01
1.397561891500000009e+01
1.398966885300000129e+01
1.398810377500000079e+01
1.397874205400000136e+01
1.406913118100000126e+01
1.397974226900000083e+01
1.414346102400000049e+01
1.393113642400000174e+01
1.405403916100000039e+01
1.405218113200000118e+01
1.577622622200000180e+01
2.475445743100000229e+01
2.490280382600000308e+01
2.449560789600000277e+01
2.482177803900000157e+01
2.519396947000000253e+01
2.429098857000000322e+01
2.495949922800000209e+01
2.483849171100000319e+01
2.452110935199999986e+01
2.516713905800000006e+01
2.489440994600000323e+01
2.449555816200000180e+01
2.524536390300000122e+01
2.460172552800000290e+01
2.484567238300000014e+01
2.507941975800000023e+01
2.456104656400000152e+01
2.477625672699999981e+01
2.515322749200000274e+01
2.463458910499999988e+01
2.521775207100000316e+01
2.523248302000000010e+01
2.451101031199999980e+01
2.534604064800000245e+01
2.489585313100000263e+01
2.478841453200000089e+01
2.507272818300000239e+01
2.461159066500000137e+01
2.498124477100000007e+01
2.506498556600000072e+01
2.471904431400000135e+01
2.493030012300000209e+01
2.519646286000000046e+01
2.446468854000000093e+01
2.516879601300000147e+01
2.506088086500000145e+01
2.474795131800000192e+01
2.540865891099999985e+01
2.454722725600000288e+01
2.494127829500000004e+01
2.496582640100000106e+01
2.452589342300000297e+01
2.473114033000000234e+01
2.500752313000000271e+01
2.440825002800000121e+01
2.503418538700000084e+01
2.521324211599999998e+01
2.442218585700000233e+01
2.514942700900000006e+01
2.501459575300000182e+01
2.483619582400000070e+01
2.506916975900000111e+01
2.493857675200000301e+01
2.474286609199999987e+01
2.513001848100000046e+01
2.455482015600000167e+01
2.516353128200000100e+01
2.505087188600000303e+01
2.467351550200000077e+01
2.514844417300000146e+01
2.497404459600000237e+01
2.471393595700000034e+01
2.515316404600000055e+01
2.518074561700000302e+01
2.447268994900000294e+01
2.499400340700000100e+01
2.509392532100000039e+01
2.442961513000000195e+01
2.512971998100000093e+01
2.538886089200000029e+01
2.446487026100000151e+01
2.523359752000000000e+01
2.516841575800000186e+01
2.456434840900000083e+01
2.502858234500000023e+01
2.487151649800000186e+01
2.484334856300000283e+01
2.509065958200000068e+01
2.462080874400000141e+01
2.482394773700000101e+01
2.522119804500000129e+01
2.440781594500000296e+01
2.522364252300000231e+01
2.515289813600000102e+01
2.452842397900000293e+01
2.541631645900000080e+01
2.475091429300000101e+01
2.480905975000000296e+01
2.411483770700000306e+01
2.370334545100000057e+01
2.486576772000000091e+01
2.519032870300000226e+01
2.359613446000000181e+01
2.465598597600000019e+01
2.483169651800000111e+01
2.431774127100000271e+01
2.522259938700000248e+01
2.478366750200000013e+01
2.461440681800000263e+01
2.514267852400000081e+01
2.462101893300000199e+01
2.465714927900000220e+01
2.514041979100000290e+01
2.439592385400000296e+01
2.498768268800000314e+01
2.526642188300000313e+01
2.443375150800000029e+01
2.507539717600000273e+01
2.453975418000000275e+01
2.494222076000000143e+01
2.493883455900000001e+01
2.434202836900000122e+01
2.475736824100000177e+01
2.489483754600000154e+01
2.447314946100000199e+01
2.506207984100000274e+01
2.444980310600000095e+01
2.465284261000000043e+01
2.513493346500000314e+01
2.433568471300000269e+01
2.490285111900000103e+01
2.432998191600000126e+01
2.461331116100000216e+01
2.503825874900000059e+01
2.425760576300000082e+01
2.516331609400000247e+01
2.522302325700000125e+01
2.458384703700000173e+01
2.535401652500000225e+01
2.429716807400000178e+01
2.461730516600000129e+01
2.500618760200000068e+01
2.445893880000000209e+01
2.536352888100000058e+01
2.469428847900000079e+01
2.472490030300000186e+01
2.479787114400000192e+01
2.449589045400000131e+01
2.498331854400000296e+01
2.496716380700000215e+01
2.470410090100000033e+01
2.523309813800000256e+01
2.422784891600000279e+01
2.501421879600000153e+01
2.508916417700000068e+01
2.420730725900000024e+01
2.498476589800000269e+01
2.490903073400000167e+01
2.423018915000000106e+01
2.515364475000000155e+01
2.460736998700000200e+01
2.492201630500000320e+01
2.503008033400000087e+01
2.437388722400000063e+01
2.466402709100000123e+01
2.505917436100000018e+01
2.426798958100000192e+01
2.508723443800000297e+01
2.459359262600000307e+01
2.470159301700000043e+01
2.494149124800000195e+01
2.471914847300000062e+01
2.492331631700000116e+01
2.490397564700000288e+01
2.419942484400000282e+01
2.494931016700000015e+01
2.526516512700000305e+01
2.444329631400000125e+01
2.490187306800000044e+01
2.520302862200000149e+01
2.440978539700000027e+01
2.477355416600000027e+01
2.524771371400000319e+01
2.457192041000000060e+01
2.495398793100000034e+01
2.522420993000000067e+01
2.449930084600000058e+01
1.476850913900000073e+01
1.428367287000000019e+01
1.437780494400000109e+01
1.423403466700000131e+01
1.430837052400000076e+01
1.830869029000000126e+01
2.485719175800000258e+01
2.430615093400000148e+01
2.455029309800000092e+01
2.475802539200000041e+01
2.382991831300000030e+01
2.491686968500000177e+01
2.451475469100000026e+01
2.416765225500000014e+01
2.451728217000000143e+01
2.418556990200000101e+01
2.457761535800000274e+01
2.361001676700000118e+01
2.410437840200000181e+01
2.388246868000000234e+01
2.338599232400000005e+01
2.395432910500000290e+01
2.392349557500000046e+01
2.340823053300000112e+01
2.393937974500000010e+01
2.399061355000000262e+01
2.362487707000000015e+01
2.378239993000000041e+01
2.410106313700000058e+01
2.392956101400000080e+01
2.337647902300000169e+01
2.400560088900000011e+01
2.402312576100000285e+01
2.320079189700000200e+01
2.381544917500000125e+01
2.409382396600000220e+01
2.331126006900000291e+01
2.384498691800000003e+01
2.402172253200000185e+01
2.368572132500000293e+01
2.379969877600000316e+01
2.387361519800000309e+01
2.381038818800000101e+01
2.359350795800000000e+01
2.386658873400000047e+01
2.407416584999999998e+01
2.357943361000000237e+01
2.398447156499999977e+01
2.414797135300000264e+01
2.379865708200000185e+01
2.358435478700000232e+01
2.396506330200000079e+01
2.399596389600000279e+01
2.341813617100000045e+01
2.396055096300000287e+01
2.394820942500000172e+01
2.377577920800000300e+01
2.370099114100000293e+01
2.407437380100000013e+01
2.416902657900000051e+01
2.370252425800000040e+01
2.395520701300000255e+01
2.402149249200000014e+01
2.368525426000000067e+01
2.392494500500000143e+01
2.419045774599999987e+01
2.409044426600000222e+01
2.363599888400000282e+01
2.415109636600000087e+01
2.414402123500000030e+01
2.374472349400000226e+01
2.406106559500000230e+01
2.416925456100000247e+01
2.408673356500000295e+01
2.366963503000000202e+01
2.412235816500000141e+01
2.423580456400000216e+01
2.371311302300000179e+01
2.407191122200000066e+01
2.412881266500000166e+01
2.396044986600000115e+01
2.411710300400000051e+01
2.424203477800000073e+01
2.408049661800000152e+01
2.358428774100000069e+01
2.399591620700000050e+01
2.412641364400000299e+01
2.376401549600000251e+01
2.382805449499999995e+01
2.428182474000000113e+01
2.420530931700000110e+01
2.380085674000000040e+01
2.423678490100000005e+01
2.419826835900000006e+01
2.368020709099999976e+01
2.413278250100000122e+01
2.412148671899999997e+01
2.395423401100000049e+01
2.374579080100000184e+01
2.424043471800000304e+01
2.433578785700000324e+01
2.359598286000000300e+01
2.382480503100000035e+01
2.390833895600000147e+01
2.360892114900000038e+01
2.372825110700000195e+01
2.422874267000000259e+01
2.415137527700000319e+01
2.266290257700000055e+01
1.426389746000000081e+01
1.415708171400000026e+01
1.415514735100000010e+01
1.411281745400000176e+01
1.483063061000000005e+01
1.402792379100000097e+01
1.411261643300000124e+01
1.403508048400000163e+01
1.401956501300000113e+01
1.403242481500000061e+01
1.402027774200000110e+01
2.240228836000000001e+01
2.354140402100000173e+01
2.395645512000000110e+01
2.393192487800000023e+01
2.330474291200000181e+01
2.376046528800000246e+01
2.385111172900000298e+01
2.323976212600000224e+01
2.387755571499999974e+01
2.385861443200000309e+01
2.342713702800000064e+01
2.371709665100000208e+01
2.380765335999999976e+01
2.362021030100000019e+01
2.357616532600000170e+01
2.404410155200000077e+01
2.395062527099999983e+01
2.403561358099999978e+01
2.380892537700000133e+01
2.390871424000000189e+01
2.352639700900000008e+01
2.382440755400000043e+01
2.392104724100000013e+01
2.361115115800000197e+01
2.332500630500000227e+01
2.385086423700000324e+01
2.388958480100000159e+01
2.345362542400000194e+01
2.375647563100000070e+01
2.399796253600000284e+01
2.381934900000000255e+01
2.350411252600000012e+01
2.398460104900000189e+01
2.409427648600000182e+01
2.349930662600000275e+01
2.213345437300000285e+01
2.204908354400000192e+01
2.204478637500000104e+01
2.204133568099999962e+01
2.207847285500000112e+01
2.203642734399999981e+01
2.207480530300000154e+01
2.204719567500000110e+01
2.210157743600000302e+01
2.206738716300000291e+01
2.210756886100000074e+01
2.276095562700000130e+01
2.357176776900000092e+01
2.444406917500000276e+01
2.407926028600000024e+01
2.414827653700000099e+01
2.401151825000000173e+01
1.397746058200000085e+01
1.397749329600000046e+01
1.399983714900000109e+01
1.405685480400000031e+01
1.394109687700000144e+01
1.393722433600000166e+01
1.403699245500000004e+01
1.395768618300000163e+01
1.406010980500000151e+01
1.419273987800000114e+01
1.417131455700000053e+01
1.401054356700000092e+01
1.392691304200000069e+01
1.398281778500000172e+01
1.414872580700000171e+01
1.395920791600000044e+01
1.400303334600000049e+01
1.419886775300000004e+01
1.414892613600000004e+01
1.405825653900000027e+01
1.410256246600000019e+01
1.415419285800000004e+01
1.410917443500000168e+01
1.417701028200000124e+01
1.395058255900000077e+01
1.416922705800000060e+01
1.413491839400000138e+01
1.407346836800000034e+01
1.412680902000000138e+01
1.402050304600000175e+01
1.401070930500000067e+01
1.410593128500000049e+01
1.402932056900000113e+01
1.399219770100000027e+01
1.400103540200000118e+01
1.401121482100000115e+01
1.399604921400000102e+01
1.407381281400000006e+01
1.406742080300000097e+01
1.401671351900000140e+01
1.417620354400000160e+01
1.411469816500000007e+01
1.404318537200000172e+01
1.397430736700000153e+01
1.414000486400000156e+01
1.419926048500000171e+01
1.399853757900000062e+01
1.420400083600000052e+01
1.410709239200000020e+01
1.418256762100000046e+01
1.407650664000000162e+01
1.423684384500000100e+01
1.417749005800000006e+01
1.413187479300000149e+01
1.415818530300000155e+01
1.396281293100000021e+01
1.408430586700000120e+01
1.400051461500000016e+01
1.409515714300000155e+01
1.405721624600000119e+01
1.408603031400000027e+01
1.407612878400000156e+01
1.399685902400000082e+01
1.424616875700000129e+01
1.415715460000000014e+01
1.405212635800000065e+01
1.420506297200000034e+01
1.431236477300000054e+01
1.424535340000000083e+01
1.413942482600000083e+01
1.423008747900000159e+01
1.420279348200000058e+01
1.408793346300000060e+01
1.426523132500000024e+01
1.421289702400000010e+01
1.415149412800000128e+01
1.429141337300000103e+01
1.420566079600000009e+01
1.415853197700000088e+01
1.402481962800000126e+01
1.413185760900000076e+01
1.426064395500000082e+01
1.415528603600000146e+01
1.403131078300000034e+01
1.403528492200000066e+01
1.407227652300000109e+01
1.409246936700000141e+01
1.406486768400000109e+01
1.405089832400000027e+01
1.399260412500000150e+01
1.397233380300000150e+01
1.395220600100000041e+01
1.412969485800000058e+01
1.398191700800000170e+01
1.399248897600000063e+01
1.403141347900000113e+01
1.401655975200000093e+01
1.410060292000000004e+01
1.407783258400000115e+01
1.433326414600000120e+01
1.425302579600000108e+01
1.414362486600000146e+01
1.416136746400000135e+01
1.428307854100000007e+01
1.419576210200000155e+01
1.426756490200000016e+01
1.418560125900000024e+01
1.413733714500000005e+01
1.418368363500000129e+01
1.424450830900000042e+01
1.431695036100000173e+01
1.424053010300000111e+01
1.432580796200000073e+01
1.413758514400000088e+01
1.423389662800000011e+01
1.430106676600000171e+01
1.430876326900000173e+01
1.417773520700000134e+01
1.419186275800000097e+01
1.426278770800000117e+01
1.423898046800000117e+01
1.426831904700000031e+01
1.432976502900000071e+01
1.412684031700000098e+01
1.407697448100000059e+01
1.415166384100000130e+01
1.401472261000000152e+01
1.412538255300000145e+01
1.412474281700000134e+01
1.404234665200000087e+01
1.411717524600000040e+01
1.424290534200000025e+01
1.428611562300000060e+01
1.427346628700000153e+01
1.425822560200000133e+01
1.428706906800000098e+01
1.421542263900000158e+01
1.417196499700000167e+01
1.428875558200000029e+01
1.427673678700000082e+01
1.425063777400000120e+01
1.433343030300000009e+01
1.423137892000000093e+01
1.423564664500000099e+01
1.421209500100000156e+01
1.436449345000000122e+01
1.431083652500000092e+01
1.421906721200000057e+01
1.415093298300000058e+01
1.413145427500000118e+01
1.411917670300000083e+01
1.420201033900000098e+01
1.427584028200000077e+01
1.416061240900000051e+01
1.407133984700000084e+01
1.422472985300000126e+01
1.423075119200000138e+01
1.435235926700000064e+01
1.426310913700000071e+01
1.427152715800000138e+01
1.431782334500000076e+01
1.431428238300000011e+01
1.420003632200000077e+01
1.423167608400000006e+01
1.427193662200000013e+01
1.427758084500000102e+01
1.418798784300000015e+01
1.416845804000000086e+01
1.408159499200000120e+01
1.413437916100000002e+01
1.425927919900000163e+01
1.410941499200000138e+01
1.411342417400000038e+01
1.415623148300000089e+01
1.407865261100000076e+01
1.411060064200000141e+01
1.419350720200000104e+01
1.412166624200000165e+01
1.833864657900000239e+01
2.577935589900000224e+01
2.409274244900000284e+01
2.517746718700000130e+01
2.405306979600000261e+01
2.493126219800000243e+01
2.454771661900000268e+01
2.442540602600000099e+01
2.464684952100000004e+01
2.417214568900000060e+01
2.475737489100000133e+01
2.408099864400000101e+01
1.609770236199999971e+01
1.412509891500000059e+01
1.412209659500000036e+01
1.414332507600000000e+01
1.415095855700000094e+01
1.410188896300000039e+01
1.404350313500000169e+01
1.412462327700000131e+01
1.400660732700000111e+01
1.405076309600000073e+01
1.400738808200000030e+01
1.408573507300000038e+01
1.399821937600000155e+01
1.402987716800000051e+01
1.409100152100000081e+01
1.407887143300000155e+01
1.403612418100000170e+01
1.405548959400000086e+01
1.409099412800000017e+01
1.405507222200000150e+01
1.405355238800000173e+01
1.411165483400000120e+01
1.415415586200000142e+01
1.409962171800000164e+01
1.398352168400000117e+01
1.402210437800000165e+01
1.409189310400000039e+01
1.391810899500000076e+01
1.402913135400000044e+01
1.401753345900000092e+01
1.416313008900000092e+01
1.446647678400000103e+01
1.431161484200000089e+01
1.429527587300000135e+01
1.430684423200000133e+01
1.426888774400000059e+01
1.424569303400000031e+01
1.399493105500000034e+01
1.401495100600000043e+01
1.406154649400000167e+01
1.416283229200000093e+01
1.397643867500000070e+01
1.404651552200000175e+01
1.395597529500000000e+01
1.397690133900000120e+01
1.404106692500000086e+01
1.397678581500000128e+01
1.408172287500000053e+01
1.398476227000000094e+01
1.414808047400000035e+01
1.397684863300000124e+01
1.400199381500000051e+01
1.405310581300000017e+01
1.412046443500000059e+01
1.403222970000000025e+01
1.409800481800000149e+01
1.423489573300000011e+01
1.415499964200000171e+01
1.426922619100000134e+01
1.396819619600000095e+01
1.407136623200000081e+01
1.398098208700000100e+01
1.412350842400000062e+01
1.400987824800000148e+01
1.391671591700000121e+01
1.409992482700000060e+01
1.421786160400000121e+01
1.449764064100000027e+01
1.447395921700000088e+01
1.435566906300000056e+01
1.444436366800000116e+01
1.462554630400000022e+01
1.457400928100000037e+01
1.465109683400000051e+01
1.467913358400000057e+01
1.438582918900000074e+01
1.444051572400000083e+01
1.432870570600000093e+01
1.442992724800000026e+01
1.429538195100000131e+01
1.421368048200000089e+01
1.419351603400000172e+01
1.420242368800000143e+01
1.409517268300000126e+01
1.418268941600000055e+01
1.409737648700000001e+01
1.440001176300000019e+01
1.447719621400000101e+01
1.446864287400000038e+01
1.434098098500000162e+01
1.445910994500000157e+01
1.442686514200000047e+01
1.434313069200000079e+01
1.444088053300000141e+01
1.442786156200000036e+01
1.441781194500000041e+01
1.440971514800000008e+01
1.440655846000000118e+01
1.440701390600000131e+01
1.423601834700000168e+01
1.424463249200000092e+01
1.406642652900000101e+01
1.409283080200000171e+01
1.418403800900000000e+01
1.432861011200000156e+01
1.416073259100000037e+01
1.425534364600000004e+01
1.414390081800000054e+01
1.420460821800000062e+01
1.428048401900000108e+01
1.427949862100000011e+01
1.413589287300000130e+01
1.427914858000000109e+01
1.422517685400000076e+01
1.414575677600000070e+01
1.411174217600000169e+01
1.414959342900000117e+01
1.424665782000000114e+01
1.414557659100000109e+01
1.419821467700000106e+01
1.411163012300000119e+01
1.415921263400000107e+01
1.428083005700000108e+01
1.422990980500000013e+01
1.418345509100000079e+01
1.426240561600000056e+01
1.427526725900000137e+01
1.412948749400000104e+01
1.441808491100000111e+01
1.443188120400000152e+01
1.432831025300000150e+01
1.447889963400000113e+01
1.422257919300000140e+01
1.432935243500000055e+01
1.415449556600000136e+01
1.464000706300000054e+01
1.460056220100000068e+01
1.471973507800000114e+01
1.451821713900000077e+01
1.457481886500000101e+01
1.468241583500000047e+01
1.443963010900000121e+01
1.458926461100000083e+01
1.443715928400000159e+01
1.450703799100000069e+01
1.432823752900000081e+01
1.451917388700000089e+01
1.445740947900000073e+01
1.442204543000000072e+01
1.453054923300000034e+01
1.443776167800000110e+01
1.460710719400000102e+01
1.458454678800000082e+01
1.452053501000000146e+01
1.452767390400000025e+01
1.460200074300000139e+01
1.453358629900000132e+01
1.420110358100000170e+01
1.413545033000000117e+01
1.412931293100000119e+01
1.413832976500000171e+01
1.409175318300000157e+01
1.413045434400000033e+01
1.398089480700000031e+01
1.410786374700000145e+01
1.411276480500000119e+01
1.409948621500000066e+01
1.410987885900000016e+01
1.416987352100000130e+01
1.410948662300000045e+01
1.413183199000000023e+01
1.458422093300000100e+01
1.469007138000000090e+01
1.414935856800000025e+01
1.436400300700000088e+01
1.425847126100000040e+01
1.413114571900000094e+01
1.419238699400000137e+01
1.418620614900000021e+01
1.425447913800000066e+01
1.415777396900000085e+01
1.416652237500000133e+01
1.420298717000000011e+01
1.410567741100000028e+01
1.416255761300000060e+01
1.421494885100000083e+01
1.422931560400000173e+01
1.418511739000000027e+01
1.416684914900000081e+01
1.418618704200000025e+01
1.413887851300000165e+01
1.441882586300000035e+01
1.450768554900000140e+01
1.448085228200000074e+01
1.461191257800000010e+01
1.453349178000000030e+01
1.439791581100000073e+01
1.459213231000000022e+01
1.414293972500000152e+01
1.418975145200000121e+01
1.405308429700000161e+01
1.415878547400000009e+01
1.411535583700000096e+01
1.421593602700000147e+01
1.420150821200000024e+01
1.448025917000000007e+01
1.445797263500000085e+01
1.458821172500000074e+01
1.454670319700000114e+01
1.442456716400000083e+01
1.443596558000000130e+01
1.460830256400000060e+01
1.447552465000000055e+01
1.457471475900000080e+01
1.449638992500000079e+01
1.462492265100000033e+01
1.464078750300000031e+01
1.441729130600000097e+01
1.442505320100000077e+01
1.429640380800000088e+01
1.413157757100000111e+01
1.420154535300000020e+01
1.432391131900000047e+01
1.421171296200000000e+01
1.426361597300000028e+01
1.419157743900000135e+01
1.447019647000000120e+01
1.444329890900000102e+01
1.443815133600000067e+01
1.437709631800000132e+01
1.470554480500000061e+01
2.468885304000000147e+01
2.023578858700000183e+01
2.305242425100000148e+01
1.808996576800000256e+01
2.158454262900000131e+01
1.631505227000000247e+01
1.483903942600000114e+01
1.476946101300000080e+01
1.936646406900000272e+01
1.489812102200000155e+01
1.557220036100000016e+01
1.494014938200000131e+01
1.546445363000000128e+01
1.629810015900000053e+01
1.890768189499999963e+01
1.805779714200000186e+01
1.480270375600000143e+01
1.483939377800000159e+01
1.486832795900000015e+01
1.483923875000000159e+01
1.444463659300000025e+01
2.245829336999999981e+01
2.437078488000000220e+01
2.392889106400000188e+01
2.461343318300000149e+01
2.460394016900000125e+01
2.482833932800000198e+01
2.575682267300000206e+01
2.574929680700000034e+01
2.509492308800000160e+01
2.565301772900000188e+01
2.509246388400000072e+01
2.560796424000000115e+01
2.578232454200000134e+01
2.510699513500000180e+01
2.560063061100000326e+01
2.529359132000000088e+01
2.556336539000000130e+01
2.576333654900000170e+01
2.504169203100000018e+01
2.562137520799999990e+01
2.541890853600000000e+01
2.548780065200000067e+01
2.564989820500000306e+01
2.510153071700000282e+01
2.568141913900000262e+01
2.573480110600000259e+01
2.521333603300000092e+01
2.565958463300000147e+01
2.502154603500000007e+01
2.579074891500000177e+01
2.572803901900000056e+01
2.530244095300000140e+01
2.566319302900000210e+01
2.505418077600000260e+01
2.574174915100000050e+01
2.569767286200000100e+01
2.523548112699999990e+01
2.563122898000000305e+01
2.502421171300000324e+01
2.575170659900000203e+01
2.557907913400000055e+01
2.525224094800000074e+01
2.565573847799999996e+01
2.498613424000000194e+01
2.578358780699999997e+01
2.568520255800000029e+01
2.519499609200000023e+01
2.567868664600000272e+01
2.527921456400000011e+01
2.574864236800000228e+01
2.573145005900000015e+01
2.526441616400000001e+01
2.563335209000000248e+01
2.534836113800000135e+01
2.567334133900000026e+01
2.566752202900000057e+01
2.524268981000000167e+01
2.560043017400000309e+01
2.550361396100000277e+01
2.555583158100000318e+01
2.569536134000000160e+01
2.538682977800000273e+01
2.573306753900000032e+01
2.567385675200000250e+01
2.539809076400000265e+01
2.586346653000000018e+01
2.502007573800000273e+01
2.576911515900000182e+01
2.572383702800000194e+01
2.494773907200000096e+01
2.579463896500000075e+01
2.488822936700000099e+01
2.571960190000000068e+01
2.569846768800000092e+01
2.487873542100000179e+01
2.565722053400000036e+01
2.484691862600000078e+01
2.566333805800000079e+01
2.557044317600000127e+01
2.514351746700000234e+01
2.561831859300000147e+01
2.528823860299999993e+01
2.554588913500000302e+01
2.565705528300000182e+01
2.517047159900000253e+01
2.570659284000000255e+01
2.573455040800000049e+01
2.527832351700000046e+01
2.565444053500000265e+01
2.527494811800000107e+01
2.570039205900000212e+01
2.562565413800000158e+01
2.510399757700000123e+01
2.555379872000000319e+01
2.518537365300000275e+01
2.570559592300000062e+01
2.562440701700000290e+01
2.507326495800000288e+01
2.567122110700000093e+01
2.515425318900000207e+01
2.573382794700000176e+01
2.560244895400000331e+01
2.506237500699999998e+01
2.559854252600000279e+01
2.534653142200000175e+01
2.532640889800000039e+01
2.556981400400000126e+01
2.508637587100000133e+01
2.565121577300000055e+01
2.557156868400000249e+01
2.499311030200000161e+01
2.562107488000000188e+01
2.495275776600000128e+01
2.570269132100000320e+01
2.558382322799999997e+01
2.485348385100000002e+01
2.569460204300000328e+01
2.499585868900000207e+01
2.553982371900000103e+01
2.557802722500000314e+01
2.487562217099999984e+01
2.561330191900000131e+01
2.507330446899999998e+01
2.573450786000000079e+01
2.549838832600000060e+01
2.509158777300000054e+01
2.548220638700000151e+01
2.538718322900000146e+01
2.520614668800000047e+01
2.556431160200000008e+01
2.512950573900000251e+01
2.557529210000000219e+01
2.565717452000000165e+01
2.498626419700000056e+01
2.562043402900000189e+01
2.495938085300000253e+01
2.577343295100000020e+01
2.553836088999999987e+01
2.496528653800000086e+01
2.566456104800000304e+01
2.498740300000000047e+01
2.596165691400000242e+01
2.566696084700000213e+01
2.513357275999999985e+01
2.555572957000000045e+01
2.490546494500000207e+01
2.553929306900000284e+01
2.554659074200000290e+01
2.508564070200000273e+01
2.560599955400000027e+01
2.521586227500000277e+01
2.559633572900000331e+01
2.580027808200000194e+01
2.497960326000000109e+01
2.573553772200000012e+01
2.520029352100000253e+01
2.545400870600000331e+01
2.565077567300000183e+01
2.497854366299999995e+01
2.566329558900000052e+01
2.538325343700000047e+01
2.532845289100000130e+01
2.553080851200000012e+01
2.505591220000000163e+01
2.563663553399999984e+01
2.556453510000000051e+01
2.495861814400000256e+01
2.567312166800000028e+01
2.494017931500000174e+01
2.558313788500000285e+01
2.570640602400000319e+01
2.486865316900000167e+01
2.574381943800000272e+01
2.483653325900000297e+01
2.562876763300000249e+01
2.566937462799999992e+01
2.484244811800000008e+01
2.559193035000000194e+01
2.507728089200000099e+01
2.570197006000000073e+01
2.562799306700000201e+01
2.505802515000000241e+01
2.555074381400000050e+01
2.524892463200000137e+01
2.529496062200000139e+01
2.552277833000000129e+01
2.511612080500000133e+01
2.556055041400000150e+01
2.557498271100000053e+01
2.513637578500000203e+01
2.577782329800000127e+01
2.495784301900000202e+01
2.574370779700000256e+01
2.548365701700000230e+01
2.497706804000000247e+01
2.577506302200000121e+01
2.491108852500000026e+01
2.583610418800000019e+01
2.567398023800000217e+01
2.506544455500000268e+01
2.573851595800000069e+01
2.518434699200000182e+01
2.573519481000000297e+01
2.567616551600000108e+01
2.516554123600000281e+01
2.569562528900000231e+01
2.512555014600000192e+01
2.581661905099999998e+01
2.557832639200000102e+01
2.518494175600000062e+01
2.579445490800000229e+01
2.522341320200000325e+01
2.585384279600000212e+01
2.564186361500000189e+01
2.509474957800000183e+01
2.580416923900000015e+01
2.539267705000000319e+01
2.557645998799999987e+01
2.561779333900000211e+01
2.503948650100000251e+01
2.575204273599999993e+01
2.552075911400000052e+01
2.549857605300000074e+01
2.566097546200000323e+01
2.507356921400000260e+01
2.589388553300000240e+01
2.558492807100000022e+01
2.535123169900000306e+01
2.555815680000000256e+01
2.497245159700000272e+01
2.584355359200000279e+01
2.570250721100000035e+01
2.538538431100000281e+01
2.556393287900000288e+01
2.503565475300000287e+01
2.583378721400000089e+01
2.569082079300000032e+01
2.515777220300000039e+01
2.544624611000000058e+01
2.493071921900000021e+01
2.560015142100000318e+01
2.543205941700000139e+01
2.546039416800000055e+01
2.546662555500000025e+01
2.555490721800000031e+01
2.424992106300000216e+01
2.250296712700000157e+01
2.270950519200000173e+01
2.252010587400000219e+01
2.259374237200000124e+01
2.254750808100000015e+01
2.246228911800000105e+01
2.253376676600000295e+01
2.255355765700000248e+01
2.390535621200000094e+01
2.377538673400000135e+01
2.305586704000000253e+01
2.390892095800000305e+01
1.575441021500000183e+01
2.167334613600000282e+01
1.553612582300000078e+01
1.424691784500000047e+01
2.146057110499999965e+01
1.427030979300000091e+01
1.424445899800000070e+01
1.427359090500000072e+01
1.425390409600000119e+01
1.427817705300000029e+01
1.491390999400000084e+01
1.420456250300000001e+01
2.098904554900000008e+01
1.516601747100000175e+01
1.423187698200000106e+01
1.437864062100000062e+01
1.426546480900000091e+01
2.310642048400000093e+01
1.698776290600000038e+01
2.136443332500000025e+01
1.690078994899999998e+01
1.420883604200000150e+01
1.433912431700000134e+01
1.532930362000000102e+01
1.425400598600000102e+01
1.447803249400000070e+01
1.423854517400000042e+01
1.605219987200000276e+01
1.439050661900000172e+01
1.437897704700000112e+01
1.422623160600000070e+01
1.433107035300000121e+01
1.427338396800000098e+01
1.429894453100000007e+01
1.532059142200000146e+01
2.412127269700000198e+01
1.413779816100000097e+01
1.420278705800000019e+01
1.421315121100000134e+01
1.415919242100000019e+01
1.431527167000000134e+01
1.418515811900000045e+01
1.415106831800000009e+01
1.421764895100000103e+01
1.416889149200000020e+01
1.804547730700000230e+01
1.432044997800000097e+01
1.441969257800000115e+01
1.435025759800000067e+01
1.445530740300000083e+01
1.446901411200000176e+01
1.425725505800000015e+01
1.415896333800000129e+01
1.423183906000000043e+01
1.755484860299999994e+01
2.161467865200000205e+01
1.544159345500000136e+01
1.396583914200000009e+01
1.410659263200000169e+01
1.408408937700000152e+01
1.398348337100000016e+01
1.391959161300000147e+01
1.410440207400000112e+01
1.407939792600000040e+01
1.401938181000000050e+01
1.396928387000000171e+01
1.404506774600000085e+01
1.432290322000000060e+01
1.419905613400000099e+01
1.398409543900000074e+01
1.391734872900000042e+01
1.422251028500000025e+01
2.021930636500000134e+01
2.524667945400000235e+01
2.498203711400000060e+01
2.408917943600000200e+01
2.364862457899999981e+01
2.399736715100000239e+01
2.406620661900000258e+01
2.388169350400000113e+01
2.391439945900000197e+01
2.405319934700000317e+01
2.376426231200000316e+01
2.390917961200000263e+01
2.390558040000000162e+01
2.385303817700000195e+01
2.416627840399999982e+01
2.414333428400000159e+01
2.373004675000000319e+01
2.394786094500000218e+01
2.433466929600000128e+01
2.359621710100000058e+01
2.398028093300000307e+01
2.450877343700000210e+01
2.359202939200000060e+01
2.389410945700000255e+01
2.416650693700000119e+01
2.377553478700000156e+01
2.394424198100000112e+01
2.405211175100000176e+01
2.421044779800000057e+01
2.369245130500000229e+01
2.414800904800000225e+01
2.420494772099999992e+01
2.372994408300000302e+01
2.402313860900000009e+01
2.432104061900000147e+01
2.366306799800000249e+01
1.660099268900000169e+01
1.727746132000000046e+01
1.986339757300000031e+01
2.293837983100000244e+01
1.423301601900000080e+01
1.425885157900000166e+01
1.426679894600000154e+01
1.416348405900000174e+01
1.438684160000000034e+01
1.435974837400000048e+01
1.427882741500000030e+01
1.407544794600000060e+01
1.424533601000000083e+01
1.428886930800000066e+01
1.733689458199999933e+01
2.407214731000000185e+01
2.444524612700000077e+01
2.442369618500000072e+01
2.430854487700000277e+01
2.405230663800000102e+01
2.440404948800000184e+01
2.442497021900000220e+01
2.399096352400000143e+01
2.449472997900000237e+01
2.453966911900000269e+01
2.394650263400000156e+01
2.417398634800000323e+01
2.443326967300000163e+01
2.378110235800000183e+01
2.429991553099999990e+01
2.454404798100000207e+01
2.393531931600000107e+01
2.431661231700000059e+01
2.441281835800000266e+01
2.390893077200000150e+01
2.445379694900000089e+01
2.457395943900000290e+01
2.412655179600000110e+01
2.445238055900000163e+01
2.464384536200000042e+01
2.418933935800000157e+01
2.430641392700000125e+01
2.454028865200000098e+01
2.419476368200000138e+01
2.405195513800000029e+01
2.441377902500000019e+01
2.455077401600000186e+01
2.410655626500000182e+01
2.443645202800000149e+01
2.459000758700000233e+01
2.407210685000000083e+01
2.443549585400000268e+01
2.443663547600000285e+01
2.387962049800000131e+01
2.384720710700000268e+01
2.443721741600000286e+01
2.417815561000000102e+01
2.383444301500000151e+01
2.433649936000000125e+01
2.427931552300000106e+01
2.388587835700000284e+01
2.431670954900000226e+01
2.413080331600000150e+01
2.427008723900000220e+01
2.358498407000000086e+01
2.434918356200000034e+01
2.417254218500000107e+01
2.366524814799999987e+01
2.430194914200000156e+01
2.417186719400000072e+01
2.395770636900000028e+01
2.415205188400000225e+01
2.434999763200000089e+01
2.412784546299999988e+01
2.416326971800000223e+01
2.449022848700000310e+01
2.419125513700000241e+01
2.387198206600000105e+01
2.449601652600000179e+01
2.393287636400000196e+01
2.421172989100000095e+01
2.443050915400000278e+01
2.423778818400000290e+01
2.405744151100000039e+01
2.432262761700000198e+01
2.433135285300000206e+01
2.381423769800000301e+01
2.423997467100000236e+01
2.384532794800000133e+01
2.406905868700000184e+01
2.443499064400000265e+01
2.666746466400000060e+01
2.408404525000000262e+01
2.427020960400000149e+01
2.357653156800000005e+01
2.443285463100000143e+01
2.419451532900000146e+01
2.387181247300000209e+01
2.449434096100000247e+01
2.397709996600000082e+01
2.395702761300000105e+01
2.446315257900000262e+01
2.411438830600000216e+01
2.403663707700000174e+01
2.441737213400000073e+01
2.417217568700000285e+01
2.387108140000000134e+01
2.443773921400000049e+01
2.400739364000000009e+01
2.417177534600000044e+01
2.415644447700000086e+01
2.400356284600000123e+01
2.395784665600000096e+01
2.408972378600000042e+01
2.410290277000000003e+01
2.409863095500000085e+01
2.417248866000000262e+01
2.374999186200000167e+01
2.409852719300000246e+01
2.460038567200000159e+01
2.358853815100000162e+01
2.400900256600000304e+01
2.387537505000000237e+01
1.894976148000000293e+01
1.388174205700000030e+01
1.415609146300000099e+01
1.413820737500000035e+01
1.396292768400000028e+01
1.404273657200000081e+01
1.408861389100000139e+01
1.413710626300000150e+01
1.401580345700000052e+01
1.408042357200000083e+01
1.412071736800000110e+01
1.402159837800000020e+01
1.414846490300000070e+01
1.401646013200000063e+01
1.406149233400000043e+01
1.405831809400000054e+01
1.413659230200000039e+01
1.401755597400000042e+01
1.404139153800000095e+01
1.411261143500000159e+01
1.403074278700000121e+01
1.412981418700000091e+01
1.406672675000000083e+01
1.413990870200000138e+01
1.404271739800000063e+01
1.394999933000000070e+01
1.405382774000000090e+01
1.411689327100000035e+01
1.394609452800000149e+01
1.402597213100000140e+01
1.411292345900000100e+01
1.418535677300000053e+01
1.394269632200000153e+01
1.406672599400000045e+01
1.399693698500000139e+01
1.424848346400000132e+01
1.403392671000000114e+01
1.403603879700000157e+01
1.403708715300000165e+01
1.409055212300000015e+01
1.408066835400000016e+01
1.393838751100000017e+01
1.394362510200000038e+01
1.389901732900000120e+01
1.423071431900000050e+01
1.388637479000000141e+01
1.403501172400000030e+01
1.396531931400000026e+01
1.418976829200000012e+01
1.399471009300000013e+01
1.397914079000000065e+01
1.406998611600000082e+01
1.411009923800000010e+01
1.421834623600000036e+01
1.393498753100000087e+01
1.404944425100000061e+01
1.397329170100000084e+01
1.425498780000000032e+01
1.395323195300000130e+01
1.405023157600000161e+01
1.405340086700000057e+01
1.421936993700000151e+01
1.429885022000000028e+01
1.390408223900000095e+01
1.403578775800000145e+01
1.411396391400000105e+01
1.423853999500000000e+01
1.388346884000000081e+01
1.397858185100000128e+01
1.410819180400000050e+01
1.393812903300000094e+01
1.404264519900000074e+01
1.395557994500000021e+01
1.410793612299999999e+01
1.394607451700000134e+01
1.418980133200000004e+01
1.396491224200000048e+01
1.417409408900000045e+01
1.396333492100000129e+01
1.406162889400000005e+01
1.414871674800000001e+01
1.412917641600000174e+01
1.409722679900000131e+01
1.418052647800000088e+01
1.684939377599999943e+01
1.400192851500000124e+01
1.412840412200000095e+01
1.393711663600000072e+01
1.404453944200000137e+01
1.412690662900000049e+01
1.417947312500000123e+01
1.392984196800000163e+01
1.405872625400000153e+01
1.408921762700000002e+01
1.405614216100000036e+01
1.396619381800000070e+01
1.395568333800000005e+01
1.404937558100000139e+01
1.432882133000000024e+01
1.403708824100000108e+01
1.396297830300000165e+01
1.461625348100000110e+01
1.485068981900000118e+01
1.592273248000000052e+01
1.402425082700000125e+01
1.431981722600000140e+01
1.474775253000000141e+01
1.402988092100000017e+01
1.405298874900000072e+01
1.392666695400000165e+01
1.420627156600000163e+01
1.404910002700000149e+01
1.392709800800000153e+01
1.389344962100000025e+01
1.391213590700000147e+01
1.417792910900000081e+01
1.395590164000000044e+01
1.409101405000000007e+01
1.394421966800000057e+01
1.422106636900000076e+01
1.437834501400000065e+01
1.704360593900000254e+01
1.475014034200000168e+01
1.398093311600000099e+01
1.419498290700000176e+01
1.394275332400000167e+01
1.405122464000000093e+01
1.405432632700000006e+01
1.706336523600000277e+01
1.401659987800000096e+01
1.389894865900000021e+01
1.405804104500000129e+01
1.387813012400000012e+01
1.409008297400000131e+01
1.387248306800000108e+01
1.414598186700000149e+01
1.388205439600000091e+01
1.410112621800000099e+01
1.396878813700000066e+01
1.408688582900000164e+01
1.389548154600000096e+01
1.393116067000000058e+01
1.494947342600000084e+01
1.453428299500000165e+01
1.594299623000000032e+01
1.393546308500000031e+01
1.434726149100000114e+01
1.429797285900000148e+01
1.409275163200000058e+01
1.421279403000000130e+01
1.412792239700000074e+01
1.428742988700000005e+01
1.403153807200000003e+01
1.411737891200000128e+01
1.406257863100000094e+01
1.451511182400000166e+01
1.407011454500000092e+01
1.413448604900000127e+01
1.416036434800000166e+01
1.526419423200000125e+01
1.447745002000000092e+01
1.509489129200000157e+01
1.414779533500000142e+01
1.412000642900000003e+01
1.427169560700000162e+01
1.398250418500000158e+01
1.388150991900000086e+01
1.391721034100000054e+01
1.416500785100000037e+01
1.391927073600000142e+01
1.393295865600000027e+01
1.408485474400000115e+01
1.413937636600000047e+01
1.414180978100000097e+01
1.394546421400000114e+01
1.399915136800000148e+01
1.418487536500000168e+01
1.407254059200000107e+01
1.394284000300000059e+01
1.388735540300000082e+01
1.669102667499999981e+01
1.402556800500000023e+01
1.405205531400000041e+01
1.389216868500000146e+01
1.417112957800000039e+01
1.400027218600000012e+01
1.406854824000000015e+01
1.404220553100000046e+01
1.405891008500000083e+01
1.407426018300000159e+01
1.406460765600000151e+01
1.393151207100000022e+01
1.396351534600000122e+01
1.400339414800000171e+01
1.388452193900000076e+01
1.406436709300000132e+01
1.390355011200000135e+01
1.405377165400000017e+01
1.390938919000000062e+01
1.400088204000000047e+01
1.389773498000000096e+01
1.461258069200000165e+01
1.417887612300000022e+01
1.387436970100000089e+01
1.539701612000000175e+01
2.347804545700000034e+01
2.351698175800000001e+01
2.348107077400000264e+01
1.400833943400000159e+01
1.409401647300000171e+01
1.408430485200000071e+01
1.428797801800000045e+01
1.406249245600000108e+01
1.405209507800000068e+01
2.375687836100000183e+01
2.268183076000000042e+01
2.113194993600000160e+01
2.105973610400000240e+01
2.112353842699999973e+01
2.106418065900000158e+01
2.134970724100000083e+01
2.122729558099999991e+01
2.115773015400000290e+01
2.133551043900000010e+01
2.118902502799999965e+01
2.112997256999999962e+01
2.133523508100000043e+01
2.325505333000000263e+01
2.381401724400000219e+01
2.435557642500000242e+01
2.395071855700000185e+01
2.394391751400000246e+01
2.424347216399999994e+01
2.414893381899999980e+01
2.368692272800000254e+01
2.447812273100000269e+01
2.418452114900000183e+01
2.381273482300000310e+01
2.463558399000000065e+01
2.389488255900000269e+01
2.389384639700000079e+01
2.468745482000000280e+01
2.390720564300000106e+01
2.417296102900000321e+01
2.414003321400000246e+01
2.385884578400000322e+01
2.445237004400000203e+01
2.424956377900000248e+01
2.402043247400000325e+01
2.383144148400000262e+01
2.416046282699999992e+01
2.417098826500000186e+01
2.385471589700000195e+01
2.438696196900000146e+01
2.406514294500000162e+01
2.385111896600000136e+01
2.456734469200000248e+01
2.399724425800000205e+01
2.396228208500000179e+01
2.446585875000000243e+01
2.435080234400000165e+01
2.376965898000000266e+01
2.449399076100000272e+01
2.440808256700000101e+01
2.393824316700000310e+01
2.439118474200000009e+01
2.417548424000000296e+01
2.373891099500000124e+01
2.418110887799999986e+01
2.410636207200000314e+01
2.384078672500000096e+01
2.407772168800000046e+01
2.470962953600000134e+01
2.366336984800000209e+01
2.416440666500000134e+01
2.438075148000000070e+01
2.363207604000000117e+01
2.432553502000000023e+01
2.416957031700000158e+01
2.357211002000000022e+01
2.431886365600000133e+01
1.478234553500000104e+01
1.391472037000000128e+01
1.413474261500000040e+01
1.404731582400000001e+01
1.390514770500000097e+01
1.387894611000000111e+01
1.408030762400000135e+01
1.395178740500000103e+01
1.405493126600000053e+01
1.399064763400000011e+01
1.407846882500000163e+01
1.399521795400000101e+01
1.406822322600000064e+01
1.425578946600000130e+01
1.543011524800000167e+01
1.452032821000000062e+01
1.410958901400000087e+01
1.392506080700000126e+01
1.408351958300000106e+01
1.391291373200000159e+01
1.394555745200000096e+01
1.406529245700000175e+01
1.405992824700000021e+01
1.390986717700000064e+01
1.394102259900000007e+01
1.403785243600000143e+01
1.387140314200000013e+01
1.407909742800000075e+01
1.391032388300000022e+01
1.740504736200000124e+01
2.461166014400000179e+01
2.328778806800000112e+01
1.395888187900000155e+01
1.417896121800000131e+01
1.546429535500000085e+01
1.452075420800000138e+01
1.461425056000000033e+01
1.421558354600000129e+01
1.386508718700000031e+01
1.396761263700000022e+01
1.398022385100000164e+01
1.402527642000000085e+01
1.410315641100000050e+01
1.388662436200000094e+01
1.391863313500000032e+01
1.936978178900000103e+01
2.375064629400000271e+01
2.368844659500000205e+01
2.429870209500000300e+01
2.369753805800000279e+01
2.416717438200000245e+01
2.366680441900000176e+01
2.388946354300000152e+01
2.426385521300000292e+01
2.348906708100000174e+01
2.411989040500000314e+01
2.407387180400000304e+01
2.362862042500000115e+01
2.402856159300000272e+01
2.389233016100000029e+01
2.391609318600000123e+01
2.406356060400000274e+01
2.367021480900000086e+01
2.393572852000000140e+01
2.412956206400000170e+01
2.351829459000000000e+01
2.422778188700000257e+01
2.409923771600000109e+01
2.364661584300000285e+01
2.419992042300000179e+01
2.371047174999999996e+01
2.396180927900000057e+01
2.434853956400000285e+01
2.341443425400000322e+01
2.411089260800000034e+01
2.410648574800000077e+01
2.357826527500000324e+01
2.431164419200000282e+01
2.369499188099999998e+01
2.410245892800000078e+01
2.415449933900000090e+01
2.368333503800000273e+01
2.428349977900000312e+01
1.521045129400000029e+01
1.443341243600000112e+01
1.410622845300000172e+01
1.394062454000000173e+01
1.407243161200000081e+01
1.427920807400000136e+01
1.428409147200000007e+01
1.454118038200000029e+01
1.420152108400000124e+01
1.660550161900000177e+01
1.579218330500000178e+01
1.394535982000000018e+01
1.401558661400000005e+01
1.406868798200000015e+01
1.417251918300000035e+01
1.394644490000000125e+01
1.414590640300000146e+01
1.398560206900000047e+01
1.510515217400000054e+01
1.414484118400000057e+01
1.392234136800000144e+01
1.841509103899999999e+01
1.417317459000000035e+01
1.405399073800000131e+01
1.813694974100000223e+01
1.423612082800000067e+01
1.395001323400000004e+01
1.392049513500000124e+01
1.413654828200000146e+01
1.400746673700000144e+01
1.401843485800000089e+01
1.400904640600000128e+01
1.409407229900000047e+01
1.417466919600000175e+01
1.412469329200000168e+01
1.408940798000000072e+01
1.422792652700000104e+01
1.406645424800000121e+01
1.436145501300000049e+01
1.401436970500000001e+01
1.406415130400000102e+01
1.433841442700000002e+01
1.413060154400000101e+01
1.409573795500000060e+01
1.426320715700000008e+01
1.503665265500000103e+01
1.452403226400000058e+01
1.486214161400000044e+01
1.407122305200000056e+01
1.411538729000000103e+01
1.425457313200000087e+01
1.403251393100000044e+01
1.408509130600000070e+01
1.401515461100000159e+01
1.410600675400000092e+01
1.428015250800000047e+01
1.403168716300000085e+01
1.413321959100000136e+01
1.409277591500000071e+01
1.407948161900000095e+01
1.416199385300000024e+01
1.410595290300000038e+01
1.409227798000000043e+01
1.397880748000000040e+01
1.411472377600000172e+01
1.386005661400000122e+01
1.763275147699999934e+01
1.414942045400000126e+01
1.405381651300000101e+01
1.566494781400000136e+01
1.388540077300000064e+01
1.390389829100000085e+01
1.386235135500000126e+01
1.413385524900000156e+01
1.386579521100000001e+01
1.389789229900000045e+01
1.386267871200000101e+01
1.401608830100000169e+01
1.415767175300000069e+01
1.393270032500000077e+01
1.391511490900000148e+01
1.919514109500000032e+01
2.134205337000000213e+01
2.105857493799999958e+01
2.222026530100000130e+01
2.131447818300000208e+01
2.109230871200000124e+01
2.128216219300000134e+01
2.135757923400000280e+01
2.132462674599999986e+01
2.123226958800000119e+01
2.123313476200000238e+01
2.140913764500000127e+01
2.190247631200000100e+01
2.425244334899999998e+01
2.412190593100000058e+01
2.354023399100000091e+01
2.412678066400000176e+01
2.376505948600000195e+01
2.337891509199999973e+01
2.428121562000000111e+01
2.329223499700000133e+01
2.400046886200000174e+01
2.400472629500000110e+01
2.336032582300000016e+01
2.389578040900000033e+01
2.369771652300000042e+01
2.390942802800000067e+01
2.393574866500000198e+01
2.351610787000000258e+01
2.380754294800000181e+01
2.390071335000000019e+01
2.377692897500000058e+01
2.392773281200000213e+01
2.343593348599999970e+01
2.390765574500000312e+01
2.378888831700000139e+01
2.361484466799999993e+01
2.381657034000000195e+01
2.365399467300000325e+01
2.399418647700000307e+01
2.395901369300000283e+01
2.324169286900000131e+01
2.407166300300000117e+01
2.341274681600000207e+01
2.387118979100000260e+01
2.405780265300000309e+01
2.332174213900000126e+01
2.406531790100000023e+01
2.360826160800000295e+01
2.392372858600000285e+01
2.418811990500000064e+01
2.329293730200000212e+01
2.388860337300000225e+01
2.416136148200000022e+01
2.337895945700000055e+01
2.404741324500000133e+01
2.404089014100000199e+01
2.343530456400000261e+01
2.404038312900000207e+01
2.380412658800000258e+01
2.371599336800000302e+01
2.400861218800000074e+01
2.372773103900000180e+01
2.366591781700000041e+01
2.410208711200000309e+01
2.357912078200000039e+01
2.383052270800000016e+01
2.421470837800000098e+01
2.323617147300000241e+01
2.393987636499999994e+01
2.395487113000000079e+01
2.369332254000000049e+01
2.408350732800000316e+01
2.342115428199999982e+01
2.387707109600000166e+01
2.392433025700000115e+01
2.337717969300000220e+01
2.385845664200000016e+01
2.368902888800000284e+01
2.389818268700000203e+01
2.384959352100000274e+01
2.373209150500000320e+01
2.382297003500000088e+01
2.377530302500000303e+01
2.386360897800000203e+01
2.368619725200000303e+01
2.390535161800000097e+01
2.393713890000000077e+01
2.372957342600000175e+01
2.397560986000000227e+01
2.364960313400000302e+01
2.364095926600000297e+01
2.415135697300000217e+01
2.336795640900000137e+01
2.388001896000000102e+01
2.399857453300000287e+01
2.355651845500000263e+01
2.371398060300000310e+01
2.371988376600000237e+01
2.348369253500000298e+01
2.378189378600000126e+01
2.396408983800000314e+01
2.214918416800000145e+01
2.110456594400000085e+01
2.129693269600000249e+01
2.106706229799999974e+01
2.113247718900000294e+01
2.146636447300000228e+01
2.115221024100000236e+01
2.113843046400000247e+01
2.137799892600000007e+01
2.109865231900000282e+01
2.125415916400000071e+01
2.135128150400000280e+01
2.113988602100000236e+01
2.132604115800000244e+01
2.127561466000000223e+01
2.107515188900000069e+01
2.120846469600000006e+01
2.119910993800000298e+01
2.104571582200000179e+01
2.129730297000000050e+01
2.121783632800000063e+01
2.120916314700000171e+01
2.105872310000000169e+01
2.110244961800000141e+01
2.134280276900000217e+01
2.112235502900000128e+01
2.107988225600000121e+01
2.129244144100000113e+01
2.099653160900000159e+01
2.120871284100000054e+01
2.132120809200000267e+01
2.111034656500000040e+01
2.114784106400000141e+01
2.122750555700000064e+01
2.097340792299999990e+01
2.126935095500000017e+01
2.121414762200000226e+01
2.108392097600000170e+01
2.117451720000000037e+01
2.125236439800000099e+01
2.105499951600000230e+01
2.106077923500000182e+01
2.122813596000000302e+01
2.131594534999999979e+01
2.101718626500000298e+01
2.114634692799999982e+01
2.122240382000000025e+01
2.098610408100000058e+01
2.115932230499999989e+01
2.119248379600000121e+01
2.109581018900000160e+01
2.119566900500000273e+01
2.122852371900000179e+01
2.119882757800000306e+01
2.116592568600000135e+01
2.141473159800000303e+01
2.110330846400000127e+01
2.108542922400000208e+01
2.131651827299999979e+01
2.105476146600000220e+01
2.119255134500000182e+01
2.129858054099999976e+01
2.109065829400000069e+01
2.111953545700000134e+01
2.121989380300000150e+01
2.111092509300000231e+01
2.115831296100000003e+01
2.121297624199999987e+01
2.125790824500000298e+01
2.115025055699999967e+01
2.123598751900000181e+01
2.115309945200000286e+01
2.105570333500000046e+01
2.135682197900000290e+01
2.118157614200000083e+01
2.107390203900000003e+01
2.129374184699999972e+01
2.103752617499999999e+01
2.120185052500000111e+01
2.130590175400000064e+01
2.116092933800000253e+01
2.132439893900000172e+01
2.123563385799999992e+01
2.111430823500000287e+01
2.119368202700000126e+01
2.112501650800000164e+01
2.125695652699999982e+01
2.127212520600000190e+01
2.108934243200000225e+01
2.131106470499999972e+01
2.119288268300000055e+01
2.112012865800000228e+01
2.136629554900000016e+01
2.471742158900000064e+01
2.621297907000000293e+01
2.631012779100000287e+01
2.623309708200000046e+01
2.636904118800000063e+01
2.640327929300000065e+01
2.643033541600000191e+01
2.649185294700000171e+01
2.629351108000000181e+01
2.630872848200000291e+01
2.626446416699999986e+01
2.625009626000000296e+01
2.637254776500000020e+01
2.619213213200000112e+01
2.621276364200000231e+01
2.628724592800000082e+01
2.633539533200000093e+01
2.640476759000000229e+01
2.631193110400000279e+01
2.646756816400000289e+01
2.642344143800000111e+01
2.633109467400000270e+01
2.637960575299999988e+01
1.651585140000000251e+01
1.501287726200000172e+01
2.530799966500000053e+01
2.523324832900000203e+01
2.548747402000000051e+01
2.543049245300000294e+01
2.521339905900000034e+01
2.504088085400000097e+01
2.538749104100000054e+01
2.565276087800000226e+01
2.511794695500000074e+01
2.515651175800000061e+01
2.530659695900000017e+01
2.541055949400000102e+01
2.489333357400000324e+01
2.552888853100000333e+01
2.515448458100000195e+01
2.511076366800000059e+01
2.513032243199999982e+01
2.552169811899999985e+01
2.542093916700000023e+01
2.487196866100000037e+01
2.524683873000000034e+01
2.541432497700000326e+01
2.522526633400000051e+01
2.524350022800000204e+01
2.547335261899999992e+01
2.562775774600000034e+01
2.488012117100000253e+01
2.562606984000000310e+01
2.554316856000000158e+01
2.527353994999999998e+01
2.509839129000000213e+01
2.552468551300000144e+01
2.562626740800000036e+01
2.490081644800000049e+01
2.533280082100000286e+01
2.562966978900000115e+01
2.540718630699999991e+01
2.504399144500000318e+01
2.519657463300000089e+01
2.554389722000000162e+01
2.514602129500000061e+01
2.539988997900000101e+01
2.564514069800000229e+01
2.518411802000000321e+01
2.503686088000000254e+01
2.555569008900000227e+01
2.573133362900000165e+01
2.520207448800000094e+01
2.565699423800000289e+01
2.571962617200000167e+01
2.545054065300000090e+01
2.524361166400000300e+01
2.547638820200000254e+01
2.549214764500000285e+01
2.482939354500000206e+01
2.508776358100000081e+01
2.577419145700000058e+01
2.565203885400000061e+01
2.490371531700000318e+01
2.574720945600000022e+01
2.577635943400000329e+01
2.536330796400000054e+01
2.501833102800000219e+01
2.563169672200000093e+01
2.546429070200000311e+01
2.524999654600000198e+01
2.524758345100000057e+01
2.521878304400000204e+01
2.536469282800000258e+01
2.479966897700000317e+01
2.494640876000000063e+01
2.546971797100000146e+01
2.549757104800000107e+01
2.463002078600000289e+01
2.537112984700000240e+01
2.542042306400000129e+01
2.526179174600000010e+01
2.477854451000000324e+01
2.529353593400000122e+01
2.538733985700000062e+01
2.514958312100000271e+01
2.481176700800000035e+01
2.537859025600000251e+01
2.522612212800000009e+01
2.512438179200000121e+01
2.485017673800000182e+01
2.540511628300000169e+01
2.522231152700000223e+01
2.487797072600000092e+01
2.263835428600000199e+01
1.490975007200000135e+01
1.432479286200000068e+01
1.404705721300000043e+01
1.401645519000000029e+01
1.405789728300000085e+01
1.401435176700000085e+01
1.399613303900000005e+01
1.403890355000000056e+01
1.401110848900000150e+01
1.419009824000000108e+01
1.409901021800000009e+01
1.402593091700000016e+01
1.406879445000000040e+01
1.406295091000000141e+01
1.418329595100000162e+01
1.399047232100000038e+01
1.404355861300000008e+01
1.401918557500000162e+01
1.435653420400000080e+01
1.408070141200000158e+01
1.420704911700000039e+01
1.444576424200000098e+01
1.433939447500000064e+01
1.409221451500000022e+01
1.412895281000000125e+01
1.406055745300000126e+01
1.409017849800000022e+01
1.402303363700000105e+01
1.409997464700000158e+01
1.400655843800000078e+01
1.404422337100000107e+01
1.405635128000000122e+01
1.405549090500000098e+01
1.414215796100000055e+01
1.413244398300000171e+01
1.413732789100000176e+01
1.449060449200000100e+01
1.453877928300000022e+01
1.543788301300000043e+01
1.406834643300000032e+01
1.406080528400000063e+01
1.416759345800000069e+01
1.414093674200000095e+01
1.406741059400000005e+01
1.409958146900000031e+01
1.408002431300000090e+01
1.405503880100000025e+01
1.404055427700000003e+01
1.410368403700000073e+01
1.401581747500000041e+01
1.410873927000000094e+01
1.411744986200000085e+01
1.407302062000000120e+01
1.411985859100000162e+01
1.408321636900000051e+01
1.401808395800000007e+01
1.408451472600000010e+01
1.458801199900000078e+01
1.408961245100000070e+01
1.401771282100000171e+01
1.434454133000000020e+01
1.416431753800000060e+01
1.415291471400000134e+01
1.409141142300000027e+01
1.409179993400000086e+01
1.405795688500000118e+01
1.413676348200000099e+01
1.414348047800000074e+01
1.413192152900000131e+01
