-3.946421424089727922e-07
-1.282841207639719200e-06
-1.734219888314917312e-06
-1.947454855984212706e-06
-2.675842332473380562e-06
-3.122902051927593530e-06
-3.269474773174960654e-06
-3.836576229215158114e-06
-4.270451440362508135e-06
-4.396459055802321872e-06
-4.806481623733525021e-06
-5.220944606511926050e-06
-5.336982060467028170e-06
-5.614911218607752124e-06
-5.993223637543217204e-06
-6.102289498694242415e-06
-6.275483518971882241e-06
-6.602406346602243422e-06
-6.700095775604281823e-06
-6.798046473214214089e-06
-7.057065281790435373e-06
-7.140768292486817001e-06
-7.186755925221014244e-06
-7.363355271782175361e-06
-7.437643976840388838e-06
-7.437330543100554958e-06
-7.534027241019697139e-06
-7.595883649860431171e-06
-7.548742566934111184e-06
-7.581601592817492063e-06
-7.613239109096962934e-06
-7.529852077879333928e-06
-7.506823513593714953e-06
-7.494225837294467391e-06
-7.386856330267928525e-06
-7.306951332279776406e-06
-7.248668601236287117e-06
-7.118727106181204054e-06
-6.984981863255442265e-06
-6.881717786551811941e-06
-6.726178221945477399e-06
-6.544204276387385233e-06
-6.396909795270671670e-06
-6.211586320887500253e-06
-5.987770804778440272e-06
-5.798018538237139074e-06
-5.577796657625454456e-06
-5.321255071634943049e-06
-5.086678234967099408e-06
-4.832751897446793805e-06
-4.547995339503913924e-06
-4.268347006856821168e-06
-3.985694022767004780e-06
-3.671461929385297273e-06
-3.354002507598996162e-06
-3.043585884851303267e-06
-2.701366770602165501e-06
-2.354668568574851610e-06
-2.016058607761104781e-06
-1.651592734583482774e-06
-1.281674794348305230e-06
-9.176884975474612244e-07
-5.375542423420950890e-07
-1.496725641872999218e-07
2.334075080360129127e-07
6.230273608004026651e-07
1.022503382719805148e-06
1.416094185802770881e-06
1.808951227264138502e-06
2.211821226883902878e-06
2.605737962899529248e-06
2.995170192845732335e-06
3.390539667679917987e-06
3.774603613383502334e-06
4.151881004047671995e-06
4.527203776874269900e-06
4.891819542065843535e-06
5.244615908925205030e-06
5.588680351135920772e-06
5.922164756104047277e-06
6.237075304044971687e-06
6.539155141601167037e-06
6.827077135260562576e-06
7.091404599701983471e-06
7.338301695073740584e-06
7.565273386023163843e-06
7.764904648959422255e-06
7.940698843644489779e-06
8.090248211727564596e-06
8.208643721307452791e-06
8.295819338587876336e-06
8.351064098903350017e-06
8.371471990036925188e-06
8.354223957386344400e-06
8.301998729912020102e-06
8.212117795738595763e-06
8.082215015726001503e-06
7.917013230954049309e-06
7.713643816633432258e-06
7.472228049526850898e-06
7.196115592194768699e-06
6.883823655367386988e-06
6.536187517574600600e-06
6.153919074902704201e-06
5.737497270979677634e-06
5.285905880853260988e-06
4.798793024543141041e-06
4.277592473569755482e-06
3.720034234962396981e-06
3.127052564279681355e-06
2.500504387011877899e-06
1.839226295751906164e-06
1.145272107052515200e-06
4.199125633442156468e-07
-3.373059927332786066e-07
-1.125566702815709021e-06
-1.945118418081371830e-06
-2.796295911416662610e-06
-3.680095161631345167e-06
-4.597028114243479950e-06
-5.547295163407227765e-06
-6.532874704373137803e-06
-7.553488165351527914e-06
-8.609891207441864382e-06
-9.703627817707470869e-06
-1.083419781118214275e-05
-1.200265939184674755e-05
-1.320939722832787778e-05
-1.445442262222215488e-05
-1.573811032553361488e-05
-1.706032579167008609e-05
-1.842144290952946848e-05
-1.982095017694800027e-05
-2.125876824842128844e-05
-2.273495712783234966e-05
-2.424841909203085657e-05
-2.579897750389274313e-05
-2.738585691954824878e-05
-2.900762024426538395e-05
-3.066349404462377496e-05
-3.235185543200510031e-05
-3.407116354577307448e-05
-3.581980512403293098e-05
-3.759581812774428393e-05
-3.939748771656405708e-05
-4.122249039015439347e-05
-4.306894276286563311e-05
-4.493469011142667724e-05
-4.681712064237768896e-05
-4.871418513813700028e-05
-5.062302755402533843e-05
-5.254088498115377036e-05
-5.446506547846783665e-05
-5.639238943131966869e-05
-5.832006800139136004e-05
-6.024510873235149511e-05
-6.216479015668416558e-05
-6.407659665639622046e-05
-6.597803413662790232e-05
-6.786715489562341968e-05
-6.974182994662547145e-05
-7.160006777753317108e-05
-7.343999016475259831e-05
-7.525924135460362624e-05
-7.705559786896085464e-05
-7.882659894757020459e-05
-8.056959029006649498e-05
-8.228211032442991251e-05
-8.396152511469026083e-05
-8.560549958400721069e-05
-8.721178107084903285e-05
-8.877828670368265499e-05
-9.030332298560918411e-05
-9.178513971609764881e-05
-9.322235458528723513e-05
-9.461363665529747501e-05
-9.595761456250727806e-05
-9.725314715669923266e-05
-9.849893297868944056e-05
-9.969380982094329109e-05
-1.008367113717938634e-04
-1.019266075304907176e-04
-1.029627275189926212e-04
-1.039443034101379763e-04
-1.048707493114053266e-04
-1.057415666418830220e-04
-1.065562120507403305e-04
-1.073142771477270189e-04
-1.080152017751874889e-04
-1.086583815297760769e-04
-1.092432220826571119e-04
-1.097690477169802818e-04
-1.102354150655195970e-04
-1.106420798188272227e-04
-1.109891343126089854e-04
-1.112770998569726242e-04
-1.115067566559665199e-04
-1.116792368999698957e-04
-1.117957761235477231e-04
-1.118576466393780128e-04
-1.122647235005535431e-04
-1.131174552513402822e-04
-1.134806941216526569e-04
-1.135603673984719736e-04
-1.141127521139024160e-04
-1.143366128389561206e-04
-1.142205206784945970e-04
-1.144840277391763093e-04
-1.145714584668328957e-04
-1.143129765692883120e-04
-1.142915159892429311e-04
-1.142236143272007030e-04
-1.138000983384723628e-04
-1.134611840573897755e-04
-1.131312159925189126e-04
-1.124284400414779213e-04
-1.116775407837432472e-04
-1.109779949743217964e-04
-1.099809878728442238e-04
-1.089614806100594431e-04
-1.081323228980385083e-04
-1.072192753395570535e-04
-1.064020537345085712e-04
-1.058707453017407888e-04
-1.054088301199460130e-04
-1.050339914445201731e-04
-1.048936912364730221e-04
-1.048351464838838149e-04
-1.047548945752690931e-04
-1.048100078741321539e-04
-1.048961616983206334e-04
-1.048797975048665039e-04
-1.049134971041797496e-04
-1.049345800072348897e-04
-1.048353282631988990e-04
-1.047325993050651142e-04
-1.046273104836823294e-04
-1.044432909820842558e-04
-1.042590154672703198e-04
-1.041242644465626240e-04
-1.039734642733801054e-04
-1.038398300669646327e-04
-1.037890961578059120e-04
-1.037529970860806441e-04
-1.037298217926878503e-04
-1.037848990235481058e-04
-1.038488290559434703e-04
-1.039058651047671081e-04
-1.039952973070881921e-04
-1.040600432916702735e-04
-1.040697864729401000e-04
-1.040392937510791773e-04
-1.039499971943469301e-04
-1.037713557456299278e-04
-1.035381002532889303e-04
-1.032798095382260034e-04
-1.029857679248971782e-04
-1.027108713046644427e-04
-1.024916476311024650e-04
-1.023134058543543500e-04
-1.022035449724162040e-04
-1.021727774882665409e-04
-1.021990232497938834e-04
-1.022875473405717020e-04
-1.024477981877000750e-04
-1.026646333437741050e-04
-1.029182392578406645e-04
-1.031906803564638681e-04
-1.034265886038327430e-04
-1.035541393765711753e-04
-1.035349694568773532e-04
-1.033329142488222975e-04
-1.029469683637212411e-04
-1.024449210932297212e-04
-1.019060900833934863e-04
-1.014177543946567236e-04
-1.010577998542648304e-04
-1.008574340214732075e-04
-1.008012899045428624e-04
-1.008519709258262024e-04
-1.009818023399814286e-04
-1.011788724984547232e-04
-1.014746005492848870e-04
-1.019265191608433567e-04
-1.025565454629661348e-04
-1.033310837701634038e-04
-1.041333397050551020e-04
-1.047647723262724092e-04
-1.050167022370571856e-04
-1.047474124278784482e-04
-1.039494298802564768e-04
-1.027819652929810499e-04
-1.015359405719309244e-04
-1.005360044328999303e-04
-1.000133286771966173e-04
-1.000224161034781427e-04
-1.004166416108157012e-04
-1.009178695082108847e-04
-1.012759044387394325e-04
-1.014107596645061929e-04
-1.014933578557068988e-04
-1.019025574981821143e-04
-1.030377370403358367e-04
-1.050754886251960561e-04
-1.077733928681120655e-04
-1.104432416525727076e-04
-1.121456312105918696e-04
-1.120682182588606901e-04
-1.099435674947204063e-04
-1.062817966691282712e-04
-1.022853902285872645e-04
-9.942929501364903460e-05
-9.883977075469748568e-05
-1.007448229545164053e-04
-1.042696149886817523e-04
-1.077481800653830405e-04
-1.094889162305269335e-04
-1.086820663722978629e-04
-1.060165152516557636e-04
-1.036137911089283245e-04
-1.041768583067631331e-04
-1.096420244222454538e-04
-1.199348623742296240e-04
-1.317555322917667905e-04
-1.418089197096017657e-04
-1.417658742586790912e-04
-1.391516129587368916e-04
-1.258137900659813161e-04
-1.060613982231280975e-04
-9.713713639966984042e-05
-1.004491716139323341e-04
-1.109474868782338493e-04
-1.333131080379047425e-04
-1.588594526264416082e-04
-1.660913553413538276e-04
-1.601215978224752466e-04
-1.426282176421371452e-04
-1.178945984385733879e-04
-1.050059568793559856e-04
-1.198249542412081964e-04
-2.200759409412659807e+03
