-3.325491762858547955e-10
2.074886423531545006e-12
1.437953967269567670e-09
2.798512526219979801e-09
4.009050461832520117e-09
1.729795778723923960e-09
-8.235377840967630549e-09
-2.973578545625798296e-08
-7.093648721612643911e-08
-1.400642935516113672e-07
-2.466026567216612690e-07
-4.023295125126946501e-07
-6.171785217825979929e-07
-9.031514883637356231e-07
-1.271642572062955601e-06
-1.729887517571184896e-06
-2.289178948688000298e-06
-2.959316333952768538e-06
-3.745350401256660018e-06
-4.655311168147214315e-06
-5.694934647723020016e-06
-6.866621094644809871e-06
-8.173386600371664561e-06
-9.617695123736076329e-06
-1.120039125427983532e-05
-1.292240456348109679e-05
-1.478625484702581883e-05
-1.679111365576419157e-05
-1.893755510958522974e-05
-2.122850288236366109e-05
-2.366246083867487313e-05
-2.624136335367076832e-05
-2.896826555131907412e-05
-3.184296578598621631e-05
-3.486767410692434398e-05
-3.804340073605076944e-05
-4.136960232509433844e-05
-4.484605868444227191e-05
-4.847089941409968408e-05
-5.224141166950172047e-05
-5.615341919260761680e-05
-6.020180338579080357e-05
-6.437950493088779290e-05
-6.867734266724953552e-05
-7.308645003505304452e-05
-7.759531706435727745e-05
-8.219179361868652787e-05
-8.686409933168599763e-05
-9.159831365154263115e-05
-9.638146725461256277e-05
-1.011999254625322832e-04
-1.060397715628553329e-04
-1.108886784846900748e-04
-1.157337252614540406e-04
-1.205634063472368417e-04
-1.253671202814556204e-04
-1.301345253592189758e-04
-1.348569768990232477e-04
-1.395260042688734276e-04
-1.441345182513298980e-04
-1.486765957029024632e-04
-1.531468300967031809e-04
-1.575414829385461701e-04
-1.618571242804263421e-04
-1.660917625388330134e-04
-1.702443307922357307e-04
-1.743141581338144858e-04
-1.783024905459324350e-04
-1.822106789274225336e-04
-1.860410488708604459e-04
-1.897968796451871996e-04
-1.934809728970694363e-04
-1.970968419594172909e-04
-2.006473337594976379e-04
-2.041344605607435894e-04
-2.075596099851844160e-04
-2.109222746549954946e-04
-2.142205347829606100e-04
-2.174502710064108075e-04
-2.206052131720979677e-04
-2.236771981698530113e-04
-2.266555588805025095e-04
-2.295281872638597215e-04
-2.322812118913459753e-04
-2.348993681711598208e-04
-2.373669925562105654e-04
-2.396676260421373142e-04
-2.417852917091095350e-04
-2.437047674935909482e-04
-2.454117217728553086e-04
-2.468937417915491209e-04
-2.481397878449776015e-04
-2.491405398277804755e-04
-2.498879797246342802e-04
-2.503744307054037274e-04
-2.505921688888942999e-04
-2.505316504003138106e-04
-2.501803287228484413e-04
-2.495208077008181035e-04
-2.485282989798511064e-04
-2.471684821787987086e-04
-2.453940647687193749e-04
-2.431418392705956698e-04
-2.403297647833874801e-04
-2.368543249952117786e-04
-2.325901659885679638e-04
-2.273911663258785176e-04
-2.210947770516255128e-04
-2.135294135758152858e-04
-2.045237340898076791e-04
-1.939179948491308845e-04
-1.815745784377079087e-04
-1.673869625745397693e-04
-1.512860760289800287e-04
-1.332427315799030441e-04
-1.132672959492682369e-04
-9.140590048203214401e-05
-6.773406785227451140e-05
-4.234838247942696368e-05
-1.535603339200555063e-05
1.313565098836642217e-05
4.302905092387972099e-05
7.424366805985652628e-05
1.067195687095817799e-04
1.404174361333432742e-04
1.753148180542178538e-04
2.114001164964671923e-04
2.486653858908492417e-04
2.870981287391890764e-04
3.266733629064083556e-04
3.673458685970510968e-04
4.090438895429426630e-04
4.516657305982759081e-04
4.950796966494983367e-04
5.391282922322079884e-04
5.836354331922616757e-04
6.284154602771490836e-04
6.732828368319812963e-04
7.180607632742221124e-04
7.625883199940633895e-04
8.067250644066634863e-04
8.503525223970710960e-04
8.933726948278802611e-04
9.357032941749779658e-04
9.772708654062116709e-04
1.018002939928037368e-03
1.057820789468361892e-03
1.096634778423005285e-03
1.134343072612436793e-03
1.170834389578934804e-03
1.205994408846200331e-03
1.239714665254384399e-03
1.271902887240335123e-03
1.302492946586127770e-03
1.331452900906754692e-03
1.358789664695524103e-03
1.384549030874867659e-03
1.408810953850314412e-03
1.431680404559366104e-03
1.453275106018656927e-03
1.473712073098468536e-03
1.493094862186152699e-03
1.511503713996546110e-03
1.528989915873748499e-03
1.545575022253777150e-03
1.561254859555091584e-03
1.576007212063847097e-03
1.589801797408529459e-03
1.602610674452143195e-03
1.614417249091571090e-03
1.625222540207644627e-03
1.635047773943435314e-03
1.643933276523172615e-03
1.651934305584141192e-03
1.659114975008188714e-03
1.665541863374945088e-03
1.671278663609694973e-03
1.676382901505955739e-03
1.680905117270367144e-03
1.684890132292086225e-03
1.688379601292610156e-03
1.691414654191509149e-03
1.694037464889774263e-03
1.696290935689333344e-03
1.698216144667062839e-03
1.699847941226353791e-03
1.701209643004314041e-03
1.702308190189598044e-03
1.703131287098625995e-03
1.703647749414154621e-03
1.703811751516091282e-03
1.703570859242411984e-03
1.702876831359774728e-03
1.701697516278013241e-03
1.700027720538300037e-03
1.697896953598340437e-03
1.695372408107670165e-03
1.692556263760436460e-03
1.689577414026767780e-03
1.686578657752726409e-03
1.683702938264535973e-03
1.681070703454191819e-03
1.678767624591472355e-03
1.676843927531653606e-03
1.675292540393035325e-03
1.674063929784698392e-03
1.673085419630510615e-03
1.672244510586609698e-03
1.671422960656324770e-03
1.670514927817543828e-03
1.669405244350760870e-03
1.667992447251141807e-03
1.666184722221752479e-03
1.663847488453819908e-03
1.660801962439286197e-03
1.656828881185893297e-03
1.651649785180139699e-03
1.645011083786433780e-03
1.636808797869618477e-03
1.627158306860604278e-03
1.616500162124055165e-03
1.605643634738543541e-03
1.595653940085429035e-03
1.587726761738931071e-03
1.583017660004039416e-03
1.582408375460322330e-03
1.586356988601621927e-03
1.594786786226918586e-03
1.606993387832843668e-03
1.621676581358242860e-03
1.637066377645830361e-03
1.651117364378908896e-03
1.661818002273546604e-03
1.667538582902630771e-03
1.667309906575648384e-03
1.661021074532821043e-03
1.649481365024020076e-03
1.634305091740847517e-03
1.617701041092408807e-03
1.602191874382624236e-03
1.590279575918661717e-03
1.584143939691118200e-03
1.585368610132850686e-03
1.594709544779019782e-03
1.611972823686825488e-03
1.635991654618906225e-03
1.664718777038315996e-03
1.695443534821187374e-03
1.725079873514339225e-03
1.750492844607771286e-03
1.768831810613325601e-03
1.777827285379821173e-03
1.776043215148732316e-03
1.763083668085510449e-03
1.739722871276299558e-03
1.707938589928576683e-03
1.670836534556617266e-03
1.632425960493929682e-03
1.597252112333635626e-03
1.569927448121591525e-03
1.554583469820002353e-03
1.554319304017966153e-03
1.570722191453152033e-03
1.603498673586000638e-03
1.650295855688267395e-03
1.706761425575940372e-03
1.766853659752508137e-03
1.823418050276483108e-03
1.868991608303320444e-03
1.896739177088496145e-03
1.901414506302106719e-03
1.880213578618660300e-03
1.833378775298530328e-03
1.764457515551024272e-03
1.680158573401402920e-03
1.589781554356179630e-03
1.504267731612485325e-03
1.434967101865120605e-03
1.392236091952568644e-03
1.384042191841254512e-03
1.414754230965651607e-03
1.484275924250472558e-03
1.587675148033221729e-03
1.715391270540374963e-03
1.854030819941418148e-03
1.987702459520279512e-03
2.099762170623323005e-03
2.174783039112236898e-03
2.200540877731301231e-03
2.169782923548887413e-03
2.081551728192114741e-03
1.941873075786912112e-03
1.763662867966347275e-03
1.565781682751374131e-03
1.371275347618731901e-03
1.204940728157955204e-03
1.090445149603120473e-03
1.047317498859805544e-03
1.088155825148248712e-03
1.216402126804888096e-03
1.425016244985170691e-03
1.696301229893907615e-03
2.003030898550927936e-03
2.310889698191285167e-03
2.582049919419135333e-03
2.779536650798891759e-03
2.871904436344159366e-03
2.837684541788430999e-03
2.669070499561045692e-03
2.374312071069643610e-03
1.978322912191500093e-03
1.521202076123467917e-03
1.054664281847238986e-03
6.366468551208298750e-04
3.246218766329225921e-04
1.683689238871302770e-04
2.030490873059191811e-04
4.434034228401079625e-04
8.798496491434129986e-04
1.477190451357058903e-03
2.176481631946247577e-03
2.900251364621460153e-03
3.560876531003000396e-03
4.066368012284668834e-03
4.341828425626881663e-03
4.306379155805405839e-03
3.979183333320936676e-03
3.358724456848422805e-03
2.477084970054284786e-03
1.429313867458387221e-03
3.283768248792006588e-04
-6.907832599089482484e-04
-1.495752000246207934e-03
-1.953066518601860070e-03
-1.965438049424330855e-03
-1.494980801080640544e-03
-5.756270328829865860e-04
7.346639106618405154e-04
2.327406570205712254e-03
4.013421433212229633e-03
2.415790201827811856e+01
