3.504204876005319047e-01
1.076400882198040421e+00
1.833169800285360029e+00
2.662778786436122758e+00
3.538530493346180528e+00
4.407338833367589359e+00
5.353389355104328118e+00
6.321134031292220179e+00
7.287940968107312401e+00
8.318975941889330983e+00
9.358889484290687122e+00
1.041670234901136816e+01
1.150791876485417298e+01
1.261834551549970662e+01
1.375068000496558795e+01
1.489224899750200137e+01
1.607141117703910993e+01
1.725934726085773718e+01
1.845380946671563294e+01
1.969092378437171220e+01
2.092440387138917401e+01
2.217477150273792219e+01
2.345506360358258036e+01
2.473468911263146808e+01
2.603592832397769641e+01
2.735111497336459863e+01
2.867959494014460375e+01
3.002181461918360839e+01
3.137313482209790294e+01
3.274799757211325613e+01
3.412494888943905380e+01
3.551771536308881139e+01
3.693204571514528567e+01
3.834591951377331753e+01
3.978220481714393486e+01
4.123212893326399353e+01
4.268971995172540801e+01
4.416819535053288348e+01
4.565735605486528925e+01
4.716432423043966082e+01
4.868549613148820043e+01
5.022316560531326957e+01
5.178258053320291765e+01
5.335328911506389460e+01
5.494925473826577900e+01
5.656538380446694703e+01
5.819787803352397759e+01
5.986025954215851641e+01
6.154232582942486829e+01
6.325020330776983712e+01
6.498726202870324187e+01
6.674962837841498242e+01
6.854457479019215782e+01
7.036821818529529082e+01
7.222635348461325577e+01
7.411930899955187613e+01
7.604496961051455628e+01
7.801246336546266491e+01
8.001582604402091192e+01
8.205946268082323058e+01
8.414775705215413382e+01
8.627567004234353476e+01
8.845036724759503954e+01
9.067005980526920439e+01
9.293556979831696196e+01
9.525002441342475379e+01
9.761053331677199196e+01
1.000214304857031493e+02
1.024797084692149269e+02
1.049857992366842865e+02
1.075417459426570730e+02
1.101420259185929353e+02
1.127896041663482833e+02
1.154814421616647451e+02
1.182142064387375910e+02
1.209892116516741112e+02
1.238011189111719830e+02
1.266497844312841892e+02
1.295327156490347988e+02
1.324468743957879724e+02
1.353926901039700681e+02
1.383658716780859095e+02
1.413670487849444442e+02
1.443946505184802049e+02
1.474459930526045639e+02
1.505227719986905299e+02
1.536217637246887477e+02
1.567429785641512581e+02
1.598862877388416450e+02
1.630491296308206302e+02
1.662325119907365263e+02
1.694342437162482042e+02
1.726539774867134156e+02
1.758915026058857052e+02
1.791447380805186356e+02
1.824148139945724267e+02
1.857000141556105746e+02
1.890001597476774293e+02
1.923159183786430617e+02
1.956455631032617646e+02
1.989902308001044275e+02
2.023491481313570262e+02
2.057217567722108811e+02
2.091086099617712648e+02
2.125081247976905274e+02
2.159206000102074086e+02
2.193449301976243078e+02
2.227800277865345606e+02
2.262259167850942276e+02
2.296807732999911593e+02
2.331446290253762754e+02
2.366167368634833110e+02
2.400959785380740641e+02
2.435825811187377212e+02
2.470750532789932095e+02
2.505729246875942806e+02
2.540753024722158102e+02
2.575805791060632259e+02
2.610882028622717712e+02
2.645962996380154095e+02
2.681037752828314069e+02
2.716093753842049523e+02
2.751111426785319622e+02
2.786082233043400720e+02
2.820986841175744644e+02
2.855811207355515648e+02
2.890543254618789888e+02
2.925163421265460784e+02
2.959661670439888894e+02
2.994020875152787085e+02
3.028226423571680357e+02
3.062266630939625429e+02
3.096123183859548931e+02
3.129785367585911331e+02
3.163237053039197235e+02
3.196463025413535775e+02
3.229451797136658797e+02
3.262185277903087126e+02
3.294651713261313262e+02
3.326836027212486329e+02
3.358722411095101279e+02
3.390299269160978497e+02
3.421549589313972319e+02
3.452460935605222403e+02
3.483019143037583376e+02
3.513208706906059433e+02
3.543018040085401026e+02
3.572430943269968111e+02
3.601434642306522846e+02
3.630015627930589517e+02
3.658158380649248329e+02
3.685851274996579718e+02
3.713079041176594046e+02
3.739828756687745113e+02
3.766087935832471771e+02
3.791842094555155995e+02
3.817080244288720223e+02
3.841788873704113030e+02
3.865956025467181121e+02
3.889570625732456506e+02
3.912619574183470945e+02
3.935092719748551531e+02
3.956977953310863541e+02
3.978263904140897012e+02
3.998940449191491666e+02
4.018995466205167304e+02
4.038419273241598262e+02
4.057201018182288408e+02
4.075330102717806540e+02
4.092797397758274087e+02
4.109592121821704609e+02
4.125705458703432669e+02
4.141127916630006212e+02
4.155849918805268999e+02
4.169863336431716903e+02
4.183158570928482050e+02
4.195727515053993670e+02
4.207561808355776520e+02
4.218652740058967083e+02
4.228993037911179158e+02
4.238574310514803187e+02
4.247389273902183504e+02
4.255430754534179982e+02
4.262691141321514579e+02
4.269164140882236325e+02
4.274842619587925583e+02
4.279720263232803745e+02
4.283791102829219994e+02
4.287048730876663285e+02
4.289487995092627557e+02
4.291103249157415576e+02
4.291889488297160824e+02
4.291842307220001089e+02
4.290956938877254743e+02
4.289229732670833073e+02
4.286656786474788987e+02
4.283234630303516610e+02
4.278960465466784626e+02
4.273831209493540655e+02
4.267844819646435894e+02
4.264528960051893591e+02
4.264240775215699841e+02
4.263684025548345744e+02
4.263434845805189184e+02
4.263379547919696506e+02
4.263088063716596139e+02
4.263482025094358505e+02
4.264043428954261685e+02
4.264545136309263285e+02
4.265655393896033729e+02
4.266809468303104040e+02
4.268095639878476391e+02
4.269694608891960570e+02
4.271496373571767435e+02
4.273588258344248629e+02
4.275895982269081514e+02
4.278736786950432247e+02
4.281815639808998526e+02
4.285031728741526535e+02
4.288620856344988397e+02
4.291949945714048340e+02
4.295045212151702003e+02
4.297894466352417453e+02
4.300096687598779681e+02
4.301846320585001422e+02
4.303096315467159343e+02
4.303914307108324806e+02
4.304405569692263498e+02
4.304625232533866210e+02
4.304815720239510028e+02
4.304840636515619394e+02
4.304890244376614987e+02
4.305059813241535949e+02
4.305146283964778604e+02
4.305380105338759904e+02
4.305668055892401753e+02
4.305937722494099944e+02
4.306303222464836153e+02
4.306644200470801707e+02
4.307015291531381536e+02
4.307363156574331242e+02
4.307696255219469776e+02
4.308056746124493088e+02
4.308330608381280626e+02
4.308649259981787623e+02
4.308957202263757722e+02
4.309212392281053781e+02
4.309544238760582857e+02
4.309847674883472450e+02
4.310178661546057697e+02
4.310560814158984044e+02
4.310944953776561874e+02
4.311387191569017432e+02
4.311826656660031745e+02
4.312296507630807127e+02
4.312771343892936784e+02
4.313200642770891591e+02
4.313646039106204171e+02
4.314022741742523976e+02
4.314353016459600667e+02
4.314661750059519250e+02
4.314887956043223198e+02
4.315094311109851333e+02
4.315258231520661525e+02
4.315390425402864025e+02
4.315526828300217517e+02
4.315650976436880342e+02
4.315824584410916032e+02
4.316039537998572655e+02
4.316323797975817911e+02
4.316714642246012659e+02
4.317165200578671715e+02
4.317698521252909813e+02
4.318265374128684471e+02
4.318810074472542055e+02
4.319322176177394113e+02
4.319736522222924009e+02
4.320053812849000678e+02
4.320263069971285859e+02
4.320360109395867312e+02
4.320377907294001716e+02
4.320302946412888332e+02
4.320170479982187430e+02
4.319996175460265135e+02
4.319797373227233948e+02
4.319650416037575269e+02
4.319600614374624570e+02
4.319732014373245761e+02
4.320107649314870173e+02
4.320724570141774166e+02
4.321554301803057001e+02
4.322483392187310756e+02
4.323392604517155178e+02
4.324170796287190797e+02
4.324725369303031925e+02
4.325042654967504063e+02
4.325124650585957511e+02
4.325015843074880877e+02
4.324767644628622065e+02
4.324386423607115262e+02
4.323875045944809017e+02
4.323199255957440528e+02
4.322346915130859770e+02
4.321383620881304068e+02
4.320471137009534459e+02
4.319919487867653629e+02
4.320074626670127032e+02
4.321142646870908948e+02
4.323017472184590702e+02
4.325280686327245689e+02
4.327444773593976493e+02
4.329110397634474339e+02
4.330051884800578819e+02
4.330249746401701145e+02
4.329851600489540715e+02
4.329138295089968551e+02
4.328377072687087548e+02
4.327665085078285756e+02
4.326857872193171488e+02
4.325575667140154223e+02
4.323329449137247593e+02
4.319621645381466237e+02
4.314031530670704342e+02
4.305549151838798139e+02
4.297714476067927762e+02
4.307770970492179003e+02
4.315593426330484590e+02
4.324626631273761745e+02
4.332441262145869700e+02
4.337856846930795882e+02
4.337517432391214243e+02
4.335340170862995706e+02
4.334451513039434758e+02
4.327567429629811500e+02
4.325691457610187172e+02
4.326916453215687284e+02
4.328106053203293300e+02
4.326475936629037733e+02
4.324842296923798699e+02
4.305229842739748847e+02
8.586576830524165325e+19
