-6.000914184605826707e-04
-9.294290593714615856e-04
-1.887662146155932863e-03
-3.061399288260435725e-03
-3.661861991838710750e-03
-5.619258510963176523e-03
-7.075950974376965519e-03
-8.760286507719317051e-03
-1.138202206163507757e-02
-1.343870780881617488e-02
-1.600913369351764093e-02
-1.861568094080701119e-02
-2.143431593184708106e-02
-2.434074547013254097e-02
-2.682409177209121864e-02
-3.001256099929694443e-02
-3.244248767588819859e-02
-3.473906527968173563e-02
-3.752511497156918452e-02
-3.925173715043772660e-02
-4.144829666032268101e-02
-4.360290889112161672e-02
-4.506153320569472598e-02
-4.703944827129413753e-02
-4.868098669984277649e-02
-5.030711415473820836e-02
-5.205574091227882505e-02
-5.379022915846576325e-02
-5.586740922234945117e-02
-5.772753830962695787e-02
-5.998365735553967681e-02
-6.234060878263836258e-02
-6.452098564496289157e-02
-6.722782000975024985e-02
-6.968147578278172105e-02
-7.223227239188112492e-02
-7.502765686011647617e-02
-7.742563248195910575e-02
-7.999112040378264510e-02
-8.234428804476978669e-02
-8.446930531992613567e-02
-8.661102534631348604e-02
-8.832396448713852877e-02
-9.004279828052519363e-02
-9.149674268994001380e-02
-9.263942295539928651e-02
-9.379190601464459931e-02
-9.457033022844552050e-02
-9.534211330800212991e-02
-9.598460902009176010e-02
-9.645567673474264581e-02
-9.703727542453188804e-02
-9.741255400987114399e-02
-9.788410367815636448e-02
-9.835270815615348994e-02
-9.872636407852120044e-02
-9.930380484968370780e-02
-9.972939419660953320e-02
-1.001818809507906138e-01
-1.006431324942003158e-01
-1.008229242062661513e-01
-1.008931463189215449e-01
-1.005443447887790498e-01
-9.966896085883991674e-02
-9.813096599238502193e-02
-9.552500453108070388e-02
-9.172357286152355016e-02
-8.623123353153872017e-02
-7.871127362168017783e-02
-6.879532871249605108e-02
-5.586755637213514092e-02
-3.966279421618423839e-02
-1.959177796104150104e-02
4.783559463269249079e-03
3.373817824437441715e-02
6.778780922492089189e-02
1.070809300145860732e-01
1.518908712410889095e-01
2.024177309522539048e-01
2.586617958548735885e-01
3.208054189149436297e-01
3.887775120088905467e-01
4.625906455622272873e-01
5.422507017620050718e-01
6.275953033870118603e-01
7.186402441118442397e-01
8.152063986568052201e-01
9.171529992625089278e-01
1.024374862341629111e+00
1.136576816760121567e+00
1.253606290562615300e+00
1.375151986130018322e+00
1.500896424346044533e+00
1.630577996019555442e+00
1.763766189269514228e+00
1.900167677586993342e+00
2.039391042977548807e+00
2.181019653485381404e+00
2.324715679668712731e+00
2.469989920795379490e+00
2.616432893452032005e+00
2.763571872458013168e+00
2.910866228596393768e+00
3.057826955479614028e+00
3.203809872541883763e+00
3.348154763902035924e+00
3.490052936116509130e+00
3.628469400477353446e+00
3.762220603369046401e+00
3.889774082988527226e+00
4.009396773959901239e+00
4.119177058619942322e+00
4.217078389235379809e+00
4.301239625844445413e+00
4.370002838976430937e+00
4.422128888654259349e+00
4.456870956463069966e+00
4.473873976698304666e+00
4.473208886115046745e+00
4.455168526436533050e+00
4.420221616655862107e+00
4.368977350415915062e+00
4.302065566049152245e+00
4.220181150667240644e+00
4.123938521443552219e+00
4.013805699137963146e+00
3.890086996554063425e+00
3.752842979518689059e+00
3.602011232669988239e+00
3.437460119994391494e+00
3.259078942313666349e+00
3.066911841746590373e+00
2.861165845318867529e+00
2.642299747846697411e+00
2.411048083359148553e+00
2.168424287872421807e+00
1.915775293483329200e+00
1.654713076585492715e+00
1.387068799566591792e+00
1.114786500671649527e+00
8.397643821293887534e-01
5.637782861246507515e-01
2.883787870188423419e-01
1.486680095359282916e-02
-2.556850485591262157e-01
-5.224249469935164925e-01
-7.846437824153684737e-01
-1.041722613781002060e+00
-1.293057287642113806e+00
-1.537960821982849779e+00
-1.775620119290501897e+00
-2.005043145468878851e+00
-2.225074005170313285e+00
-2.434463434314266372e+00
-2.631953694354482121e+00
-2.816415365980778240e+00
-2.986949076957146065e+00
-3.142961619215653979e+00
-3.284218154272571244e+00
-3.410828223259019243e+00
-3.523213075320594356e+00
-3.622022466317487144e+00
-3.708021196399614805e+00
-3.781979322581515035e+00
-3.844550342511444896e+00
-3.896190333595292543e+00
-3.937116966978189581e+00
-3.967313387767906097e+00
-3.986595042389724508e+00
-3.994695547153465753e+00
-3.991369696784738963e+00
-3.976488719951360995e+00
-3.950098060366730834e+00
-3.912448339052563284e+00
-3.863978610420341742e+00
-3.805264933681774764e+00
-3.736951776913589818e+00
-3.659667796296301567e+00
-3.573960810645482322e+00
-3.480257360409159340e+00
-3.378858422686920271e+00
-3.269981574182674322e+00
-3.153827368875892656e+00
-3.030662910384058772e+00
-2.900895356671168379e+00
-2.765111697379007083e+00
-2.624079620791441414e+00
-2.478698781039778698e+00
-2.329914729033390586e+00
-2.178614013744106792e+00
-2.025516745537612184e+00
-1.871096872224453200e+00
-1.715544529075299973e+00
-1.558781148811598793e+00
-1.400532746037106424e+00
-1.240443483857630369e+00
-1.078213855122276854e+00
-9.137351481497182348e-01
-7.471896745417527796e-01
-5.791027070212360073e-01
-4.115023577737439986e-01
-2.446796154817865165e-01
-7.971589548526303304e-02
8.145717383705974868e-02
2.389513894853996234e-01
3.897258121434790112e-01
5.328658998903872401e-01
6.699488072082098178e-01
7.986587159991467288e-01
9.201816118924441845e-01
1.037267055700834995e+00
1.147095301141455970e+00
1.250602986323051891e+00
1.349910508954165866e+00
1.441385615131717923e+00
1.525292827294779663e+00
1.602768529922320440e+00
1.670880204864414686e+00
1.732432028324653928e+00
1.793173653318759886e+00
1.858104242026323849e+00
1.937017556218860292e+00
2.038838616665054726e+00
2.164449041149537845e+00
2.309348780803678558e+00
2.462183335563590703e+00
2.603061939345172604e+00
2.713468405530338856e+00
2.780696735344491355e+00
2.796303561315029551e+00
2.762209211951211163e+00
2.687783251134800100e+00
2.584598151175629077e+00
2.469657788995919034e+00
2.361624171213350998e+00
2.277871949130689355e+00
2.235970500402481242e+00
2.248243066940721846e+00
2.318279226560100437e+00
2.441688325193626774e+00
2.605312972853293108e+00
2.790081629181816236e+00
2.976195311266118360e+00
3.145808833549384786e+00
3.284520816704984636e+00
3.383063531100803711e+00
3.435925052311581851e+00
3.440390822991366448e+00
3.399040912835377348e+00
3.318666619786598382e+00
3.210652233690194812e+00
3.092307104610107160e+00
2.982975567512676562e+00
2.902805532458219151e+00
2.871624791012932221e+00
2.905491007264104475e+00
3.016640864536686450e+00
3.212373161447489522e+00
3.491680682419639581e+00
3.844226431079006190e+00
4.249224469310569852e+00
4.674808961579396183e+00
5.081257158679198582e+00
5.426475256144527748e+00
5.671211764749146234e+00
5.785491873162731835e+00
5.754549374489490887e+00
5.580737279592562494e+00
5.285450568955396555e+00
4.908780291389475359e+00
4.504844506815477878e+00
4.137397758637992418e+00
3.872354906618896919e+00
3.767779517210989582e+00
3.865865486596747669e+00
4.185402449870809782e+00
4.716748461523012637e+00
5.421865462141374437e+00
6.237553905996137793e+00
7.081801296594213646e+00
7.863236577053074328e+00
8.491644748951888033e+00
8.888313731048430810e+00
8.996590935398483424e+00
8.790636196378079248e+00
8.280408590397774660e+00
7.514120585155034782e+00
6.575556688485440837e+00
5.576208867149264670e+00
4.644739065488562524e+00
3.912688981464799376e+00
3.498942920089351372e+00
3.495440489273887952e+00
3.953663914169101901e+00
4.874411443996751636e+00
6.202704284048834893e+00
7.828004369721217159e+00
9.591878546595118848e+00
1.130301959312904536e+01
1.275765337963471602e+01
1.376358195731478062e+01
1.416553747143462516e+01
1.386798467915109079e+01
1.285269681548313514e+01
1.118944768551810753e+01
9.036429743636247736e+00
6.630400510560956917e+00
4.266092340024637330e+00
2.263249981001530298e+00
9.266271396668273042e-01
5.075368649685949585e-01
1.169737078291434695e+00
2.959111128521673351e+00
5.780637085537887465e+00
9.393294459161467103e+00
1.343071735833029479e+01
1.744048326474417010e+01
2.093348915532855159e+01
2.344152525791441022e+01
2.457749577952905184e+01
2.408896084036576468e+01
2.190061393430199388e+01
1.813767677976595394e+01
1.341625945579973056e+01
7.758311319863143041e+00
4.108725406510982836e+00
-4.348247352911915442e+00
-7.602128174639392277e+00
-9.236967022873901811e+00
-6.868448644704159278e+00
-2.237284829012496701e+00
1.772736728754171764e+00
8.410857220374836629e+00
1.940627670107516423e+01
2.794706594491555407e+01
3.543633973877285115e+01
4.316107383809112719e+01
4.610443050483367244e+01
4.577894440964116285e+01
4.089709513335246527e+01
-1.694000787957397299e+19
