9.999751384620199079e-01
9.999237619797491927e-01
9.998972103369291320e-01
9.998788209423176143e-01
9.998371413477740166e-01
9.998101952130256098e-01
9.997956693684025842e-01
9.997650507512492180e-01
9.997399138547393704e-01
9.997323466340085618e-01
9.997150790067588222e-01
9.996986387950244080e-01
9.996884252435669360e-01
9.996616740728867523e-01
9.996289702003499089e-01
9.996051180761387212e-01
9.995735920719179823e-01
9.995355988940071157e-01
9.995015955854609224e-01
9.994636298094614624e-01
9.994178360411106743e-01
9.993061250291465081e-01
9.991707858232619088e-01
9.990223125372412749e-01
9.988587804509446721e-01
9.986805749854245073e-01
9.984883017027622598e-01
9.982813840903403957e-01
9.980589611319528043e-01
9.978221298847307352e-01
9.975706758962680221e-01
9.973031148971296389e-01
9.970208599839577301e-01
9.967234329757639344e-01
9.964096675318938612e-01
9.960807900358867872e-01
9.957364346886975470e-01
9.953761963929532719e-01
9.950007875157970139e-01
9.946105666569819981e-01
9.941631458605389993e-01
9.936930352959584267e-01
9.932107515521710894e-01
9.927121011530727346e-01
9.921983320833072106e-01
9.916755111058307426e-01
9.911406880901252325e-01
9.905947132783859965e-01
9.900431123865980343e-01
9.894846886773598360e-01
9.889198824557888789e-01
9.883529510097870396e-01
9.877847041043753551e-01
9.872144262609204857e-01
9.866456380970998197e-01
9.860800578990021048e-01
9.855162151085036237e-01
9.849570544578745146e-01
9.844042748280911193e-01
9.838564805757227250e-01
9.833156404851194354e-01
9.827832260235543904e-01
9.822581849889309158e-01
9.817413585540455401e-01
9.812340352001147625e-01
9.807354468642166534e-01
9.802454568818473879e-01
9.797651461757423963e-01
9.792938885905448920e-01
9.788308174214759294e-01
9.783768783150353920e-01
9.779314565294598971e-01
9.774935598361114142e-01
9.770640161967506510e-01
9.766424283160837216e-01
9.762283218247194139e-01
9.758223932872223116e-01
9.754250807322411010e-01
9.750365857193329377e-01
9.746578640205821875e-01
9.742904331842208165e-01
9.739350863914041367e-01
9.735933982381360652e-01
9.732675571502540368e-01
9.729589236015994125e-01
9.726694828400161974e-01
9.724016005729574363e-01
9.721569453578223774e-01
9.719374057131989764e-01
9.717450391997494163e-01
9.715813663869280470e-01
9.714477536704694272e-01
9.713456628352585831e-01
9.712763349041924066e-01
9.712406599666728590e-01
9.712399568344656231e-01
9.712756755026430433e-01
9.713492138734209913e-01
9.714629824412287507e-01
9.716200309557353476e-01
9.718242590833264805e-01
9.720812490930192951e-01
9.723982130733866969e-01
9.727843408053215013e-01
9.732511393997499427e-01
9.738125855486288174e-01
9.744847562877431146e-01
9.752854064013006807e-01
9.762334720778483854e-01
9.773476110715543230e-01
9.786451798268812619e-01
9.801412691772478647e-01
9.818473717089504227e-01
9.837708934772125824e-01
9.859149440709980006e-01
9.879214116605676832e-01
9.865956860707103537e-01
9.852496570394090325e-01
9.838845465974671578e-01
9.825012644472002066e-01
9.811008254365838344e-01
9.796844624950273861e-01
9.782540594085636920e-01
9.768123041993137523e-01
9.753628112023263741e-01
9.737554985406982055e-01
9.721119745467573514e-01
9.704698619566402007e-01
9.665034084732807562e-01
9.619892182967502148e-01
9.573544378859704107e-01
9.526077260131584623e-01
9.477610332011655592e-01
9.428296909181811403e-01
9.378318904492746189e-01
9.327878188474543197e-01
9.277187654369132286e-01
9.226459415591636848e-01
9.175895105097685578e-01
9.125678519887504558e-01
9.075969647826235276e-01
9.026903370115068048e-01
8.978591121983268142e-01
8.931126133458785477e-01
8.884591292323886780e-01
8.839067565122583625e-01
8.794642630413523898e-01
8.751415563485954729e-01
8.709498287710462083e-01
8.669013026850681536e-01
8.630084409036943294e-01
8.592830085907096072e-01
8.557349160684947220e-01
8.523710840864298088e-01
8.491945912863573254e-01
8.462041342523373144e-01
8.433940627751793651e-01
8.407549096910384989e-01
8.382744291241114309e-01
8.359390000363424722e-01
8.337351008175023503e-01
8.316507619530236761e-01
8.296766613318327099e-01
8.278067251741918486e-01
8.260382401025559984e-01
8.243713774043509579e-01
8.228083249565630863e-01
8.213521759804582878e-01
8.200057377410783221e-01
8.187705368334871059e-01
8.176461022070634632e-01
8.166296860562707316e-01
8.157164020261318260e-01
8.148996831306348776e-01
8.141720007985930874e-01
8.135255766252572629e-01
8.129529959521736293e-01
8.124475996954452217e-01
8.120035648055543565e-01
8.116157806215360537e-01
8.112795543044508673e-01
8.109903040416537312e-01
8.107433753205074423e-01
8.105340459041995294e-01
8.103578039465912930e-01
8.102108177803205580e-01
8.100905150442573310e-01
8.099961259857552109e-01
8.099289860144258668e-01
8.098925054260710521e-01
8.098916997577411125e-01
8.099322949825366047e-01
8.100195425838937480e-01
8.101568956285096768e-01
8.103448095114509364e-01
8.105798868481018937e-01
8.108545455493861853e-01
8.111573343387530333e-01
8.114738546213610126e-01
8.117882016790787247e-01
8.121154830539647484e-01
8.124489686985286729e-01
8.127087328392341714e-01
8.129065805410145007e-01
8.130980491298652746e-01
8.132300039342599263e-01
8.133111823207870295e-01
8.134059391966530494e-01
8.134880353999486280e-01
8.135566112457529586e-01
8.136673460528585089e-01
8.138114943143881508e-01
8.139755752080358731e-01
8.142074953453630748e-01
8.145203626213639581e-01
8.149093187223626078e-01
8.154286377682787856e-01
8.161112412600043386e-01
8.169430057218450836e-01
8.179308407930958591e-01
8.190411871852963932e-01
8.201659262717029275e-01
8.211999354985508592e-01
8.220250554292204415e-01
8.224971049223362973e-01
8.225183048007401743e-01
8.220488757782073996e-01
8.210860228150491658e-01
8.197017779571731388e-01
8.180540693524375184e-01
8.163334556635175598e-01
8.147593081777223523e-01
8.135662456431834721e-01
8.129302925808554736e-01
8.129496993254050619e-01
8.136423096910957442e-01
8.149156501451635393e-01
8.165808506195517680e-01
8.183946653936906568e-01
8.200779483552426141e-01
8.213458857447339945e-01
8.219595564938213528e-01
8.217505621182552566e-01
8.206345671603778591e-01
8.186394359079759431e-01
8.159058079228279636e-01
8.126620520642324763e-01
8.092124845941403022e-01
8.059052165485701691e-01
8.030848452775479762e-01
8.010636243237735377e-01
8.000908762195385604e-01
8.003186933365734612e-01
8.017813391749094576e-01
8.043878241191666500e-01
8.079131080767358863e-01
8.120059409081455959e-01
8.162219412567783827e-01
8.200584577302245659e-01
8.230049281411723205e-01
8.246094462019508686e-01
8.245355635096763836e-01
8.226135920902134524e-01
8.188849029812460545e-01
8.136198141787016613e-01
8.073076537983364664e-01
8.006234473529191265e-01
7.943636356549005351e-01
7.893531359738975572e-01
7.863427870363977057e-01
7.859054284218981445e-01
7.883391415711998862e-01
7.936031043888385206e-01
8.012923048063412823e-01
8.106519210410454424e-01
8.206426061268401462e-01
8.300473193439021902e-01
8.376075815421267778e-01
8.421793886745114754e-01
8.428894273863242192e-01
8.392694659390967926e-01
8.313503445517268498e-01
8.197028199191256359e-01
8.054112114406635214e-01
7.899795204963901973e-01
7.751806372716807392e-01
7.628593375013099642e-01
7.547119690756890487e-01
7.520689574671339805e-01
7.557028767503509714e-01
7.656866144180918266e-01
7.813224667598952511e-01
8.011561775444492328e-01
8.230824492810927540e-01
8.445390028001290572e-01
8.627760619229978278e-01
8.751750780231076776e-01
8.795839746980435025e-01
8.746309394648738023e-01
8.599732537434844337e-01
8.364439051064775921e-01
8.060654648102191233e-01
7.719131799845203590e-01
7.378299449890977080e-01
7.080166701038501653e-01
6.865422158549358000e-01
6.768289673096745673e-01
6.811746580987432242e-01
7.003646396725535794e-01
7.334237218564211291e-01
7.775565064699871964e-01
8.283071941919228909e-01
8.799422569341145417e-01
8.804394823867173203e-01
8.639164811419726142e-01
8.490002224278068166e-01
8.376502122478315382e-01
8.315669023449032693e-01
8.319497168040866919e-01
8.280959143319014393e-01
7.500692879307298000e-01
6.698552296159113739e-01
5.972374964571155465e-01
5.422534855251150976e-01
5.131677319842374851e-01
5.181278596483352983e-01
5.562168116523821260e-01
6.258563058501218634e-01
7.237661615920046865e-01
8.402645398750243633e-01
9.006496590237256239e-01
8.634247532169713191e-01
8.231515869261747387e-01
7.863045801314627603e-01
7.575624361331457779e-01
7.423134924291542314e-01
7.438892699931916042e-01
7.614825417939232732e-01
7.283256540134454005e-01
5.412780237820103979e-01
-1.774618145464228516e+11
