8.712429322100000206e+01
7.809650662200000681e+01
1.012929473570000027e+02
1.010966421720000028e+02
1.007773064420000111e+02
1.009130407050000002e+02
1.008363129220000047e+02
1.014068281470000130e+02
1.287571616179999978e+02
1.292464558400000101e+02
1.287471036590000040e+02
1.290888827150000111e+02
1.290143448830000068e+02
1.293015949390000117e+02
1.282866027219999978e+02
1.282932424410000181e+02
1.294394436569999982e+02
1.302475777380000181e+02
1.292190121200000021e+02
1.284645967250000069e+02
1.287937461420000034e+02
1.295324646029999940e+02
1.295952535180000211e+02
1.292548950320000074e+02
1.300243576690000111e+02
1.278054493280000088e+02
1.286656231009999942e+02
1.280524540039999977e+02
1.286752116300000068e+02
1.296506792810000093e+02
1.279260416220000138e+02
1.278277336230000145e+02
1.282299694290000218e+02
1.291105398260000072e+02
1.298592197700000099e+02
1.287946908110000095e+02
1.280664091959999951e+02
1.297191680010000141e+02
1.294157036660000131e+02
1.296260657920000199e+02
1.289628073940000093e+02
1.293953638650000073e+02
1.289324327430000210e+02
1.296186439429999950e+02
1.545277518630000202e+02
1.542953551440000126e+02
1.262720884390000009e+02
9.454964553700000351e+01
9.096587485300000253e+01
9.154995236000000602e+01
9.084983274900000083e+01
9.063142288800000301e+01
9.147248258400000509e+01
9.156217494300000226e+01
9.163315238500000248e+01
9.014581134300000542e+01
9.083622537100001182e+01
9.158218365400000494e+01
9.155190559800000472e+01
9.165898835600000893e+01
9.152723079200001166e+01
8.948473190800000054e+01
9.157369661399999927e+01
9.147272794100000226e+01
9.167377007400000366e+01
8.952169441000000916e+01
9.148439151000000891e+01
9.071066115900001137e+01
9.050025015500000336e+01
9.061853680000000111e+01
8.945724914600000943e+01
9.002067123200001220e+01
9.026031663800000615e+01
8.995749294300000543e+01
9.008398762800000270e+01
9.384596206300000176e+01
9.514687679100001105e+01
9.050756785800000159e+01
9.428755609600000298e+01
8.941478327800000159e+01
8.957273081300000683e+01
8.936900141600000325e+01
8.937285040500000832e+01
9.035290602999999976e+01
8.933641780000000665e+01
9.079405049800000427e+01
8.951744274600000040e+01
8.992113802500000475e+01
8.888328631500000654e+01
8.931737761300000500e+01
9.010494750400000896e+01
8.895501314700000250e+01
9.011300065500000755e+01
8.910418372499999862e+01
9.106447752900000125e+01
8.928751886800000648e+01
8.935447423000000811e+01
9.022859782100000814e+01
8.986059071200000403e+01
8.852231838600000913e+01
9.104739613300000656e+01
1.561563983599999972e+02
1.565927812170000095e+02
1.569131304160000013e+02
1.577307180350000237e+02
1.572966752560000145e+02
1.572976903590000006e+02
1.568395339460000173e+02
1.567474274120000075e+02
1.571742770890000145e+02
1.575773175879999997e+02
1.571801509450000083e+02
1.574910147650000170e+02
1.573133617040000161e+02
1.572106558730000074e+02
1.549712587150000047e+02
1.552728830420000179e+02
1.567101083120000169e+02
1.568324810450000086e+02
1.560667204690000176e+02
1.556841859900000031e+02
1.558482156839999959e+02
1.568013975290000133e+02
1.562569599490000201e+02
1.565416718390000028e+02
1.562415279300000179e+02
1.564634305929999982e+02
1.561497700010000074e+02
1.566298751580000044e+02
1.568874120010000013e+02
1.243255726200000026e+02
1.527434536890000061e+02
1.792205600630000220e+02
1.740185661170000060e+02
1.748856543170000180e+02
1.743049078290000011e+02
1.746422836290000191e+02
1.750447151890000157e+02
1.751542551200000162e+02
1.758098033910000026e+02
1.760766578580000044e+02
1.764292684350000116e+02
1.762141399500000034e+02
1.768062116490000051e+02
1.764815951580000046e+02
1.753301984960000084e+02
1.138383169760000015e+02
1.218672895910000022e+02
1.737872561150000195e+02
1.738029790590000232e+02
1.750143054090000021e+02
1.983800181640000062e+02
1.914353100040000015e+02
1.850609568010000032e+02
1.697761892740000178e+02
1.182793771920000125e+02
1.182380176090000106e+02
1.187900667570000053e+02
1.183560764710000086e+02
1.184037531410000099e+02
1.187559655180000107e+02
1.187461605120000030e+02
1.188035410750000125e+02
1.197701490990000082e+02
1.193755668940000021e+02
1.182630666800000085e+02
1.183730375360000124e+02
1.198398989180000029e+02
1.199430455250000023e+02
1.200732537320000120e+02
1.186950940590000130e+02
1.200207452210000127e+02
1.204082232250000004e+02
1.194860560100000129e+02
1.202966115250000030e+02
1.196603772750000019e+02
1.238250224030000055e+02
2.078534264420000000e+02
1.530843042240000216e+02
1.184709601650000081e+02
1.185530010030000057e+02
1.184689435670000108e+02
1.202761441510000111e+02
1.035817474279999999e+02
1.035747731510000023e+02
1.040572236080000010e+02
1.037440771540000100e+02
1.062014713270000072e+02
1.070771467819999998e+02
1.046221665910000098e+02
1.064453380070000037e+02
1.061689635740000028e+02
1.047688385780000004e+02
1.048299901570000117e+02
1.044825500480000073e+02
1.049031451029999999e+02
1.058262883500000129e+02
1.076894768820000081e+02
1.067078696780000087e+02
1.072929533590000091e+02
1.046410694360000093e+02
1.040865925140000030e+02
1.056512897330000129e+02
1.046030410780000039e+02
1.045960183430000114e+02
1.070022580590000132e+02
1.043954454389999995e+02
1.069405014510000029e+02
1.071343083090000050e+02
1.049699838150000062e+02
1.232445460480000037e+02
1.340751485250000030e+02
1.200445305560000122e+02
1.268975016340000082e+02
1.819838778190000141e+02
1.855944492600000046e+02
1.592525787250000064e+02
1.591249040450000223e+02
1.586573136869999985e+02
1.591377771020000012e+02
1.589245022200000221e+02
1.590312787960000094e+02
1.594244785230000048e+02
1.599125604050000220e+02
1.586384447660000205e+02
1.586236823819999984e+02
1.583474282040000105e+02
1.591998026349999975e+02
1.590710474520000162e+02
1.585366441040000041e+02
1.589810175690000165e+02
1.586001942370000108e+02
1.578685028550000027e+02
1.584264095569999995e+02
1.583953199480000080e+02
1.579048399460000098e+02
1.588007293230000130e+02
1.583382865359999983e+02
1.581501347950000138e+02
1.588828276300000084e+02
1.585813083830000210e+02
1.576363152250000041e+02
1.582885589349999975e+02
1.586126398610000194e+02
1.584013926279999964e+02
1.586424284740000132e+02
1.583660954599999968e+02
1.592059568010000135e+02
1.593497248840000111e+02
1.587286693060000005e+02
1.596471534439999971e+02
1.591814008710000223e+02
1.586880293640000161e+02
1.582710751449999975e+02
1.457934301950000133e+02
1.435926939710000170e+02
1.198588828350000028e+02
9.718959971000001019e+01
9.861659727300001066e+01
1.117589882720000105e+02
9.346319079100000238e+01
9.016930749100001208e+01
1.007452645730000000e+02
9.327901010900001211e+01
9.057785074900000666e+01
1.167119459670000055e+02
1.029982048970000079e+02
1.101090779780000020e+02
1.778282493650000049e+02
1.507330746570000031e+02
1.508630735570000070e+02
1.509551297470000009e+02
1.758791375880000203e+02
1.557187542640000117e+02
1.051124458810000135e+02
1.397914166820000048e+02
1.785355894910000245e+02
1.775249271720000195e+02
1.529325994579999985e+02
1.536767244970000093e+02
1.530328836959999990e+02
1.775324283250000121e+02
1.771534036830000218e+02
1.766193089690000022e+02
1.777321564510000087e+02
1.780143135630000017e+02
1.799244132470000181e+02
1.771856609270000149e+02
1.774273795539999981e+02
1.768671051720000094e+02
1.772539081170000088e+02
1.390087594280000189e+02
1.035821774440000098e+02
1.037402397750000063e+02
1.037593937430000040e+02
1.036101915020000064e+02
1.035664123920000037e+02
1.030991521140000060e+02
1.035085098000000130e+02
1.036441763580000099e+02
1.040257825710000077e+02
1.030609935350000086e+02
1.036587529730000057e+02
1.064869303050000013e+02
1.181899825870000029e+02
1.217055579350000016e+02
1.045304580380000061e+02
1.031234621720000035e+02
1.237648938470000104e+02
1.209317625460000016e+02
1.176736939990000081e+02
1.077881046760000032e+02
1.044862032230000040e+02
1.077006271150000032e+02
1.032907382080000076e+02
1.035998736060000027e+02
1.056110540790000130e+02
1.036919977400000050e+02
1.028471882290000110e+02
1.053751554560000017e+02
1.475667456150000021e+02
1.743046589000000210e+02
1.829059740659999989e+02
3.792936558520000290e+02
3.725499056307000046e+03
4.642060799136000242e+03
1.135022224611000183e+03
2.378013618340000050e+02
2.388142498410000201e+02
2.117516376170000001e+02
1.864440838110000129e+02
1.857208115100000043e+02
1.861206601320000118e+02
1.842673682610000014e+02
2.110025319710000247e+02
2.107464660080000272e+02
1.397611945470000023e+02
1.179863684550000045e+02
1.188360564320000066e+02
3.864241819410000289e+02
3.128747915570000373e+02
