1.249946362872102981e+02
-7.516131347445886846e-04
-7.581708991316604695e-04
-7.674249079270278884e-04
-7.773711569319941006e-04
-7.877637683006977198e-04
-7.989454403056761578e-04
-8.106725742362819176e-04
-8.236385086596298422e-04
-8.383381810972423409e-04
-8.558060452940052798e-04
-8.748611875636358448e-04
-8.963239034043279929e-04
-9.209609035665256016e-04
-9.492922624643185259e-04
-9.818290422347608626e-04
-1.018892388085501644e-03
-1.060921829998395793e-03
-1.108288244427990676e-03
-1.161401966043307254e-03
-1.220277432115168814e-03
-1.285029914352420199e-03
-1.355319858578618586e-03
-1.430489609793861305e-03
-1.509910875496789373e-03
-1.593464397181554304e-03
-1.681634557063049762e-03
-1.774622909733736265e-03
-1.873072191807545472e-03
-1.975215675839581131e-03
-2.078663117813239758e-03
-2.182767746619629357e-03
-2.292475275472716234e-03
-2.421634621038726287e-03
-2.592236282586424245e-03
-2.826958476240259976e-03
-3.133250736836457051e-03
-3.483921783592469623e-03
-3.822362818969859966e-03
-4.106351566182664392e-03
-4.341244218206141703e-03
-4.570795389333137670e-03
-4.845997581021110889e-03
-5.215078908701875626e-03
-5.672536488712798253e-03
-6.077585248662198403e-03
-6.314153727732252364e-03
-6.536780892879567872e-03
-7.204520489856314214e-03
-8.737136793710020832e-03
-1.096361748469110164e-02
-1.342742577263578152e-02
-1.534930620385177580e-02
-1.623845798644218963e-02
-1.621736653942273954e-02
-1.555631353672426442e-02
-1.458936349700568069e-02
-1.361381616526990967e-02
-1.275867982612755025e-02
-1.215505819858464509e-02
-1.185208899932843618e-02
-1.173618929461994753e-02
-1.166101196097002468e-02
-1.164778787882125854e-02
-1.171572415578636672e-02
-1.162300062039489656e-02
-1.140824025092079808e-02
-1.155553124565500411e-02
-1.224761397956852793e-02
-1.274577713150648606e-02
-1.300251136693297838e-02
-1.302486197582441996e-02
-1.300402089676744311e-02
-1.331866144414772801e-02
-1.343749722151899029e-02
-1.306111073010041146e-02
-1.236513307767417302e-02
-1.171237226162136214e-02
-1.134278601065685788e-02
-1.117894600441426967e-02
-1.105876309953623959e-02
-1.088544959011727986e-02
-1.074416325674842909e-02
-1.056591263169648354e-02
-1.025623829198352155e-02
-9.726987336047820953e-03
-9.121703069145392639e-03
-8.730360549144555726e-03
-8.574282750070660875e-03
-8.543746310235578179e-03
-8.609363229716837651e-03
-8.752203432854654963e-03
-8.938651438063216492e-03
-9.087919647945974511e-03
-9.201848240950050162e-03
-9.244813940288698628e-03
-9.122544584280745106e-03
-8.844678154290575023e-03
-8.494398409226999735e-03
-8.187177460851347011e-03
-7.951849047588277486e-03
-7.716053979853199074e-03
-7.451244020517666655e-03
-7.175842209050653508e-03
-6.921631807668693348e-03
-6.707381422395297665e-03
-6.533223451191116915e-03
-6.397831827716082831e-03
-6.294766053432931940e-03
-6.215566855934107071e-03
-6.143826007061481409e-03
-6.042157216681887100e-03
-5.879419719592715587e-03
-5.673351971706430685e-03
-5.474266388014181750e-03
-5.317013420644278732e-03
-5.207011859284516042e-03
-5.125364451005753885e-03
-5.039056544899056522e-03
-4.940260451308242651e-03
-4.847031873367324550e-03
-4.763296854538856540e-03
-4.679718333740201519e-03
-4.590278521357515906e-03
-4.503924448763518829e-03
-4.433532621091196280e-03
-4.375896347559582455e-03
-4.319490056650665544e-03
-4.258148447337795073e-03
-4.190794156935795378e-03
-4.115616580119274559e-03
-4.032525871958125840e-03
-3.946506246833847431e-03
-3.864656892997586635e-03
-3.790774783143935345e-03
-3.722211409866449383e-03
-3.655002642780069699e-03
-3.589942086268393950e-03
-3.530057045370016411e-03
-3.475540947109334589e-03
-3.423911334850260335e-03
-3.371946711079598646e-03
-3.317448864281757892e-03
-3.260884484330983657e-03
-3.203420115276134350e-03
-3.143708451593119069e-03
-3.079213001688785312e-03
-3.009549112406584293e-03
-2.936330084010729813e-03
-2.861083112419560148e-03
-2.785360952453630468e-03
-2.711478527678279349e-03
-2.641473185249071376e-03
-2.575627595542695492e-03
-2.512461493676260149e-03
-2.450481301236040466e-03
-2.389608577419571889e-03
-2.330704264714295038e-03
-2.274545068677719106e-03
-2.221770900579650432e-03
-2.173184265215344357e-03
-2.129745371066971149e-03
-2.092448409457547953e-03
-2.061913919906149806e-03
-2.037867124639325400e-03
-2.019316030721363120e-03
-2.004992167577157591e-03
-1.993642712975335352e-03
-1.984343219917777956e-03
-1.976527636504687990e-03
-1.969764236140619795e-03
-1.963536607030302861e-03
-1.957397469332100570e-03
-1.951392380596800313e-03
-1.946071176178731932e-03
-1.941659951789492800e-03
-1.937524470006085631e-03
-1.932668245933910622e-03
-1.926235178088125943e-03
-1.917363014414252831e-03
-1.904957436044130148e-03
-1.888330458339748663e-03
-1.868171088423298265e-03
-1.846541909107657364e-03
-1.825633307660223803e-03
-1.806428704148599351e-03
-1.788715782484462391e-03
-1.772231580755151414e-03
-1.757508730416967868e-03
-1.745636774221070997e-03
-1.737325311147730478e-03
-1.732116513730036500e-03
-1.728644232538295578e-03
-1.725673659379312053e-03
-1.722634705967479585e-03
-1.719286144528930915e-03
-1.715196284925168957e-03
-1.709671113490213168e-03
-1.702199737021320436e-03
-1.692822564104690120e-03
