1.249203444389583861e-01
1.248448964939433553e-01
1.247686351012246564e-01
1.246914021804515077e-01
1.246131551329866805e-01
1.245338332511102819e-01
1.244533550116478787e-01
1.243716574561842675e-01
1.242885822899513215e-01
1.242039106430445072e-01
1.241174043201640070e-01
1.240288790837778959e-01
1.239380566187064520e-01
1.238445908552576885e-01
1.237480896025863752e-01
1.236481118107240623e-01
1.235441850955853876e-01
1.234357941774871237e-01
1.233223808484117806e-01
1.232033757172388555e-01
1.230781908714120715e-01
1.229462522584007372e-01
1.228070369668310263e-01
1.226600905324406604e-01
1.225049992954342637e-01
1.223413297632004182e-01
1.221686089501250183e-01
1.219863118996066670e-01
1.217939696570569386e-01
1.215913305151885698e-01
1.213783252568257781e-01
1.211547075329057893e-01
1.209193111736420745e-01
1.206691508811629648e-01
1.203989133551241902e-01
1.201016023125189153e-01
1.197710722867721955e-01
1.194055882083795983e-01
1.190087868273222438e-01
1.185862685105813358e-01
1.181409513852383630e-01
1.176708397922975602e-01
1.171689033660687912e-01
1.166250932173534816e-01
1.160365852189241959e-01
1.154158750584451110e-01
1.147748080596569242e-01
1.140942099375369667e-01
1.133052408089976482e-01
1.123254522596901783e-01
1.111062936783223098e-01
1.096607214337047415e-01
1.080730595558915125e-01
1.064438452803695562e-01
1.048506996866026553e-01
1.033419321735892654e-01
1.019318779731997748e-01
1.006143341664970936e-01
9.937090228719487606e-02
9.817264409680338810e-02
9.699396646817554091e-02
9.582418233095849058e-02
9.465980506568799635e-02
9.349136143961761514e-02
9.232252439008452327e-02
9.117110707682357651e-02
9.002876753944948074e-02
8.884053508515397934e-02
8.758762067474676338e-02
8.629960110466337875e-02
8.499546208554359383e-02
8.369659285176185570e-02
8.238201578442326534e-02
8.104012602706303636e-02
7.971129151669237300e-02
7.843828077527452425e-02
7.723608195961211009e-02
7.608540947377567809e-02
7.496034608626030160e-02
7.384801927424067269e-02
7.275059791461317704e-02
7.166939116079612537e-02
7.060291273991851912e-02
6.956020365238696490e-02
6.855892762804541296e-02
6.761701843540376955e-02
6.672653904442968353e-02
6.586266265956983168e-02
6.500757635553126856e-02
6.415068646719068735e-02
6.328326218089420918e-02
6.239883272759383370e-02
6.149710960494420703e-02
6.058248595641063661e-02
5.965907724892354630e-02
5.873916137529200387e-02
5.783961804054135736e-02
5.697238658553465535e-02
5.613886460964954972e-02
5.533212959672163811e-02
5.454836608426932854e-02
5.378968203182740715e-02
5.305821890081823672e-02
5.235352341190770142e-02
5.167230104816837588e-02
5.101052035749117919e-02
5.036420112421167300e-02
4.972975584396371884e-02
4.910435607818209452e-02
4.848628675860670867e-02
4.787650542193332137e-02
4.727982382752950880e-02
4.670192339749789506e-02
4.614469333346081503e-02
4.560546220435009179e-02
4.507955705663647950e-02
4.456299457123115426e-02
4.405459135795106868e-02
4.355554485382934909e-02
4.306623159074340207e-02
4.258571865722124428e-02
4.211348682952990863e-02
4.164990446416426406e-02
4.119524706537593811e-02
4.074848514366656571e-02
4.030804194253149314e-02
3.987321623299801970e-02
3.944425624075239417e-02
3.902171988952323617e-02
3.860628890770381738e-02
3.819878795280021166e-02
3.779979785529845315e-02
3.740925893958959442e-02
3.702651421608080945e-02
3.665085377246287551e-02
3.628196583230548083e-02
3.591971834145108594e-02
3.556373816653325692e-02
3.521346769858808151e-02
3.486847996293171437e-02
3.452864575604622926e-02
3.419412548080658781e-02
3.386517041230801411e-02
3.354191789626143061e-02
3.322450105197499726e-02
3.291327664401003106e-02
3.260876621481108295e-02
3.231141330027675895e-02
3.202149351023008544e-02
3.173913823984655935e-02
3.146428492431527224e-02
3.119663918227948834e-02
3.093578143079060011e-02
3.068135987702045805e-02
3.043318893905690506e-02
3.019116639045225231e-02
2.995514142315932812e-02
2.972487631173320252e-02
2.950006535179236153e-02
2.928033203077209240e-02
2.906521096576911503e-02
2.885413748431771633e-02
2.864646079852406144e-02
2.844151032136508703e-02
2.823868261275313055e-02
2.803748974680969619e-02
2.783757261633027988e-02
2.763868297075537661e-02
2.744064610949846494e-02
2.724333491836682802e-02
2.704666893910643091e-02
2.685061905775268029e-02
2.665517963337310850e-02
2.646031170819342429e-02
2.626592905523319685e-02
2.607196594916570340e-02
2.587844397790659695e-02
2.568547923325688320e-02
2.549327017831981221e-02
2.530211416902861110e-02
2.511240657371263327e-02
2.492454914752647091e-02
2.473880068547836680e-02
2.455519392340229159e-02
2.437359564669077522e-02
2.419384000492926651e-02
2.401579548958566318e-02
2.383932008389972115e-02
2.366418497995936496e-02
2.349006248252910253e-02
2.331660858463133548e-02
2.314357719711263028e-02
2.297086067132092166e-02
2.279844212303356807e-02
2.262634057626349698e-02
2.245460550721111934e-02
2.228334457376275612e-02
2.211273037304459926e-02
2.194296016805838412e-02
2.177420575325135152e-02
