-7.427877717347541875e-04
-8.111883185724089174e-04
-1.170522458890377315e-03
-2.041017273357592643e-03
-4.328067072109642588e-03
-1.089326984844707358e-02
-1.171898178405073043e-02
-1.325451298772595266e-02
-1.138703829135778722e-02
-9.291054307455914874e-03
-8.971064090805558333e-03
-6.375705164596290331e-03
-5.194144066605899113e-03
-4.231717844527249639e-03
-3.643637186981352194e-03
-3.255085251140099611e-03
-2.849021797944606416e-03
-2.412174481492002087e-03
-1.963202275155617738e-03
-1.907230362814538172e-03
