1.249953862457012510e-01
1.249939459617290666e-01
1.242411766830689851e-01
1.232800964634946095e-01
1.217140859105946410e-01
1.187315346713369024e-01
1.125245401215244911e-01
9.845938742516946451e-02
8.691625408115030704e-02
7.433196461030140700e-02
6.367157991529130701e-02
5.395309758138786688e-02
4.647192534382404289e-02
4.074085670228561745e-02
3.608421096952053875e-02
3.214485780687814653e-02
2.868991150959493419e-02
2.564898111458246283e-02
2.299024512695576478e-02
2.082787962894696449e-02
1.892403057857040480e-02
