0.000000000000000000e+00
1.000000000000000021e-03
1.001000000000000556e+00
2.000999999999890644e+00
3.000999999999780510e+00
4.000999999999670820e+00
5.001000000000004775e+00
6.001000000000338730e+00
7.001000000000672685e+00
8.001000000001004864e+00
9.001000000000450640e+00
1.000099999999989642e+01
1.100099999999934219e+01
1.200099999999878797e+01
1.300099999999823375e+01
1.400099999999767952e+01
1.500099999999712530e+01
1.600099999999657285e+01
1.700099999999779499e+01
1.800099999999901712e+01
1.900100000000023925e+01
