1.249953862457012510e-01
1.249939561794460863e-01
1.249214770665324770e-01
1.248482310749378238e-01
1.247732962675712626e-01
1.246980891631367244e-01
1.246223896876495346e-01
1.245461694481062309e-01
1.244679333621654116e-01
1.243884499791236553e-01
1.243080536398939867e-01
1.242264361059254585e-01
1.241429916454152155e-01
1.240571621674331493e-01
1.239682097564404478e-01
1.238766999691644083e-01
1.237822291249780354e-01
1.236842260260299642e-01
1.235821562377463767e-01
1.234770198319284640e-01
1.233670790791970007e-01
1.232502998865014771e-01
1.231278609173666189e-01
1.229994564430623577e-01
1.228633364908658654e-01
1.227181763963731964e-01
1.225652867977478494e-01
1.224042858744721490e-01
1.222341957124140760e-01
1.220532738412473672e-01
1.218625156113779667e-01
1.216616984844323401e-01
1.214507883640109503e-01
1.212295617953670357e-01
1.209967585359280340e-01
1.207474398552390860e-01
1.204779359328486260e-01
1.201810891246697655e-01
1.198506299987609491e-01
1.194848272934442707e-01
1.190874328977094693e-01
1.186642644239846722e-01
1.182185431474511855e-01
1.177485143712824617e-01
1.172473119971613603e-01
1.167050254170026863e-01
1.161190687870109206e-01
1.155020366515965985e-01
1.148646813253157845e-01
1.141850917068108623e-01
1.133919792343046490e-01
1.124038338512355489e-01
1.111761590824068419e-01
1.097234270976470139e-01
1.081312394269911409e-01
1.065007158270341175e-01
1.049099041198439386e-01
1.034064541855089087e-01
1.020031484109750891e-01
1.006940072220051247e-01
9.946159764600949471e-02
9.827508518943037230e-02
9.710647226142658794e-02
9.594620578765228336e-02
9.479583338978554707e-02
9.365147536149101559e-02
9.252554078258139192e-02
9.143377309227798677e-02
9.032777615829348794e-02
8.914063165172887715e-02
8.788564624868670794e-02
8.660830484392464945e-02
8.530791232744426578e-02
8.400439267546667976e-02
8.269356915486905657e-02
8.137513132956449013e-02
8.004416813503599515e-02
7.873306644203953431e-02
7.747631202121149641e-02
7.627191027073484952e-02
7.510817196846182597e-02
7.398143945481377992e-02
7.287996784393481475e-02
7.178152917206639949e-02
7.067668676824126472e-02
6.957736930490891758e-02
6.850299546093102654e-02
6.747449488534187911e-02
6.649251130512592867e-02
6.554433762501812866e-02
6.461571284773537371e-02
6.369824200916544832e-02
6.278423981911331053e-02
6.185939903995535394e-02
6.090894396618424383e-02
5.993124870171362417e-02
5.894013697687450204e-02
5.795316409718651723e-02
5.698471733550293516e-02
5.604658900557994011e-02
5.514406995157400404e-02
5.427804615783932141e-02
5.344331622907631113e-02
5.263176904829360014e-02
5.184118843684318995e-02
5.107048240185564636e-02
5.031378372853992365e-02
4.956711404008439653e-02
4.883423300537506617e-02
4.812447868486621066e-02
4.744556401442323601e-02
4.679790356457021183e-02
4.617465139275344493e-02
4.556773853689769643e-02
4.497385290777658473e-02
4.439358146201436567e-02
4.382689269875823801e-02
4.327131445500969481e-02
4.272469302827149734e-02
4.218709905330049470e-02
4.166019437859017072e-02
4.114645961654021106e-02
4.064837092432740939e-02
4.016726005180079606e-02
3.970259103600057987e-02
3.925186873925738673e-02
3.881214532759224428e-02
3.838176892950070918e-02
3.796005655666272877e-02
3.754590611246040599e-02
3.713763549487066745e-02
3.673350605369665733e-02
3.633192917658973481e-02
3.593146700647766034e-02
3.553094078892284069e-02
3.512968461835013628e-02
3.472834624573717388e-02
3.432891937773254604e-02
3.393350246668341841e-02
3.354355443551726434e-02
3.316022532466612188e-02
3.278469943774530576e-02
3.241793649520281068e-02
3.206034198650630634e-02
3.171187842058755674e-02
3.137238257364666216e-02
3.104164670939860843e-02
3.071929938109081021e-02
3.040476404233132326e-02
3.009736489081162730e-02
2.979643616484948382e-02
2.950134017037372991e-02
2.921143176112606099e-02
2.892602166266272992e-02
2.864438943936062007e-02
2.836588665874589452e-02
2.809007408830024172e-02
2.781678013747510697e-02
2.754603751489899388e-02
2.727793223141909001e-02
2.701244411675094576e-02
2.674937515380375677e-02
2.648840043740320963e-02
2.622917679257073462e-02
2.597142525255697817e-02
2.571497461815239541e-02
2.545981189805582648e-02
2.520613866595547078e-02
2.495434589933783615e-02
2.470487710609884160e-02
2.445808820098423902e-02
2.421421136125240237e-02
2.397341652591876426e-02
2.373587952441389218e-02
2.350177880725271007e-02
2.327124419033783573e-02
2.304433681173261028e-02
2.282108637779729776e-02
2.260154099202912534e-02
2.238577312408480610e-02
2.217383659210731342e-02
2.196572730271418791e-02
2.176137932254907509e-02
2.156066720225911781e-02
2.136339914058569059e-02
2.116931534640859730e-02
2.097810892011208947e-02
2.078949377723262118e-02
2.060328429424915578e-02
2.041939553678505381e-02
2.023776342093460551e-02
2.005827791507641678e-02
1.988077846519508557e-02
1.970509325848595478e-02
1.953108684495423464e-02
1.935867498848413762e-02
1.918779761609413353e-02
1.901839819457860556e-02
1.885044342732367442e-02
1.868395633326684971e-02
1.851902648952677422e-02
