6.657194135600001061e+01
4.483952893000000017e+01
4.514332387700000027e+01
4.509353386400000119e+01
4.522399348600000479e+01
4.522777944900000335e+01
4.531713161900000131e+01
4.529185478400000164e+01
4.508260019200000102e+01
4.526861694000000114e+01
4.479628825700000050e+01
4.494879308100000515e+01
4.469214822300000378e+01
4.529288323600000155e+01
4.481498601600000598e+01
4.512190686900000003e+01
4.526860783900000484e+01
4.507204482899999931e+01
4.485408820199999980e+01
4.494273808900000233e+01
4.526009615300000632e+01
4.524037952000000473e+01
4.515140521600000056e+01
4.527746795900000620e+01
4.538827995000000470e+01
4.510225147300000259e+01
4.483402245100000272e+01
4.515577868500000136e+01
4.519064638800000466e+01
4.516021459699999951e+01
4.491429215000000141e+01
4.513026007200000578e+01
4.505936921400000017e+01
4.487935185399999938e+01
4.510760488400000412e+01
4.521983274700000521e+01
4.498026148900000010e+01
4.520134224800000311e+01
4.523946047900000167e+01
4.493254928400000381e+01
4.477028036300000480e+01
4.504137362600000216e+01
4.513224512600000082e+01
4.526839539600000251e+01
4.516212272799999994e+01
4.522606855200000098e+01
4.475374272700000233e+01
4.508106354400000271e+01
4.500261047700000461e+01
4.514340839300000141e+01
4.503908488300000101e+01
4.515404398300000111e+01
4.512041332000000438e+01
4.493007124800000440e+01
4.490404659500000406e+01
4.537508228100000451e+01
4.511939896300000186e+01
4.511737476000000413e+01
4.506209342600000411e+01
4.490603196400000030e+01
4.466026274000000029e+01
4.500747206100000142e+01
4.487094307100000634e+01
4.535729292100000265e+01
4.507222286500000052e+01
4.524728924800000129e+01
4.483452697700000300e+01
4.483664221600000133e+01
4.509740140300000633e+01
4.505699157200000116e+01
4.492001961000000421e+01
4.507834093299999978e+01
4.481799291000000096e+01
4.488242895100000140e+01
4.495722034500000319e+01
4.516112902400000451e+01
4.489529676800000146e+01
4.482525990500000290e+01
4.496791631500000364e+01
4.521621401400000195e+01
4.514464955900000120e+01
4.520347359100000517e+01
4.494115010800000221e+01
4.514770428300000304e+01
4.477593216100000006e+01
4.497621764100000519e+01
4.523614374600000332e+01
4.518128151800000580e+01
4.496796161900000044e+01
4.507600164800000186e+01
4.530568072600000562e+01
4.487230456600000394e+01
4.508274202600000535e+01
4.522224530800000508e+01
4.512870465099999961e+01
4.517381607700000501e+01
4.501004988200000412e+01
4.518079861800000430e+01
4.485396056500000128e+01
4.507965745799999979e+01
4.510240187300000514e+01
4.532336691800000494e+01
4.510916915600000010e+01
4.519586070500000119e+01
4.492421955000000366e+01
4.494705042200000378e+01
4.498345082800000228e+01
4.513952385700000036e+01
4.528692643500000514e+01
4.517987101399999972e+01
4.516258961400000516e+01
4.510882538200000624e+01
4.473407095000000311e+01
4.499820392600000218e+01
4.492094528700000211e+01
4.512540941600000366e+01
4.472513477400000426e+01
4.524742284799999936e+01
4.490238264599999951e+01
4.488763097300000027e+01
4.491555503500000412e+01
4.515724879700000116e+01
4.501099355400000235e+01
4.508707684400000204e+01
4.522470294800000090e+01
4.500747500900000375e+01
4.463944440500000610e+01
4.519082829000000601e+01
4.514906548600000491e+01
4.512155051400000616e+01
4.505657881700000189e+01
4.531014082200000104e+01
4.497450715400000121e+01
4.501510348900000480e+01
4.494791810200000270e+01
4.510423715600000349e+01
4.507857747200000631e+01
4.516011519000000618e+01
4.494112368900000121e+01
4.489895050300000179e+01
4.477098151900000289e+01
4.523537907900000477e+01
4.518034148800000338e+01
4.490973808500000075e+01
4.480708855200000329e+01
4.498343818600000077e+01
4.475474905200000109e+01
4.467654028900000185e+01
4.511990940400000483e+01
4.538104536100000530e+01
4.512624047500000302e+01
4.507819446999999968e+01
4.500620289300000110e+01
4.482668895300000145e+01
4.495995352799999978e+01
4.502661016400000449e+01
4.508654135600000501e+01
4.509742837800000359e+01
4.516575268300000090e+01
4.491774921500000062e+01
4.475827266299999962e+01
4.489325120300000549e+01
4.511297125100000471e+01
4.508806513400000426e+01
4.513459812400000004e+01
4.521590239300000036e+01
4.498741131700000295e+01
4.480397693700000161e+01
4.468544864800000482e+01
4.512157670000000564e+01
4.473950832500000274e+01
4.482593718100000046e+01
4.481771947500000408e+01
4.491487842700000499e+01
4.491737887500000426e+01
4.432339700700000407e+01
4.461966559300000057e+01
4.476178972200000317e+01
4.452902496400000132e+01
4.460221525200000059e+01
4.481567079600000625e+01
4.454623003000000381e+01
4.464453193700000355e+01
4.494211531800000614e+01
4.463165937400000161e+01
4.493728433000000422e+01
4.477317461900000239e+01
4.445587482500000220e+01
4.448298038500000473e+01
4.488334349500000542e+01
4.462166715800000105e+01
4.479799479100000070e+01
4.487659469400000489e+01
4.443751886900000159e+01
4.432220866100000478e+01
4.474393749900000472e+01
4.472257672399999961e+01
4.446968609000000328e+01
4.459486178400000256e+01
4.494011456300000162e+01
4.471596363600000501e+01
4.482110442900000180e+01
4.486929623700000036e+01
4.448015592200000157e+01
4.464810293800000096e+01
4.481221016800000001e+01
4.489246249300000358e+01
4.479702421000000356e+01
4.485745093700000297e+01
4.422417638800000361e+01
4.458880789500000219e+01
4.472965396300000407e+01
4.491588694200000020e+01
4.477660272300000344e+01
4.493292364400000594e+01
4.432799841199999946e+01
4.460328728800000420e+01
4.473037323200000515e+01
4.479780242600000406e+01
4.477657830700000119e+01
4.464468638200000328e+01
4.442075428700000117e+01
4.467494378399999988e+01
4.485405785800000444e+01
4.487309199900000323e+01
4.473103767900000349e+01
4.481982545299999998e+01
4.437971184700000293e+01
4.443028657199999998e+01
4.452529239400000449e+01
4.492169954300000256e+01
4.458055062500000076e+01
4.457641552500000159e+01
4.437103911900000242e+01
4.435539204500000210e+01
4.464771868900000129e+01
4.457092027100000564e+01
4.464529011300000150e+01
4.479052249800000141e+01
4.463076876899999945e+01
4.424514128799999924e+01
4.467614893900000084e+01
4.489359465100000079e+01
4.483383108400000339e+01
4.468194608700000003e+01
4.486187889100000348e+01
4.452692377800000401e+01
4.446558734799999968e+01
4.477144307900000086e+01
4.465120868500000029e+01
4.477739719300000587e+01
4.463109962200000069e+01
4.447852198700000059e+01
4.423708097200000111e+01
4.482949638700000605e+01
4.483179391900000610e+01
4.446237272000000473e+01
4.484892508100000441e+01
4.476870257400000241e+01
4.428579580499999935e+01
4.435651673099999925e+01
4.480169445700000352e+01
4.478142083200000201e+01
4.483148693700000109e+01
4.481660081900000137e+01
4.459710895300000288e+01
4.467199443000000514e+01
4.474227309300000144e+01
4.445038663400000445e+01
4.462934692000000325e+01
4.466266717900000316e+01
4.453179762700000310e+01
4.431103665900000266e+01
4.460739490899999993e+01
3.337072927000000533e+01
3.043716987300000199e+01
3.063108153600000350e+01
3.047666434400000313e+01
3.025529361900000325e+01
3.006132777800000255e+01
3.053795302000000333e+01
3.029487466300000165e+01
3.090562298200000058e+01
3.008877998100000184e+01
3.016386851400000069e+01
3.005417778100000348e+01
3.046565729800000355e+01
3.016499992300000343e+01
3.030442477900000142e+01
3.033213589800000065e+01
3.138533126700000153e+01
3.136873359200000166e+01
3.099862173500000040e+01
3.152272837700000352e+01
3.090754107700000120e+01
3.116181611800000084e+01
3.145351443900000277e+01
3.056430498300000309e+01
3.073007801700000030e+01
3.059227609700000272e+01
3.075227339500000312e+01
3.089047151400000146e+01
3.052011840800000186e+01
3.207267041000000063e+01
3.062321370000000087e+01
3.168577849300000082e+01
3.078593456600000167e+01
3.106796304300000244e+01
3.134236274000000222e+01
3.086425800700000366e+01
3.087198602900000211e+01
3.068253033900000304e+01
3.089423189200000053e+01
3.059709179100000043e+01
3.067227146600000154e+01
3.149546544100000034e+01
3.080956342600000042e+01
3.136828603300000040e+01
3.087311637500000217e+01
3.123106251000000100e+01
3.128425463000000306e+01
3.098572150600000086e+01
3.151234105800000052e+01
3.099533485700000313e+01
3.087723331600000165e+01
3.056387545600000166e+01
3.066673581100000234e+01
3.068653084100000328e+01
3.056282964100000044e+01
3.090306008500000345e+01
3.102240700400000151e+01
3.124894674000000094e+01
3.086343021300000089e+01
3.127522747200000097e+01
3.134352200000000366e+01
3.050252672200000248e+01
3.068562056200000043e+01
3.053456251700000124e+01
3.073282128100000321e+01
3.047702562800000337e+01
3.064688646500000146e+01
3.087877698500000179e+01
3.110473965900000337e+01
3.143723414700000163e+01
3.117265180500000099e+01
3.074617406200000147e+01
3.075782354800000107e+01
3.049406071100000304e+01
3.098311354800000217e+01
3.046041699000000236e+01
3.857143762200000481e+01
3.181934949400000079e+01
3.050295579000000146e+01
3.087282646100000250e+01
3.041121346400000292e+01
3.159710909800000067e+01
3.071143339200000355e+01
3.141112297700000155e+01
3.125754240800000261e+01
3.161855148300000096e+01
4.525746368900000505e+01
3.275667442700000009e+01
3.976446104300000428e+01
5.070890490600000078e+01
5.076386824200000092e+01
5.083788414300000369e+01
3.204373210300000352e+01
3.114537246000000081e+01
5.052515016699999961e+01
4.521426566500000632e+01
3.119762426000000133e+01
4.442005093400000248e+01
5.002550934599999977e+01
5.028165665900000647e+01
5.037183889900000366e+01
5.062608647100000070e+01
5.060530329900000623e+01
5.052437197100000077e+01
5.042912210500000469e+01
5.164454786100000661e+01
5.163762337100000366e+01
5.161550207900000231e+01
5.159700911700000603e+01
5.153694044700000632e+01
3.597567693799999944e+01
3.084024878800000025e+01
3.081593550200000209e+01
3.077462522900000153e+01
3.093609666400000080e+01
3.089698298500000107e+01
3.547023841000000033e+01
3.248837354400000521e+01
3.104678555600000323e+01
3.111100021400000060e+01
3.095683180300000359e+01
3.239062782999999968e+01
3.230986620400000220e+01
3.239462847600000117e+01
3.211593627799999950e+01
3.577184906300000478e+01
3.613974744100000436e+01
4.468132086900000388e+01
5.278777857000000040e+01
5.297438716999999997e+01
5.281160160499999989e+01
5.323426989300000400e+01
5.312097417900000096e+01
5.334184243700000394e+01
5.252176379100000503e+01
5.279933618600000500e+01
5.222528323500000624e+01
5.293250308700000062e+01
3.884084964699999887e+01
5.232608430000000510e+01
5.298576552000000106e+01
5.257599077300000090e+01
5.340867622800000447e+01
4.304748096500000543e+01
5.165822570500000666e+01
5.341470975900000440e+01
5.216623966500000620e+01
5.313991120100000387e+01
5.255602232800000451e+01
5.295912130600000012e+01
5.249054227500000280e+01
5.273207338200000294e+01
5.306330356500000534e+01
5.254082153700000646e+01
5.349572510400000169e+01
5.277613533300000626e+01
5.287634241000000657e+01
5.185406254300000484e+01
5.300585827700000152e+01
5.278546821000000477e+01
4.807330881000000034e+01
5.232198856000000120e+01
5.294563287400000462e+01
5.268134862000000140e+01
5.334011890400000055e+01
5.159973539500000328e+01
3.095086985500000054e+01
3.889352532300000576e+01
3.136489431700000097e+01
3.125104408400000366e+01
3.929304229000000248e+01
5.076610459800000541e+01
5.109536626900000300e+01
5.083816603500000042e+01
5.077504811300000398e+01
5.029319914400000613e+01
5.026006419300000516e+01
5.063777121100000045e+01
5.005268109000000010e+01
4.978485533100000282e+01
5.265835860800000034e+01
5.358616252400000235e+01
5.273979696399999995e+01
5.333004301400000458e+01
5.351087657600000114e+01
5.374807029300000494e+01
5.346892085100000003e+01
5.379254115000000525e+01
5.376004668100000572e+01
5.364235555600000538e+01
5.379701667800000564e+01
5.370158908200000525e+01
5.359048029700000626e+01
5.392822932400000013e+01
5.076826645500000268e+01
5.362360798200000289e+01
5.366574378600000017e+01
5.362586127400000180e+01
5.386761279200000274e+01
5.365146703600000677e+01
5.391851097500000378e+01
5.363790170400000079e+01
5.373031213400000183e+01
5.350919988900000135e+01
5.369349560000000565e+01
5.344060733100000249e+01
5.370271133600000013e+01
5.373505779700000318e+01
5.330583690200000291e+01
5.337301099100000101e+01
5.390651054200000658e+01
5.360458803100000580e+01
5.372693031800000085e+01
5.356166337200000527e+01
5.346600474800000313e+01
5.317326986700000191e+01
5.350510209300000497e+01
5.341148728400000323e+01
5.375413410700000583e+01
5.374839567500000470e+01
5.363065555500000414e+01
5.385949460100000152e+01
5.381348518700000483e+01
5.367880215000000277e+01
5.340157904000000144e+01
5.359924498200000187e+01
5.344314822100000129e+01
5.367692516800000391e+01
5.361648538100000394e+01
5.324049820600000515e+01
5.351008728100000411e+01
5.359276865200000373e+01
5.389634200100000072e+01
5.386150546800000427e+01
5.368755670700000593e+01
5.319128936900000326e+01
5.339908189200000521e+01
5.346691119600000519e+01
5.351040478600000228e+01
5.349858197300000029e+01
5.318173007100000405e+01
5.341819881199999998e+01
5.347651614400000142e+01
5.375614701100000303e+01
5.375913578900000545e+01
5.315860824300000331e+01
5.375146611200000279e+01
5.374212056400000392e+01
5.354923026700000577e+01
5.373069127800000189e+01
5.370559376000000640e+01
5.367457125399999995e+01
4.221503692000000285e+01
3.150479143100000101e+01
3.211381190800000240e+01
3.443389219899999887e+01
5.300207355300000245e+01
5.342455044800000508e+01
5.300325930700000043e+01
5.318685229700000150e+01
5.301532823200000166e+01
5.328590106600000098e+01
5.254774621700000381e+01
5.299411928600000010e+01
5.254418672600000662e+01
5.295949435100000358e+01
5.340144618200000082e+01
5.248311615300000454e+01
4.339487778800000228e+01
5.077736287400000492e+01
5.013884041200000041e+01
5.031092287999999968e+01
4.989072433800000539e+01
5.142001772100000068e+01
5.083238461000000541e+01
5.078269799300000642e+01
5.085799887900000016e+01
5.018263719700000536e+01
5.044274678800000089e+01
5.076157992100000627e+01
5.067339829900000581e+01
5.082315277300000389e+01
5.086478842500000042e+01
5.047795287600000336e+01
5.058445883800000331e+01
5.035153655700000286e+01
5.082350805200000110e+01
5.049466198000000361e+01
5.075908764400000450e+01
5.059683840699999990e+01
5.011897679200000510e+01
5.041880464800000539e+01
5.108799137600000506e+01
5.039730977199999984e+01
5.071154734000000275e+01
5.097396296700000562e+01
5.084869923600000163e+01
5.074568149600000311e+01
5.050709531500000082e+01
5.084050925400000409e+01
4.992688364900000408e+01
5.055045916899999980e+01
5.092303147700000210e+01
5.045794461900000272e+01
5.029093168900000421e+01
5.125902702000000488e+01
5.040468802700000595e+01
5.050688963500000028e+01
5.081153935200000404e+01
5.055815353300000226e+01
5.065680393100000600e+01
5.090457533100000376e+01
5.065806034800000646e+01
5.082433039500000405e+01
5.081064696300000350e+01
5.019816152799999998e+01
5.040212290900000625e+01
5.099050513899999970e+01
5.361726767700000096e+01
5.295770364600000590e+01
5.366470982500000275e+01
5.297219211800000238e+01
5.028013890900000149e+01
5.080548332100000408e+01
4.854975790900000021e+01
4.394384676399999989e+01
4.394939916999999951e+01
4.393971579600000155e+01
3.051055614400000238e+01
3.052158883800000311e+01
3.054622610300000218e+01
3.047958419000000063e+01
3.061413073400000329e+01
3.041531060400000186e+01
3.078306513100000075e+01
3.045229398600000081e+01
3.058567144400000259e+01
3.049844920600000364e+01
3.040156153700000274e+01
3.051980760900000078e+01
3.050053763300000043e+01
3.060068120400000069e+01
3.051475338800000259e+01
3.052768699200000313e+01
3.053616896800000191e+01
3.049649372900000088e+01
3.052572468300000352e+01
3.059510503300000295e+01
3.043661484500000114e+01
3.076844300400000165e+01
3.046863447400000169e+01
3.073291187900000310e+01
3.034152407600000245e+01
3.057753428700000242e+01
3.045577126600000284e+01
3.056799587900000148e+01
3.047630513800000074e+01
3.141390821800000310e+01
3.161144379100000279e+01
3.169931185400000118e+01
3.025030660400000215e+01
3.062457050900000155e+01
3.027614970600000177e+01
3.821180612599999904e+01
3.050860265900000101e+01
3.041070064500000214e+01
3.047258619200000140e+01
3.043916074200000210e+01
3.052311254100000326e+01
3.047960060600000176e+01
3.063311305000000218e+01
4.057760465800000560e+01
3.185072778600000021e+01
3.169892118700000339e+01
3.171264486200000121e+01
3.551892490400000213e+01
3.166291372800000303e+01
3.178055794700000192e+01
3.157518746700000278e+01
3.187259920100000343e+01
3.140403048000000297e+01
3.185554325300000045e+01
3.149109392100000093e+01
3.168888724300000348e+01
3.051957848200000356e+01
3.065346658000000346e+01
3.064055608600000014e+01
3.062924953600000322e+01
3.058017403000000201e+01
3.054228505100000035e+01
3.035345991100000163e+01
3.047254006300000029e+01
3.049777224600000025e+01
3.046112859600000178e+01
3.056593447700000254e+01
3.033475457400000153e+01
3.057539166000000108e+01
3.029729378300000064e+01
3.056612419000000358e+01
3.019988136900000342e+01
3.083540471900000313e+01
3.032376668400000241e+01
3.165411902700000368e+01
3.144499780600000349e+01
3.160350150000000369e+01
3.126975598600000339e+01
3.154555956200000111e+01
3.118650938700000097e+01
3.119799657100000090e+01
3.140550874100000200e+01
3.140508421100000191e+01
3.143985598000000081e+01
3.130745748000000361e+01
3.163476160800000159e+01
3.013920428700000187e+01
3.051305409400000102e+01
3.016986999800000291e+01
3.261900896400000249e+01
5.271774080900000570e+01
5.284385018900000119e+01
5.229451494000000622e+01
5.225054789200000016e+01
5.211434622400000194e+01
3.345110872000000057e+01
3.010081564300000068e+01
3.046536476600000043e+01
3.134142603900000168e+01
3.132729926100000029e+01
3.142293711000000300e+01
3.132945012200000079e+01
3.127867849500000119e+01
3.160500106400000320e+01
3.043094225300000133e+01
3.053087512300000128e+01
3.023533525100000219e+01
3.056586814600000324e+01
3.042624451700000066e+01
3.016895585000000324e+01
3.143260801300000296e+01
3.114603376200000184e+01
3.155433700300000055e+01
3.113555264100000031e+01
3.149852158200000218e+01
3.534256778099999963e+01
3.162398855400000031e+01
3.138862239100000195e+01
3.113163682500000107e+01
3.141464909900000180e+01
3.104308355000000219e+01
3.157145654300000359e+01
3.114145463300000216e+01
3.141038163700000041e+01
3.123134992500000351e+01
3.134710132100000024e+01
3.109480679200000353e+01
3.112951913400000237e+01
3.140195669200000239e+01
3.130294678600000324e+01
3.142191891000000226e+01
3.028151227600000084e+01
3.042669069200000109e+01
3.061050873300000319e+01
3.084459617600000314e+01
3.082482912900000116e+01
3.052166808400000164e+01
3.034059343100000206e+01
3.056715875800000148e+01
3.026056628800000325e+01
3.043352812900000259e+01
3.035761733700000065e+01
3.057640708800000340e+01
3.015578508000000113e+01
3.057119716000000054e+01
3.010690278600000269e+01
3.037461518900000357e+01
3.017511294800000243e+01
3.029345487600000197e+01
3.021617987200000144e+01
3.024109130400000112e+01
3.039493762600000082e+01
3.008540354200000166e+01
3.033968819300000064e+01
3.015404448000000315e+01
3.050344707200000016e+01
3.019439121300000295e+01
3.047729133700000048e+01
3.114753476900000351e+01
3.124349373800000151e+01
3.118010607200000095e+01
3.131814469400000078e+01
3.027645603800000274e+01
3.063650246500000307e+01
3.112092612000000358e+01
3.134736874400000062e+01
3.018572561800000287e+01
3.023924895100000043e+01
3.036912943300000123e+01
3.021905021900000321e+01
3.135494981300000106e+01
3.101594771600000300e+01
3.160835615500000273e+01
3.095853331200000369e+01
3.150161383400000048e+01
3.119521392200000065e+01
3.145245217400000115e+01
3.138482753000000258e+01
3.147497937700000037e+01
3.122325893200000024e+01
3.142357220900000314e+01
3.114797509000000275e+01
3.116496532800000097e+01
3.141451594000000114e+01
3.111224640700000066e+01
5.059187829600000441e+01
5.462640607400000192e+01
4.964360575200000625e+01
3.113690980900000227e+01
3.126153896400000320e+01
3.123179717800000077e+01
3.321457346600000449e+01
5.293538502600000584e+01
5.258553153500000121e+01
5.264541551500000338e+01
5.073761679700000116e+01
5.075280327000000113e+01
5.090657815800000208e+01
5.114960324900000188e+01
5.134332344500000289e+01
5.100093296900000439e+01
5.147045664600000237e+01
5.048399061900000362e+01
5.041925540100000092e+01
5.047241331600000080e+01
5.066137053599999973e+01
5.147905482500000574e+01
5.095527439500000355e+01
5.104629770700000080e+01
5.126991404299999999e+01
5.068567494400000584e+01
5.145521881500000205e+01
5.075471833200000304e+01
5.112499185800000134e+01
5.088341894900000284e+01
5.118756803600000183e+01
5.123536560800000217e+01
5.077789440500000495e+01
5.082272060000000380e+01
5.103303833900000086e+01
5.087780647600000350e+01
5.141283589200000392e+01
5.100004039800000299e+01
5.070781858000000142e+01
5.116958469800000131e+01
5.096609857400000010e+01
5.002945989000000537e+01
3.059788730700000059e+01
3.089992216300000294e+01
3.112659982300000294e+01
3.045959563600000308e+01
3.097571950100000038e+01
3.039400812200000246e+01
3.097728240200000016e+01
3.075983189700000153e+01
3.059864734100000305e+01
3.042498374800000249e+01
3.027586352200000164e+01
3.056031696400000186e+01
3.021636862500000120e+01
3.022625292000000030e+01
3.050237521900000104e+01
3.029092148400000184e+01
3.058335138400000019e+01
3.027927496300000243e+01
3.046510545300000317e+01
3.050999272500000359e+01
3.029245258000000263e+01
3.054847923000000165e+01
3.033559566000000274e+01
3.055124816900000084e+01
3.051812231900000327e+01
4.538395030100000582e+01
4.976523655500000132e+01
5.075565787300000409e+01
5.020741581200000070e+01
5.037643473800000038e+01
5.041784633099999979e+01
5.021051989900000478e+01
5.092804885900000045e+01
5.036920876800000002e+01
5.027545962900000376e+01
5.056768923999999998e+01
4.996006917800000480e+01
5.064975637600000624e+01
3.031163260900000012e+01
3.040092185300000338e+01
3.036222051400000055e+01
3.036163766400000341e+01
3.040883827700000097e+01
3.034019598300000098e+01
3.046563889700000161e+01
3.045777961400000322e+01
3.014661022400000334e+01
3.053493514600000225e+01
3.017823965200000202e+01
3.060533301700000308e+01
3.047896267100000145e+01
3.060714008600000113e+01
3.087669533900000118e+01
3.039946501100000020e+01
3.106840522500000290e+01
3.065024720000000258e+01
3.070871518300000247e+01
3.085779886000000261e+01
3.060009777800000208e+01
3.555639439000000124e+01
3.061758226600000299e+01
3.040253692600000335e+01
3.066284305500000329e+01
3.043147277100000281e+01
3.119425605500000032e+01
3.040861944700000308e+01
3.088812202500000126e+01
3.081769325400000170e+01
3.050958745100000158e+01
3.177949136000000152e+01
3.048986153500000285e+01
4.091461726400000032e+01
3.175705332900000144e+01
3.071989203600000096e+01
3.101687014900000250e+01
4.233081462400000561e+01
5.112523437800000181e+01
5.104723878500000467e+01
3.136601567300000326e+01
3.221793893699999956e+01
5.132637660900000043e+01
5.123598190900000304e+01
5.317334784500000211e+01
5.398137767500000450e+01
5.112925681500000508e+01
5.157299050200000323e+01
5.144323584600000032e+01
5.181517134400000657e+01
5.157222336100000604e+01
5.102605623900000609e+01
5.080432819900000396e+01
5.139156990900000466e+01
5.071832118100000031e+01
5.092456399900000008e+01
5.086153330200000511e+01
5.098213548100000025e+01
5.113921190900000369e+01
5.068308149000000640e+01
5.129328634100000528e+01
5.071504861300000044e+01
5.163060622400000454e+01
5.044632319700000522e+01
5.090129443000000009e+01
5.028255729400000007e+01
5.084500502500000607e+01
5.072617027100000087e+01
5.089835466600000302e+01
5.067801924100000122e+01
5.104089511000000101e+01
5.135424592200000404e+01
5.077960834600000339e+01
5.124158697500000414e+01
5.062915137000000243e+01
5.100235788200000542e+01
5.079182887800000401e+01
5.130072436800000446e+01
5.076026911400000330e+01
5.085415421100000088e+01
5.068696744300000034e+01
5.086057789000000184e+01
5.116500308500000216e+01
5.077708508100000273e+01
5.144301342900000407e+01
5.052961800400000669e+01
5.094461933600000236e+01
5.059362108000000546e+01
5.063468245199999984e+01
5.036508485800000301e+01
5.022701318000000015e+01
5.104524118800000565e+01
5.064065883100000320e+01
5.149493440200000549e+01
5.077011465000000356e+01
5.148408471400000508e+01
5.050695357400000063e+01
5.075241652700000117e+01
5.080869891900000113e+01
5.101766865000000450e+01
5.138019069100000280e+01
5.003704516400000557e+01
5.111929335100000316e+01
5.053256616700000592e+01
5.083469167300000180e+01
5.063964920600000141e+01
5.105665338800000086e+01
5.045478118600000528e+01
5.094101310100000291e+01
5.102674517000000520e+01
5.057175228700000247e+01
5.096798897500000436e+01
5.055321382900000060e+01
5.080932771800000580e+01
5.126497049400000350e+01
5.107717019600000441e+01
5.067800632200000166e+01
5.088407348300000166e+01
5.077554147300000409e+01
5.089951102500000246e+01
5.068774809399999981e+01
5.064831694500000481e+01
5.073042457500000069e+01
5.070032710000000264e+01
5.061087427900000080e+01
5.122366267499999992e+01
5.047639748100000645e+01
5.055066167300000046e+01
4.972585597800000556e+01
5.019136674100000306e+01
5.064450484099999983e+01
5.021182468000000654e+01
5.078240753700000454e+01
5.046590745299999980e+01
5.053539930300000549e+01
5.126623031100000105e+01
5.064234456000000506e+01
5.102348201700000629e+01
5.041796055700000068e+01
5.106831090000000017e+01
5.161542031400000496e+01
5.102555787600000059e+01
5.148841744400000664e+01
5.072993728200000163e+01
5.096028303500000334e+01
5.149140331000000259e+01
5.103044291000000499e+01
5.167632827100000270e+01
5.056805980200000050e+01
5.102396424100000161e+01
5.104344313000000000e+01
5.104221983100000415e+01
5.104521069400000499e+01
5.017258858900000007e+01
5.084264160200000049e+01
5.034165598600000635e+01
5.073281754799999987e+01
5.073244725900000418e+01
5.083231450700000664e+01
5.091036762900000667e+01
5.076611291300000062e+01
5.154187416300000280e+01
5.081212364000000292e+01
5.094115257400000019e+01
5.084989984000000618e+01
5.081654492100000198e+01
5.123529478000000381e+01
5.073823627300000538e+01
5.161095466900000162e+01
5.121505002399999995e+01
5.141835398300000293e+01
5.159447621200000356e+01
5.129572020700000223e+01
5.144029294999999991e+01
5.116794886699999978e+01
5.113813856800000224e+01
5.151864447700000227e+01
5.104387245800000272e+01
5.089889140400000400e+01
5.112158077200000150e+01
5.052538073200000213e+01
5.110508917700000353e+01
5.105918571700000541e+01
5.117762819100000371e+01
5.193725056500000647e+01
5.129630927200000201e+01
5.115058929799999987e+01
5.106184008500000004e+01
5.129816420600000271e+01
5.172902619400000646e+01
5.124822487400000171e+01
5.142832589200000371e+01
5.106234002600000110e+01
5.155370104500000394e+01
5.122531122500000578e+01
5.130787843600000286e+01
5.149081232400000374e+01
5.133191163600000095e+01
5.153290058500000015e+01
5.102431745800000584e+01
5.104323042300000424e+01
5.159046625500000260e+01
5.053647450100000071e+01
5.021236101800000284e+01
5.057411322900000528e+01
5.163347450200000566e+01
5.109422342300000253e+01
5.159553826600000548e+01
5.126497982500000461e+01
5.113338009900000003e+01
5.187785715800000474e+01
5.137636156100000306e+01
5.151996094400000459e+01
5.087939024100000296e+01
5.124882716300000141e+01
5.132489592700000003e+01
5.080430560700000342e+01
5.186679405000000287e+01
5.063340744900000345e+01
5.073946453200000661e+01
5.120132423000000443e+01
5.062551616600000415e+01
5.116231253400000156e+01
5.154779644999999988e+01
5.124162033300000019e+01
5.114264229000000483e+01
5.089367351300000308e+01
5.123468186400000235e+01
5.119793167800000333e+01
5.115677371200000323e+01
5.135963792700000141e+01
5.078060970800000007e+01
5.104632618400000155e+01
5.118907533900000573e+01
5.130158321300000068e+01
5.146538280400000076e+01
5.143061969200000050e+01
5.121783228700000024e+01
5.071634723900000097e+01
5.113083548700000591e+01
5.134204655000000628e+01
5.117446369600000367e+01
5.113113592800000617e+01
5.114845325699999989e+01
5.160680035300000412e+01
5.077252614000000364e+01
5.116920812600000090e+01
5.131326546300000047e+01
5.128911969900000400e+01
5.148777620600000660e+01
5.082151665600000001e+01
5.107523506700000127e+01
5.110283057900000614e+01
5.108445009000000425e+01
5.115166065900000092e+01
5.112540671000000003e+01
5.077204066900000612e+01
5.106162017800000541e+01
5.110562536500000164e+01
5.116431708400000389e+01
5.128461924100000147e+01
5.083082544600000574e+01
5.166448020100000349e+01
5.075318162700000357e+01
5.130377874000000560e+01
5.138594924300000599e+01
5.125598125500000179e+01
5.129033605200000068e+01
5.067623832100000669e+01
5.130400241600000300e+01
5.102259901400000075e+01
5.112658036300000219e+01
5.127488192200000583e+01
5.114216131800000653e+01
5.132990882900000429e+01
5.097514874400000195e+01
5.119122405700000655e+01
5.110650001800000553e+01
5.145294154600000525e+01
5.355142793700000681e+01
5.410799420500000423e+01
5.369184248000000537e+01
5.414793624400000027e+01
5.325467034500000096e+01
5.368733939100000185e+01
5.332203767000000028e+01
5.357156789500000116e+01
5.378515210200000496e+01
5.375197874500000239e+01
5.384193753700000684e+01
5.353355959300000677e+01
5.411898614100000060e+01
5.351851667900000109e+01
5.420353889000000436e+01
5.331642046200000351e+01
5.411332103700000573e+01
5.363303042300000101e+01
5.442979980400000528e+01
5.349618505900000542e+01
5.389842110500000416e+01
5.364871592900000508e+01
5.390305209300000655e+01
5.330609631000000093e+01
5.344244673700000448e+01
5.363581894300000386e+01
5.347940949700000601e+01
5.353851142999999979e+01
5.382168456000000134e+01
5.393311680800000119e+01
5.358184813900000165e+01
5.438135190400000596e+01
5.349761403700000528e+01
5.407543465600000587e+01
5.355120946200000276e+01
5.420504608000000246e+01
5.339195909400000062e+01
5.436567535000000362e+01
5.377182150100000513e+01
5.404253426900000079e+01
5.320606374000000471e+01
5.377146457999999996e+01
5.346385008900000457e+01
5.426214348200000614e+01
5.340340544100000386e+01
5.354306759300000351e+01
5.345526665700000279e+01
5.348046250900000587e+01
5.367491274400000378e+01
5.334109624000000593e+01
5.372609445600000555e+01
5.337849260000000129e+01
5.397540584900000482e+01
5.358015298700000528e+01
5.367562589900000347e+01
5.358122127300000415e+01
5.367316238700000497e+01
5.420264526000000416e+01
5.341549638100000408e+01
5.429688780900000467e+01
5.369144603300000540e+01
5.404243141600000655e+01
5.341892629700000583e+01
5.334805331500000136e+01
5.370575876400000226e+01
5.351036874900000129e+01
5.419495225800000071e+01
5.337183171200000231e+01
5.406415197500000147e+01
5.328095996200000428e+01
5.363197620300000068e+01
5.372550770200000159e+01
5.330812352200000248e+01
5.414018049300000257e+01
5.334285540200000497e+01
5.331492103300000451e+01
5.405899856300000295e+01
5.332311632500000087e+01
5.381999084300000646e+01
5.302506029000000609e+01
5.338428453500000614e+01
5.394291311600000682e+01
5.389565441700000292e+01
5.410340860500000559e+01
5.381236360200000490e+01
5.374774533800000142e+01
5.456866828100000077e+01
5.372550507900000127e+01
5.400505843500000225e+01
5.384349077400000283e+01
5.399254459200000156e+01
5.445596087800000618e+01
5.397876860100000584e+01
5.422256800300000634e+01
5.371655695700000166e+01
5.377921629700000494e+01
5.407837692900000093e+01
5.393473442800000583e+01
5.460724206100000089e+01
5.386121767300000585e+01
5.388781866900000495e+01
5.395560307500000619e+01
5.361542334900000384e+01
5.414235077100000382e+01
5.361474915700000565e+01
5.419355431800000389e+01
4.387790796300000551e+01
3.150942781300000206e+01
3.155489156600000200e+01
3.156160775300000054e+01
3.137787518500000061e+01
3.152991371700000300e+01
3.123387192400000245e+01
3.094516838800000258e+01
3.106673340900000113e+01
3.129429311900000243e+01
3.145797098600000297e+01
3.112717458400000226e+01
3.113149373400000286e+01
3.116126668900000141e+01
3.112204959100000323e+01
3.104067829600000294e+01
3.157446010400000347e+01
4.161276329500000060e+01
5.336486145400000680e+01
5.315001989000000293e+01
5.386781389100000439e+01
5.358340808600000571e+01
5.361227092800000094e+01
5.348639394600000685e+01
5.359273035500000049e+01
5.329979665200000483e+01
5.414148275800000221e+01
5.345272386700000311e+01
5.395679781100000127e+01
5.338953299400000674e+01
5.403867947700000229e+01
5.353466123000000465e+01
5.372074867600000658e+01
5.361847609600000197e+01
5.376113397300000685e+01
5.383176910800000314e+01
5.342055237699999992e+01
5.394914324700000208e+01
5.334282302500000128e+01
5.391086438399999992e+01
5.317209660299999996e+01
5.422203147400000489e+01
5.320951617700000469e+01
5.422444951200000673e+01
5.378999561800000606e+01
5.404913682200000125e+01
5.358976099100000567e+01
5.408664115800000616e+01
5.366226016100000606e+01
5.371801507500000383e+01
5.373415879100000581e+01
5.361243883300000590e+01
5.388958163700000625e+01
5.341346733800000379e+01
5.414516423700000303e+01
5.335150238700000358e+01
5.437061516800000049e+01
5.325793593100000578e+01
5.406877497900000407e+01
5.338874558100000201e+01
5.414438986000000398e+01
5.362144649900000104e+01
5.429035287600000004e+01
5.402802803500000550e+01
5.418140152200000159e+01
5.374455505000000244e+01
5.426731599800000083e+01
5.386010749100000083e+01
5.393506289000000464e+01
5.399046749600000084e+01
5.361703097500000581e+01
5.380662586000000402e+01
5.322660808500000229e+01
5.429742953700000641e+01
5.317357181200000582e+01
5.418925365900000202e+01
5.343234469100000439e+01
5.412624595900000202e+01
5.321549741700000169e+01
5.357937828600000074e+01
5.364150794000000388e+01
5.341544117200000130e+01
5.313503363100000598e+01
5.333992198500000370e+01
5.323556976600000468e+01
5.286283186800000067e+01
5.320199979400000245e+01
5.330822789900000203e+01
5.326635282000000160e+01
5.331718315100000183e+01
5.373410584600000561e+01
5.385183319000000068e+01
5.365873584500000248e+01
5.383941275400000137e+01
5.369010699200000403e+01
5.346321370700000131e+01
5.348214936000000108e+01
5.359937208900000627e+01
5.432531957600000538e+01
5.353715698800000666e+01
5.412212282700000543e+01
5.360414339600000488e+01
5.412893022500000484e+01
5.347552844800000571e+01
5.434534102600000693e+01
5.355395373700000050e+01
5.410440292100000192e+01
5.336151689300000101e+01
5.365969627500000172e+01
5.378784490200000334e+01
5.353396694999999994e+01
5.418989668900000112e+01
5.379844361100000327e+01
5.408999547900000238e+01
5.361914115400000469e+01
5.424488466900000105e+01
5.358771487700000336e+01
5.432181030600000327e+01
5.362247605600000355e+01
5.411331642500000072e+01
5.311624705900000265e+01
5.371940592900000411e+01
5.322604339800000162e+01
5.364285853600000564e+01
5.294336069100000230e+01
5.377594538200000329e+01
5.313248477800000558e+01
5.368549647000000391e+01
5.283036267800000019e+01
5.375074176900000111e+01
5.317791669300000024e+01
5.384840711900000088e+01
5.310259108800000405e+01
5.383283970600000146e+01
5.258045437500000219e+01
5.394778275200000195e+01
5.275138964799999997e+01
5.360590186000000301e+01
5.303641200800000632e+01
5.372837959499999982e+01
5.258628953000000195e+01
5.364622422900000487e+01
5.302899643300000321e+01
5.339750671200000198e+01
5.281843576700000398e+01
5.348388416400000267e+01
5.317539780800000671e+01
5.376797398600000122e+01
5.326653918700000645e+01
5.379603529500000292e+01
5.327778346400000231e+01
5.409353329800000409e+01
5.367236292100000128e+01
5.385918407100000138e+01
5.357360740000000021e+01
5.406935763900000325e+01
5.321980522700000193e+01
5.313357534000000015e+01
5.335375383300000607e+01
5.345204901700000022e+01
5.390034725900000012e+01
5.324711970400000638e+01
5.358451754800000089e+01
5.329893296000000191e+01
5.361933522900000071e+01
5.330257053000000411e+01
5.399021428500000042e+01
5.329312425400000564e+01
5.425178838800000136e+01
5.338525770300000062e+01
5.373717079100000404e+01
5.375865566400000262e+01
5.395919518500000578e+01
5.333847447500000527e+01
5.388685824900000654e+01
5.327955748600000163e+01
5.341280325200000334e+01
5.341355347100000017e+01
5.330180075600000578e+01
5.336080905900000459e+01
5.366545335800000061e+01
5.344298455600000608e+01
5.352754405600000354e+01
5.376369636000000440e+01
5.317258696500000070e+01
5.374438566200000622e+01
5.341687296500000315e+01
5.374775414400000528e+01
5.328652259700000116e+01
5.359923404600000651e+01
5.349251193700000329e+01
5.375853892200000672e+01
5.335115359000000268e+01
5.333349493000000052e+01
5.313987813700000373e+01
5.327472263800000007e+01
5.374512395800000064e+01
5.291859900200000055e+01
5.314517062500000577e+01
5.330865388100000501e+01
5.366891536100000337e+01
5.315708006100000205e+01
5.410558534300000133e+01
5.333293461700000648e+01
5.404359641700000338e+01
5.311857388000000668e+01
5.412725281600000216e+01
5.311280815200000660e+01
5.418400391800000193e+01
5.344997650700000236e+01
5.407535324300000212e+01
5.369927873800000384e+01
5.395357333700000169e+01
5.317964605600000283e+01
5.394812145900000644e+01
5.318530184800000171e+01
5.303370209400000590e+01
5.356341008800000481e+01
5.373338129000000407e+01
5.382688664000000500e+01
5.385284580100000085e+01
5.358343812700000086e+01
5.348950777600000350e+01
5.455902588300000389e+01
5.365675142200000636e+01
5.442164107300000353e+01
5.373142079700000551e+01
5.450432065100000045e+01
5.351845733700000096e+01
5.356096835499999997e+01
5.388799796200000003e+01
5.379554935400000204e+01
5.459937464500000459e+01
5.361179787300000044e+01
5.406598973300000210e+01
5.355336090500000523e+01
5.323917978300000442e+01
5.334837027900000095e+01
5.289615440300000415e+01
5.391865470700000174e+01
5.366453786200000309e+01
5.385132066800000672e+01
5.339817037900000685e+01
5.395335950000000480e+01
5.374011702300000337e+01
5.335383867400000213e+01
5.429958060900000305e+01
5.387698131200000518e+01
5.372508246200000315e+01
5.383676917800000439e+01
5.469261867400000199e+01
5.387743314000000083e+01
5.443218089000000504e+01
5.393859444300000661e+01
5.355854616500000276e+01
5.390011861600000032e+01
5.408588573000000110e+01
5.369396376100000623e+01
5.394503400300000351e+01
5.302384766900000557e+01
5.352513304900000435e+01
5.397952937900000592e+01
5.331095696500000258e+01
5.421516792200000623e+01
5.366064266200000077e+01
5.424509264699999989e+01
5.372651135400000300e+01
5.434896205700000138e+01
5.342558099400000060e+01
5.399149973700000515e+01
5.335735467200000670e+01
5.381095573500000029e+01
5.337561353700000666e+01
5.404671236800000145e+01
5.308316739200000001e+01
5.394024751400000639e+01
5.340307963300000438e+01
5.365033725500000372e+01
5.327802471300000065e+01
5.379961734800000528e+01
5.338422199000000035e+01
5.428996952700000378e+01
5.354045856500000156e+01
5.416233893600000471e+01
5.384275471000000124e+01
5.360023309299999994e+01
5.361646260800000618e+01
5.326792657500000416e+01
5.341571285600000607e+01
5.310353669100000218e+01
5.352238473500000282e+01
5.379873717500000652e+01
5.342667199800000333e+01
5.326577482400000463e+01
5.389753994600000198e+01
5.371919411200000383e+01
5.368912578500000166e+01
5.353755876600000363e+01
5.381302859000000183e+01
5.357686212800000192e+01
5.401532735700000387e+01
5.323109648400000538e+01
5.419465172200000325e+01
5.394283428399999991e+01
5.375734108600000383e+01
5.320394503300000366e+01
5.428038965100000013e+01
5.342450612400000409e+01
5.302766602500000204e+01
5.373578095700000290e+01
5.350983858700000440e+01
5.315260449500000561e+01
5.286251301700000482e+01
5.317144464900000145e+01
5.326585404400000101e+01
5.323396915100000371e+01
5.349011224700000611e+01
5.312412180200000478e+01
5.297845078200000302e+01
5.351511406600000242e+01
5.299011724300000026e+01
5.298830919600000300e+01
5.313910715000000096e+01
5.285077378500000123e+01
5.269768424800000162e+01
5.271286948700000607e+01
5.258339407200000437e+01
5.276267438700000412e+01
5.293136729100000082e+01
5.301526512900000654e+01
5.304364493200000652e+01
5.306197605500000236e+01
5.280248943000000139e+01
5.284396443400000010e+01
5.303640630700000003e+01
5.318209207200000321e+01
5.321003344400000401e+01
5.311348542400000383e+01
5.279428237000000479e+01
5.317828160300000206e+01
5.346153879300000256e+01
5.339053551300000322e+01
5.316051383500000327e+01
5.357514213900000044e+01
5.295322236000000515e+01
5.307960737100000159e+01
5.296859388100000388e+01
5.298998617900000596e+01
5.274219079600000271e+01
5.287350922800000319e+01
5.284334312800000077e+01
5.285106534100000175e+01
5.306782050800000405e+01
5.305347793100000331e+01
5.308896288900000116e+01
5.311703294200000158e+01
5.282159132100000676e+01
5.315044795200000038e+01
5.274391194700000085e+01
5.284872483500000584e+01
5.281492930000000285e+01
5.318093171400000330e+01
5.304463846200000177e+01
5.284996538600000093e+01
5.304526741600000150e+01
5.285052065800000065e+01
5.276613684000000148e+01
5.324965304500000229e+01
5.319577014000000048e+01
5.290259536599999990e+01
5.301755588200000346e+01
5.284906416700000165e+01
5.307115545200000639e+01
5.304449511000000683e+01
5.312988613100000634e+01
5.290931036400000664e+01
5.312701735200000286e+01
5.338026773400000025e+01
5.314839152100000064e+01
5.273277468000000567e+01
5.329116177600000270e+01
5.254092893199999992e+01
5.290791297000000526e+01
5.306314693400000237e+01
5.310470602800000250e+01
5.301527514400000030e+01
5.284784974200000107e+01
5.253437220400000029e+01
5.311133412400000253e+01
5.292773956999999996e+01
5.274700419800000617e+01
5.267300493700000175e+01
5.246229152200000101e+01
5.278241677300000134e+01
5.266676273600000258e+01
5.270803970200000066e+01
5.285895055400000331e+01
5.321998101500000189e+01
5.329581075400000145e+01
5.297350444900000355e+01
5.295262666500000392e+01
5.285498522400000354e+01
5.246035692600000289e+01
5.253664275900000291e+01
5.285097362800000553e+01
5.296350833200000352e+01
5.294327655800000088e+01
5.280503048100000285e+01
5.241446962200000570e+01
5.243863621600000613e+01
5.266304804600000011e+01
5.299206182400000387e+01
5.275070681900000125e+01
5.269034474600000095e+01
5.260013420000000650e+01
5.285899165100000374e+01
5.287295761400000060e+01
5.257308424000000002e+01
5.276984366599999987e+01
5.333838981300000626e+01
5.274233601600000299e+01
5.256908992800000391e+01
5.279007186100000126e+01
5.283051307300000587e+01
5.263375733400000200e+01
5.267398602700000509e+01
5.292671519200000319e+01
5.290051836500000348e+01
5.272137938300000570e+01
5.247043133200000398e+01
5.278392054300000069e+01
5.298295594400000397e+01
5.274761049900000387e+01
5.272577284300000144e+01
5.285337999400000086e+01
5.273596739000000611e+01
5.246476050100000066e+01
5.244251295500000509e+01
5.290939598900000362e+01
5.285930594400000615e+01
5.265482175200000370e+01
5.253451693000000233e+01
5.292706095500000174e+01
5.295476122000000174e+01
5.292974035600000349e+01
5.318999129000000181e+01
5.277839520900000281e+01
5.300179135300000155e+01
5.301650911200000138e+01
5.309398218300000138e+01
5.315708810400000317e+01
5.244555448200000569e+01
5.288367109500000396e+01
5.246585838500000420e+01
5.238129625800000611e+01
5.216185820000000462e+01
5.213850387100000461e+01
5.220174773400000134e+01
5.261722041700000574e+01
5.257775207900000680e+01
5.263579576500000456e+01
5.246722859500000169e+01
5.250322993400000371e+01
5.199149739200000653e+01
5.246187806500000050e+01
5.174382000500000345e+01
5.197669543399999981e+01
5.235385859400000186e+01
5.218718158000000074e+01
5.197337709199999978e+01
5.209459572100000457e+01
5.212679932900000068e+01
5.210710122400000444e+01
5.208176909400000199e+01
5.192482265699999999e+01
5.220674616400000190e+01
5.238732162000000159e+01
5.224408416200000005e+01
5.226684548500000460e+01
5.229878319200000192e+01
5.221078860400000110e+01
5.239504096100000652e+01
5.227085083600000104e+01
5.221575306600000488e+01
5.244154461100000475e+01
5.228192117800000460e+01
5.241650392700000083e+01
5.264567208000000420e+01
5.242604345300000546e+01
5.247571627500000346e+01
5.237561980600000311e+01
5.233579706300000112e+01
5.239636551800000319e+01
5.244266722300000083e+01
5.226875533500000159e+01
5.270322486700000297e+01
5.215908254300000380e+01
5.217300668000000030e+01
5.258006014000000050e+01
5.259210133000000553e+01
5.202746402700000061e+01
5.212946617400000093e+01
5.244846688100000165e+01
5.241838481000000627e+01
5.300307786400000509e+01
5.262611703100000682e+01
5.246058489600000030e+01
5.261085118400000482e+01
5.245833473500000110e+01
5.279750627100000315e+01
5.245928828800000332e+01
5.259473058000000378e+01
5.254538076200000063e+01
5.231465783800000224e+01
5.238276220700000607e+01
5.269604389600000616e+01
5.261469840400000209e+01
5.253155258800000382e+01
5.288629600700000566e+01
5.207721471600000029e+01
4.427038790699999993e+01
3.076117140600000255e+01
3.073759989800000270e+01
3.082918981000000258e+01
3.067402113400000019e+01
3.119166937000000317e+01
3.052733633400000102e+01
3.187108412200000274e+01
3.165400912600000183e+01
4.298808224100000075e+01
5.275310156600000511e+01
5.346143483900000604e+01
5.324758190400000046e+01
5.405756629000000402e+01
5.295639215100000285e+01
5.367648674500000539e+01
5.321456347500000561e+01
5.387274799800000125e+01
5.339221488600000498e+01
5.358407295399999981e+01
5.341754206600000288e+01
5.362175205100000142e+01
5.364196469900000608e+01
5.382880081900000135e+01
5.358954134600000430e+01
5.368377693000000050e+01
5.331072394300000639e+01
5.337044914700000220e+01
5.331287099800000107e+01
5.370003389000000027e+01
5.299955349000000382e+01
5.339939920600000534e+01
5.298518025799999975e+01
5.332181797000000500e+01
5.290674463300000241e+01
5.365443136100000032e+01
5.251361912900000561e+01
5.389453935200000245e+01
5.320983965100000290e+01
4.018055252599999960e+01
3.136088937000000243e+01
3.145948899000000054e+01
3.152468804800000157e+01
3.133567582700000287e+01
3.186477812700000101e+01
3.166298164200000187e+01
3.159774001800000320e+01
3.143360071800000100e+01
3.183659240300000093e+01
3.180737852300000057e+01
3.163501514300000039e+01
3.141551086800000192e+01
3.161848305000000181e+01
3.140510230700000349e+01
3.154332301500000213e+01
3.068683643600000366e+01
3.091463229700000070e+01
3.067635381300000219e+01
3.065969415900000072e+01
3.092120483300000089e+01
3.166005983700000215e+01
3.108958962400000203e+01
3.095158990400000221e+01
3.114478869700000274e+01
3.188752253200000197e+01
3.216592588000000319e+01
3.167674520400000304e+01
3.167424474100000253e+01
3.233151862600000470e+01
3.299472003900000061e+01
3.189507656600000374e+01
3.168110160200000180e+01
3.179322617400000084e+01
3.135105481400000116e+01
3.188334335000000053e+01
5.022847017400000169e+01
5.058409800800000511e+01
5.045807704999999999e+01
5.024312434200000155e+01
5.259214779800000628e+01
5.252384946900000529e+01
5.240759004300000612e+01
5.250529805000000039e+01
5.217874663900000343e+01
5.203058549700000412e+01
5.224793882500000564e+01
5.237079675500000064e+01
5.266275110800000192e+01
5.252262270100000308e+01
5.261843235999999990e+01
5.256269975100000380e+01
5.211106894000000267e+01
5.258555923900000550e+01
5.236347825600000050e+01
5.238779957200000581e+01
5.243089165500000348e+01
5.225581594900000226e+01
5.241371791800000324e+01
5.259901441000000233e+01
5.260261324000000371e+01
5.223999314800000349e+01
5.241717104900000379e+01
5.218789270000000613e+01
5.210500914700000408e+01
5.247352389000000272e+01
5.242725837600000460e+01
5.268344348500000507e+01
5.232737069400000252e+01
5.224290767500000499e+01
5.239000743600000476e+01
5.255451812700000147e+01
5.249076910100000504e+01
5.254649556800000454e+01
5.262669041700000605e+01
5.255831249300000252e+01
5.253380708899999973e+01
5.237008190500000637e+01
5.218207682300000272e+01
5.246125113400000117e+01
5.214725663000000111e+01
5.262197803900000537e+01
5.244184973400000160e+01
5.290615146100000032e+01
5.290358730000000520e+01
5.234450420900000012e+01
5.256525841800000620e+01
5.245858680300000287e+01
5.258755713800000109e+01
5.246229381000000558e+01
5.266571052800000530e+01
5.241871149700000387e+01
5.249844282500000503e+01
5.257278899900000368e+01
5.235859293400000070e+01
5.229743846300000598e+01
5.224271350800000135e+01
5.261862054100000563e+01
5.253674978600000145e+01
5.251206826399999983e+01
5.218992328200000230e+01
5.285500356300000391e+01
5.255425815300000636e+01
5.233919178200000033e+01
5.237195131600000053e+01
5.231829331000000138e+01
5.253071727700000082e+01
5.249407901600000059e+01
5.247521713500000118e+01
5.208878843200000119e+01
5.261118915900000559e+01
5.263945519300000342e+01
5.290931211900000619e+01
5.244105597700000487e+01
5.255451444300000219e+01
5.272731894500000038e+01
5.288378421400000207e+01
5.294669659000000195e+01
5.288276852600000666e+01
5.276385267000000567e+01
5.269786844100000422e+01
5.262580232500000221e+01
5.264276699800000614e+01
5.279749257300000664e+01
5.214702886300000273e+01
5.213277584700000489e+01
5.219910519500000134e+01
5.256315046600000329e+01
5.282423073300000027e+01
5.261929453400000511e+01
5.248487410999999980e+01
5.277158228700000109e+01
5.276486698600000125e+01
5.263632241200000550e+01
5.229630064300000214e+01
5.253720606300000640e+01
5.273009580000000085e+01
5.273954427299999992e+01
5.275540183100000036e+01
5.268984861100000217e+01
5.246994801800000374e+01
5.284744383700000014e+01
5.275570060400000472e+01
5.239821273700000148e+01
5.222983591100000211e+01
5.269589263300000681e+01
5.305109454100000477e+01
5.270251580300000427e+01
5.280598480900000169e+01
5.270571587700000293e+01
5.289826318300000452e+01
5.282271051700000442e+01
4.089125047099999932e+01
3.161826158000000220e+01
3.167827230600000021e+01
3.192855665900000162e+01
3.189132216600000191e+01
3.091220297200000289e+01
3.077537943800000164e+01
3.076258786800000067e+01
3.038442686400000170e+01
3.051800136800000018e+01
3.143040626200000176e+01
3.153273334400000039e+01
3.081123016400000125e+01
3.088117770900000281e+01
3.074422302000000329e+01
3.069706357700000154e+01
3.094449331600000264e+01
4.168737327899999912e+01
5.199174615900000163e+01
5.138326440800000228e+01
5.166135027600000029e+01
5.113260129300000045e+01
5.137523091100000272e+01
5.050137490200000201e+01
5.053395229600000249e+01
5.024059549400000435e+01
5.031242539600000185e+01
4.964241272299999963e+01
4.971154092500000132e+01
5.002753938500000430e+01
4.982052016100000458e+01
5.077344822000000590e+01
5.048956018000000512e+01
4.991024771800000082e+01
5.017049068500000431e+01
5.067946679599999982e+01
5.082581799600000494e+01
5.058009056800000280e+01
5.064657175500000363e+01
5.052727051500000499e+01
5.081232353800000112e+01
5.010325370900000053e+01
5.089604959600000456e+01
5.056989339000000427e+01
5.067150888800000530e+01
5.024659116800000191e+01
5.085063621200000483e+01
5.007678684900000121e+01
4.998127979400000243e+01
5.065813391700000068e+01
5.008116477500000485e+01
5.015225585600000358e+01
5.033828551200000589e+01
5.026840162300000259e+01
5.018473152199999987e+01
5.052648757100000410e+01
5.046488357100000144e+01
5.052182757300000304e+01
5.014978062500000533e+01
5.067973433800000294e+01
5.026388946800000213e+01
5.027271921000000532e+01
5.045761168800000007e+01
5.046672034600000245e+01
5.096458434500000578e+01
5.044770566200000417e+01
5.036123418700000087e+01
5.033189713600000204e+01
5.026287971200000015e+01
5.030126755900000290e+01
5.074268473600000107e+01
5.049553277600000456e+01
5.028253070100000599e+01
4.992150887200000398e+01
5.019345349000000311e+01
5.044884220400000174e+01
5.064570004100000489e+01
5.063689206400000131e+01
5.042905463700000013e+01
5.074135114000000613e+01
5.056873339300000225e+01
5.009338170800000256e+01
5.020482787800000324e+01
5.019013416000000660e+01
5.029640167100000525e+01
5.043009090500000013e+01
5.024955372700000567e+01
5.021710697400000356e+01
5.053080488100000167e+01
5.064382354399999997e+01
5.048365030600000125e+01
5.059925863800000201e+01
5.065687696400000561e+01
5.028463637500000516e+01
5.034915143799999981e+01
5.074387854100000084e+01
5.109560769100000499e+01
5.037431315000000609e+01
5.015585255400000619e+01
5.009454909700000513e+01
5.037156331700000322e+01
5.050506770200000517e+01
5.007220689900000110e+01
5.021542254800000649e+01
5.014843336300000232e+01
5.022098023400000244e+01
5.041192364700000184e+01
5.045302149800000535e+01
5.015985829400000284e+01
5.084872450499999985e+01
5.051929507100000194e+01
5.033701245099999966e+01
5.035190172300000455e+01
5.023003365900000006e+01
5.045650303100000400e+01
5.044732765300000210e+01
5.098203003000000422e+01
5.040977942700000369e+01
5.039560045800000410e+01
5.043879187200000302e+01
5.060522142399999979e+01
5.053145275800000036e+01
5.094547224100000449e+01
5.068843744900000559e+01
5.144383055800000193e+01
5.008637237000000653e+01
5.102446196700000058e+01
5.052279420700000401e+01
5.122085594500000383e+01
5.092542669800000255e+01
4.463135142900000574e+01
4.855859399200000581e+01
5.262521926900000580e+01
5.242763509100000618e+01
5.311986629300000118e+01
5.261223743400000075e+01
5.271779655600000325e+01
3.192532016600000233e+01
3.130247523200000259e+01
3.167056706900000052e+01
3.178787133100000162e+01
3.183043250900000132e+01
3.159623606000000251e+01
3.081107881700000206e+01
3.062521476400000253e+01
3.111009086600000018e+01
3.079279364800000351e+01
3.099271186600000050e+01
3.070114791900000029e+01
3.111191229800000357e+01
3.086082297700000154e+01
3.077487892100000266e+01
3.092366395700000226e+01
3.088052740400000218e+01
3.086993880800000056e+01
3.086432961300000244e+01
3.080580087500000275e+01
3.104361470100000275e+01
3.065059176100000116e+01
3.088232029900000342e+01
3.069588182600000081e+01
3.086720365700000102e+01
3.177279143900000236e+01
3.195034031700000199e+01
3.197834278500000238e+01
3.173859014800000367e+01
3.165674692500000020e+01
3.145025377200000349e+01
3.170075890000000030e+01
3.206535912200000382e+01
3.175660734200000235e+01
3.204477064200000314e+01
3.195167264000000173e+01
3.093258625300000020e+01
3.096683264700000038e+01
3.057383073500000137e+01
3.092749157100000090e+01
3.070986122100000060e+01
3.114371696100000264e+01
3.074365228000000272e+01
3.078078509200000212e+01
3.088646737500000228e+01
3.156029583600000166e+01
3.055298480200000100e+01
3.073290802500000041e+01
3.103674184200000141e+01
3.178694101500000357e+01
3.185689070500000142e+01
3.227698227400000519e+01
3.197581473800000040e+01
3.191421139100000204e+01
3.185729801900000169e+01
3.085619219600000207e+01
3.083191996700000104e+01
3.047212342900000337e+01
3.073373292000000134e+01
3.056216495600000016e+01
3.071026282500000093e+01
3.051895964200000222e+01
3.053114179800000016e+01
3.052686888900000284e+01
3.075595044000000300e+01
3.066649195400000139e+01
3.081707948200000047e+01
3.133723931500000148e+01
3.081579427400000171e+01
3.051814765200000323e+01
3.087459902700000214e+01
3.164061153800000170e+01
4.717045763800000202e+01
3.644628266500000535e+01
3.025126448400000356e+01
3.053046556000000322e+01
3.147208117600000321e+01
4.926319740600000330e+01
5.313590993000000395e+01
5.264421262500000154e+01
5.351457134300000007e+01
5.312724756500000467e+01
5.253777437000000106e+01
4.264522736100000344e+01
3.599876457900000304e+01
3.035665169900000038e+01
3.043577182600000341e+01
3.054692571200000017e+01
3.062860545000000201e+01
3.068335339100000070e+01
3.127927101900000295e+01
3.146909920000000227e+01
3.144775619300000358e+01
3.145702639800000355e+01
3.143503336600000253e+01
3.349973750499999881e+01
5.153453805500000584e+01
5.224775753100000486e+01
5.210937297300000637e+01
5.173354908200000324e+01
5.190863697700000046e+01
5.193179927100000270e+01
5.229831501200000332e+01
5.168488069900000426e+01
5.170212974200000389e+01
5.189760477900000524e+01
5.193812081700000505e+01
5.185785721600000642e+01
5.145870228500000110e+01
5.204713499400000387e+01
5.152877606200000571e+01
5.207827305700000409e+01
5.211096792600000072e+01
5.170597965400000362e+01
5.187847531200000617e+01
5.184167480600000033e+01
5.224720898800000413e+01
5.197120476799999977e+01
5.142991286300000553e+01
5.163030262700000605e+01
5.163510616700000355e+01
5.211324708300000452e+01
5.180895295500000231e+01
5.107554863000000012e+01
5.198903254900000093e+01
5.163067100399999987e+01
5.202892842500000370e+01
5.222320722600000664e+01
5.174117201700000379e+01
5.210831291300000601e+01
5.166696851500000065e+01
5.198223070200000251e+01
5.241591790300000042e+01
5.186509323000000649e+01
5.200334019699999999e+01
5.175765030000000166e+01
5.191489555700000125e+01
5.215728745000000544e+01
5.168830248900000157e+01
5.194773548400000607e+01
4.966499440000000476e+01
3.293430895699999894e+01
4.527270324600000606e+01
3.061441753900000151e+01
3.026334181600000051e+01
3.138802671600000238e+01
3.033258856300000161e+01
3.050962032700000037e+01
3.051787134400000312e+01
3.040543944400000242e+01
3.055049525400000121e+01
3.039100954500000284e+01
3.055562886000000233e+01
3.026542295600000188e+01
3.065719629400000201e+01
3.029309315800000135e+01
3.063147298200000179e+01
3.051887476600000326e+01
3.048516472200000038e+01
3.044461398500000016e+01
3.051799847700000257e+01
4.699057302000000647e+01
5.020890255200000496e+01
3.104088685400000358e+01
3.079337569800000196e+01
3.175034450000000064e+01
3.140530519600000048e+01
3.177068220400000342e+01
3.161470385500000191e+01
3.159387748100000337e+01
3.177440175600000316e+01
3.463170814700000477e+01
3.170579361000000063e+01
3.166993780600000363e+01
3.170157426700000158e+01
3.197474320000000247e+01
3.157205979900000159e+01
3.154220352300000130e+01
3.177515565200000225e+01
3.151649179100000353e+01
3.219157422100000332e+01
3.153163873400000128e+01
3.178297174000000069e+01
3.158633644600000068e+01
3.147551977400000212e+01
3.177846155500000336e+01
3.139047422600000203e+01
3.280084382600000481e+01
3.146568094000000215e+01
3.157826055500000351e+01
3.164709624500000373e+01
3.167980713100000045e+01
3.162168298800000343e+01
3.163463424200000063e+01
3.169071106400000204e+01
3.166190538800000098e+01
3.157924607000000350e+01
3.169090351700000241e+01
3.135398623400000062e+01
3.159997756000000280e+01
3.161532988100000097e+01
3.151252759000000125e+01
3.174901223900000247e+01
3.157179806700000313e+01
3.165579584600000373e+01
3.153314220700000092e+01
3.175593854600000299e+01
3.154066922100000170e+01
3.168585917400000085e+01
3.159671962100000187e+01
3.166121633000000202e+01
3.162075463900000116e+01
3.246298223200000166e+01
3.157530559000000281e+01
3.207268352700000236e+01
3.190433141500000147e+01
3.195368384500000047e+01
3.090220393200000260e+01
3.084822276700000288e+01
3.253677209399999981e+01
3.194747619700000030e+01
3.238997930500000422e+01
3.211682043300000089e+01
3.209851743800000179e+01
3.086079269500000066e+01
3.094475939400000186e+01
3.200604617500000160e+01
3.197135674900000168e+01
3.182300632500000148e+01
3.217021748200000530e+01
3.209194523600000082e+01
3.194022164800000141e+01
3.202241410399999921e+01
3.195947568600000110e+01
3.837504176800000266e+01
5.103143681700000656e+01
5.098022665300000256e+01
5.140792097700000340e+01
5.110896290000000164e+01
5.163774062300000622e+01
5.085032822000000152e+01
5.159100562000000423e+01
5.058465434800000082e+01
5.118088859400000246e+01
5.122928762400000124e+01
5.123894474300000468e+01
5.078119402800000159e+01
5.091876903300000379e+01
5.133025634700000239e+01
5.079617477800000103e+01
4.870003624800000352e+01
3.098511302100000364e+01
3.104847574100000074e+01
3.106691526100000189e+01
3.332865810100000203e+01
5.062828239100000616e+01
5.137367501100000311e+01
5.100867873400000008e+01
5.052125178300000385e+01
5.128347950200000582e+01
5.080396033200000261e+01
5.094951774700000158e+01
5.078726203600000133e+01
5.148768159700000524e+01
5.098227087500000465e+01
5.085554725100000439e+01
5.128045048600000655e+01
5.036745839100000666e+01
5.130800855300000052e+01
5.054434960100000040e+01
5.119939647000000349e+01
5.049861646600000142e+01
5.109804597100000478e+01
5.059303610300000287e+01
5.127250436100000286e+01
5.021626938500000392e+01
3.843430369500000410e+01
3.076146320800000211e+01
3.076539065200000067e+01
3.074951254600000183e+01
3.079259218700000034e+01
3.087303575700000025e+01
3.180225593400000150e+01
3.186658943900000196e+01
3.084568501000000040e+01
3.080749002000000303e+01
3.085107828600000346e+01
3.072052554100000066e+01
3.075050845300000191e+01
3.083894407500000057e+01
3.081248368900000045e+01
3.082591165100000197e+01
3.100216075800000226e+01
3.077050520200000250e+01
3.080625023400000018e+01
3.093453478100000353e+01
3.088438336100000114e+01
3.096171384400000193e+01
3.083833264800000151e+01
3.087990150100000264e+01
4.013947701400000057e+01
5.112718988000000309e+01
5.179336347000000274e+01
5.105603606000000383e+01
5.145808888000000536e+01
5.105330956000000242e+01
5.154848394900000130e+01
5.114220200600000510e+01
5.197971944200000394e+01
5.138591211800000025e+01
5.172187744400000042e+01
5.097548983600000128e+01
5.123187697300000565e+01
5.117316497300000577e+01
5.111370958800000608e+01
5.181036344600000376e+01
5.186445268100000305e+01
5.164573932300000081e+01
5.106120598400000432e+01
5.210485356400000256e+01
5.105395618500000410e+01
5.220495170200000246e+01
5.075430521600000588e+01
5.163357343100000207e+01
5.210287113700000106e+01
5.193643661400000155e+01
5.137698599400000177e+01
5.042002395400000125e+01
5.126730199300000379e+01
5.097070552100000640e+01
5.160944708000000247e+01
5.169862035700000291e+01
5.187753012000000297e+01
5.170087275100000568e+01
5.184611153800000238e+01
5.099832882500000153e+01
5.156937443300000012e+01
5.096005248700000578e+01
5.105299198200000177e+01
5.106341505600000374e+01
5.069115441300000668e+01
5.140701381100000589e+01
5.142364444400000423e+01
5.105237403100000648e+01
5.129573194500000000e+01
5.186828564200000358e+01
5.110938359700000433e+01
5.128216080300000357e+01
5.043306735900000604e+01
5.099858541200000417e+01
5.106236001100000266e+01
5.140777408000000293e+01
5.236283538100000357e+01
4.361287086500000498e+01
3.451415261900000075e+01
5.385964404500000313e+01
5.168575238400000416e+01
5.041954711200000361e+01
5.078308350600000409e+01
5.056659376400000383e+01
5.121141688700000572e+01
5.082842036699999966e+01
5.057445284000000640e+01
5.101608290800000134e+01
5.045274550999999974e+01
5.062016071200000056e+01
5.113869263500000528e+01
5.009252551300000533e+01
5.039339621600000640e+01
5.015063052200000016e+01
5.015865428700000450e+01
5.104011767500000474e+01
5.042036645200000322e+01
5.060548340800000489e+01
5.046667922700000020e+01
4.982764451100000258e+01
5.068472108000000276e+01
5.088193601200000415e+01
5.028637884300000138e+01
5.051588102500000588e+01
5.122704170400000123e+01
5.092854079800000022e+01
5.054776368800000341e+01
5.083233817300000368e+01
5.083297596999999968e+01
5.084248155300000604e+01
5.067300457200000352e+01
5.100721700300000094e+01
5.062986118900000321e+01
5.083392470600000479e+01
5.055465453900000483e+01
5.055580012500000464e+01
5.001519911900000182e+01
5.032612146099999961e+01
5.088257836500000053e+01
5.067415166800000037e+01
5.070088231700000136e+01
5.018012103400000257e+01
5.104045011200000204e+01
3.076930858100000066e+01
3.076301435600000289e+01
3.075368659800000160e+01
3.131468167800000302e+01
4.264209860300000088e+01
5.089013110800000561e+01
5.080454380400000503e+01
5.068131437699999964e+01
5.111777555500000148e+01
4.826028125800000623e+01
3.182246162000000211e+01
3.328925590300000437e+01
3.198925818400000054e+01
3.073197253300000042e+01
3.086121238400000166e+01
3.089414380500000235e+01
3.105892943800000339e+01
3.085282659400000327e+01
3.086307289100000162e+01
3.122971950200000180e+01
3.084887695000000107e+01
3.078008762200000348e+01
3.067078893900000125e+01
3.150916712700000133e+01
3.150472298500000079e+01
3.178114073600000111e+01
3.161472342200000085e+01
3.189989278000000184e+01
3.152720414100000212e+01
3.159540903800000322e+01
3.157318901600000061e+01
3.153653502600000280e+01
3.168662630400000069e+01
3.165937231200000213e+01
3.165570761000000033e+01
3.173770638400000266e+01
3.565619880199999869e+01
3.221344284700000316e+01
3.158417597300000068e+01
3.177408683200000183e+01
3.179998205200000072e+01
3.180448872000000193e+01
3.176019058500000369e+01
3.134350380300000083e+01
3.149504934200000150e+01
3.174341797400000331e+01
3.097435598600000262e+01
3.069079095900000098e+01
3.167784824600000348e+01
3.177145004100000136e+01
3.184460322100000340e+01
3.199248631200000048e+01
3.332913985400000456e+01
3.183795140300000170e+01
3.167397279600000104e+01
3.154076092600000081e+01
3.163274205000000094e+01
3.164307581200000286e+01
3.155571929700000311e+01
3.179608434100000025e+01
3.180652439800000053e+01
3.306880917600000203e+01
3.208386532500000499e+01
3.364762566800000343e+01
3.174958823800000118e+01
3.166222690100000037e+01
3.175933224600000315e+01
3.186871632800000143e+01
3.172416048800000254e+01
3.178179189500000135e+01
3.189325278400000130e+01
3.179159014500000069e+01
3.150706764800000315e+01
3.176980898900000128e+01
3.189206256800000361e+01
3.178749837200000172e+01
3.154572005900000065e+01
3.246910679999999871e+01
3.211531771100000299e+01
3.076920030300000164e+01
3.101112858100000125e+01
3.086585262800000251e+01
3.091457360100000074e+01
3.111937064900000038e+01
3.145953222700000040e+01
3.153135948800000321e+01
3.350033764600000552e+01
3.506799486700000301e+01
3.182291149100000283e+01
3.165085724500000097e+01
3.185872956900000119e+01
3.294336700600000256e+01
3.200965485200000415e+01
3.198432942600000217e+01
3.190203460500000077e+01
3.173763099700000367e+01
3.285771183900000381e+01
3.173016903300000280e+01
3.176188829700000227e+01
3.178652369000000277e+01
3.080336150200000134e+01
3.071935183200000097e+01
3.388719863200000049e+01
3.227803420000000045e+01
3.065739341000000096e+01
3.071103250800000239e+01
3.084988440200000070e+01
3.077139580100000060e+01
3.181484426400000132e+01
3.176209956200000306e+01
3.191198239600000264e+01
3.182106736000000069e+01
3.157107043400000279e+01
3.171826788100000272e+01
3.178184098200000207e+01
3.181297773900000081e+01
3.076282032700000357e+01
3.075102679700000152e+01
3.079613440100000332e+01
3.068654298100000233e+01
3.198262702100000254e+01
3.119455236900000017e+01
3.087400545500000248e+01
3.084048801900000214e+01
3.192827988500000203e+01
3.207322342200000520e+01
3.199098219800000109e+01
3.187642543100000125e+01
3.241434040300000419e+01
3.216159659299999873e+01
3.200632818000000412e+01
3.202939335300000323e+01
3.197379663400000283e+01
3.079434789200000111e+01
3.073183610900000318e+01
3.103857645400000109e+01
3.079213674500000053e+01
3.152901685200000159e+01
3.113288887500000257e+01
3.465453560699999969e+01
3.066663338000000039e+01
3.062451312300000339e+01
3.069608051000000160e+01
3.085542751400000228e+01
3.084488993400000112e+01
3.075939333800000242e+01
3.076437136300000219e+01
3.088929564200000044e+01
3.148708750000000123e+01
3.079824703800000307e+01
3.062516376700000365e+01
3.068373358200000212e+01
3.065488644800000273e+01
3.066968049100000115e+01
3.166391976200000258e+01
3.062636685700000072e+01
3.115672480400000310e+01
3.262202889600000333e+01
3.078348522700000345e+01
3.185418542900000105e+01
3.182719689400000362e+01
3.184359735600000363e+01
3.173349815200000279e+01
3.180732508800000247e+01
3.173082269300000036e+01
4.401855733900000445e+01
3.198957703600000357e+01
3.068497734600000015e+01
3.065321200400000023e+01
3.074798477200000235e+01
3.067574312100000355e+01
3.075330262200000320e+01
3.082903797000000168e+01
3.107825643700000029e+01
3.137292852700000267e+01
3.196779768300000057e+01
3.269106964600000254e+01
4.350782935300000531e+01
3.177299624300000147e+01
3.250765281400000362e+01
3.195630669800000234e+01
3.187067667800000237e+01
3.187497711000000322e+01
3.198133022200000042e+01
3.195632584500000206e+01
3.200280714800000226e+01
3.176012661200000053e+01
3.194437793700000228e+01
3.470699935600000430e+01
3.105554708500000061e+01
3.086550180200000071e+01
3.180748184500000164e+01
3.188593101800000085e+01
3.188639188800000213e+01
3.187727148600000149e+01
3.180646848500000345e+01
3.299871571399999937e+01
3.220133453200000417e+01
3.615934547400000554e+01
3.087704405500000249e+01
3.066164851100000277e+01
3.085275883600000313e+01
3.075845773900000069e+01
3.067457169400000083e+01
3.194573488900000058e+01
3.077863454600000281e+01
3.285793138400000402e+01
3.062683048500000282e+01
3.066097843200000028e+01
3.064063408500000207e+01
3.062805689200000359e+01
3.070193121400000180e+01
3.069700441800000235e+01
3.092236962800000200e+01
3.067993459800000267e+01
3.288171317100000124e+01
4.023679453400000483e+01
4.665265139100000624e+01
3.077014196900000087e+01
3.081318965400000209e+01
3.058722017400000226e+01
3.086924288500000202e+01
3.093988375200000362e+01
3.095506606500000046e+01
3.197474798000000362e+01
3.198706483200000150e+01
3.203343568600000424e+01
3.208431454700000529e+01
3.223411760100000123e+01
3.991548810100000111e+01
3.635870188700000227e+01
3.171496336100000235e+01
3.176737120600000353e+01
3.176194938100000087e+01
3.172123102700000175e+01
3.193113566800000314e+01
3.191465279300000191e+01
3.266512147899999974e+01
3.210219796200000530e+01
3.396441648300000082e+01
3.194296860800000104e+01
3.057807512100000125e+01
3.076099650100000105e+01
3.064232522700000061e+01
3.065563667200000353e+01
3.070090636900000192e+01
3.219098736400000149e+01
3.174331900200000334e+01
3.138212664900000348e+01
3.094601155300000173e+01
3.076583723700000306e+01
3.073402256300000346e+01
3.070722297700000070e+01
3.080593661800000049e+01
3.246361623199999968e+01
3.059067841900000317e+01
3.075792848600000085e+01
3.173102560000000238e+01
3.142331980700000216e+01
3.129385541000000259e+01
3.186615633500000300e+01
3.166412696700000140e+01
3.166086594500000118e+01
3.200427182399999992e+01
3.145392704600000044e+01
3.168401930000000277e+01
3.163363687500000054e+01
3.174869498200000351e+01
3.188384098000000222e+01
3.166714291600000308e+01
3.158304380700000280e+01
3.172933098800000096e+01
3.194944346100000132e+01
3.183166125400000368e+01
3.302586436600000042e+01
3.172268437500000360e+01
3.164965016200000036e+01
3.166214175700000055e+01
3.170658092300000064e+01
3.173168988800000179e+01
3.156330289900000352e+01
3.147701807000000329e+01
3.478302710100000184e+01
3.148414153600000276e+01
3.066720092700000322e+01
3.064416277500000163e+01
3.077210201700000169e+01
3.049280456100000336e+01
3.046353080900000165e+01
3.079402231000000256e+01
3.745949416000000554e+01
4.368884695300000232e+01
3.031702664000000169e+01
3.341334573099999972e+01
3.042358272400000274e+01
3.065117409100000145e+01
3.058339678300000131e+01
3.072254571400000245e+01
3.094280462200000059e+01
3.117170939700000076e+01
3.091363535900000059e+01
3.175641733300000169e+01
3.172925081600000041e+01
3.173393392700000248e+01
3.171765706500000093e+01
3.095391148200000231e+01
3.115861563800000056e+01
3.065042901500000028e+01
3.064149112100000139e+01
3.066221949500000221e+01
3.068088098800000196e+01
3.091993089800000050e+01
5.155915345800000438e+01
5.352492696000000194e+01
5.340554449200000420e+01
5.434372116900000549e+01
5.350284958000000302e+01
5.377376394500000600e+01
5.332376213100000228e+01
5.400833319500000584e+01
5.387811292200000679e+01
5.317344600100000207e+01
5.408432232900000258e+01
5.273061335500000268e+01
5.371923144600000199e+01
5.365810936800000519e+01
5.319001894900000593e+01
5.368667780100000186e+01
5.276695530100000298e+01
5.377722443000000396e+01
5.359893476700000292e+01
5.352506996900000047e+01
5.322849545100000057e+01
5.323941683200000341e+01
5.407400383500000629e+01
5.304291000200000639e+01
5.392048772400000445e+01
5.363089595000000287e+01
5.300510993299999996e+01
5.362266209600000622e+01
5.300445914400000191e+01
5.384903570600000222e+01
5.340189540500000476e+01
5.323765275500000627e+01
5.331161305600000588e+01
5.292050859100000082e+01
5.399434294000000278e+01
5.309389240300000523e+01
3.165878461800000210e+01
3.147683296800000363e+01
3.138727817000000186e+01
3.160564776000000364e+01
3.161301742300000228e+01
3.157885843300000062e+01
3.059779542800000129e+01
3.036187888700000315e+01
3.111131011800000223e+01
3.116734805700000166e+01
3.108830562600000036e+01
3.044090366700000061e+01
3.148415236500000347e+01
3.138877933100000206e+01
3.144328311500000339e+01
3.056395105400000034e+01
4.913908649700000097e+01
5.193056277000000165e+01
5.164292105100000185e+01
5.078646664600000094e+01
5.181398080299999975e+01
5.100794347800000139e+01
5.191731920900000574e+01
5.134711828000000367e+01
5.229212645100000145e+01
5.137937424800000485e+01
5.148226068299999980e+01
5.152190799800000320e+01
5.164796702400000328e+01
5.127800715700000467e+01
5.209321547000000407e+01
5.255720473300000606e+01
5.145463182100000665e+01
5.222940453500000046e+01
5.127892679800000053e+01
5.213892673800000210e+01
5.131435564800000293e+01
5.249216227300000526e+01
5.116075506000000672e+01
5.241058219100000315e+01
5.225245333500000555e+01
5.171093917500000003e+01
5.160773312999999973e+01
5.129889612400000232e+01
5.073324489400000203e+01
5.157210816900000339e+01
5.134592712999999975e+01
5.166659931800000294e+01
5.128304758000000163e+01
5.193372276200000215e+01
3.695054349400000149e+01
4.066663255400000310e+01
5.275281803600000075e+01
3.580408542199999999e+01
3.126605086100000364e+01
3.173133488200000230e+01
3.071256148700000210e+01
3.053317540100000116e+01
3.056480027800000343e+01
3.762813869600000061e+01
5.128787565400000403e+01
5.097433098500000170e+01
5.076575436200000269e+01
5.079921213300000460e+01
5.117148196600000176e+01
5.126457423700000504e+01
5.131483779300000236e+01
5.080725498099999982e+01
5.091266297600000001e+01
5.092892785300000469e+01
5.136879260799999969e+01
5.097701404000000025e+01
5.133854947100000032e+01
5.040655409500000417e+01
5.105072447700000282e+01
5.106059694700000051e+01
5.133398026200000430e+01
5.098937222200000008e+01
5.231626295800000293e+01
5.092513418400000091e+01
5.168898808300000525e+01
5.111472420200000499e+01
3.073005728900000122e+01
3.331082749100000484e+01
3.107937793100000334e+01
3.682302036200000117e+01
5.083438707600000583e+01
4.020357966899999980e+01
3.063316418500000182e+01
3.096809200600000267e+01
3.151322699300000352e+01
3.158148144100000110e+01
3.228284768600000376e+01
3.064049138300000052e+01
3.074826743600000256e+01
3.069720104900000024e+01
3.059226634600000239e+01
3.090576013800000155e+01
3.106196352900000335e+01
3.211102455200000350e+01
3.166957596900000027e+01
3.127159433700000335e+01
3.258795861000000116e+01
3.156729138900000109e+01
3.169263919900000204e+01
3.160394774600000289e+01
3.180369463100000260e+01
3.149583190800000310e+01
3.174314777800000087e+01
3.291176328200000256e+01
3.129912976900000032e+01
3.136697741300000075e+01
3.136458707900000320e+01
3.137468506900000165e+01
3.150270545100000064e+01
3.146389506500000266e+01
3.067250913900000242e+01
3.195648849200000186e+01
3.074848526700000306e+01
3.058711207200000359e+01
3.038933945000000136e+01
3.066744502500000280e+01
3.056420009500000035e+01
3.146650734000000327e+01
3.047574280300000282e+01
3.070584239900000156e+01
3.137818986400000298e+01
3.143355339700000073e+01
3.158160347700000159e+01
3.132844121300000140e+01
3.140658456600000292e+01
3.136875185700000301e+01
3.146729576100000259e+01
3.132136398400000132e+01
3.133648219900000242e+01
3.140666349400000357e+01
3.144704080500000032e+01
3.143887884800000165e+01
3.147724876200000210e+01
3.109694362400000145e+01
3.143889010100000192e+01
3.151193941900000084e+01
3.153672827500000153e+01
3.148164652400000207e+01
3.135392469600000354e+01
3.142424515300000110e+01
3.124394992800000281e+01
3.141276881500000329e+01
3.146088667700000130e+01
3.135838707900000344e+01
3.045220823000000365e+01
3.129315607000000199e+01
3.133978475400000363e+01
3.139701707100000050e+01
3.150822146100000154e+01
3.036290557700000292e+01
5.013959554600000246e+01
5.047951303400000000e+01
5.005884870800000641e+01
5.043316595800000357e+01
5.106646614400000317e+01
5.057249045600000414e+01
5.032932927800000300e+01
5.081293975800000595e+01
4.805966854800000476e+01
3.062158930800000078e+01
3.042132080600000066e+01
3.032177538700000241e+01
3.046909376100000344e+01
3.119691886200000042e+01
3.091998615900000047e+01
3.078119735800000356e+01
3.068208635800000295e+01
3.179306975600000129e+01
4.155689086600000337e+01
4.744939911000000166e+01
4.779936198800000113e+01
4.731817066800000049e+01
4.746313444400000492e+01
4.758432014800000331e+01
4.718894324400000073e+01
4.751221678200000298e+01
4.754416982300000427e+01
4.749252817900000423e+01
4.745817327200000335e+01
4.712612877500000508e+01
4.732345872800000564e+01
4.750342854500000556e+01
4.740807537700000296e+01
4.837985500300000297e+01
4.756835079900000096e+01
4.742099196000000205e+01
4.791197817700000172e+01
4.768673285100000214e+01
4.772343120700000441e+01
4.762588487100000378e+01
4.762503410900000489e+01
4.740172162400000389e+01
4.764019527100000317e+01
4.736743823000000475e+01
4.781257161999999994e+01
4.750874729899999949e+01
4.744752561800000024e+01
4.724444373000000041e+01
4.765392914500000643e+01
4.740506196400000505e+01
4.760923211100000429e+01
4.774437109900000564e+01
4.741607496299999980e+01
4.737225029600000425e+01
4.767538670300000092e+01
4.792128656800000641e+01
4.744684366900000327e+01
4.761314512400000609e+01
4.735717615900000510e+01
4.740610574100000463e+01
4.764599167300000460e+01
4.764169361800000502e+01
4.756897598300000141e+01
4.800872237500000494e+01
4.747451265000000120e+01
4.736711311700000238e+01
4.753583996500000097e+01
4.755665597000000133e+01
4.797025082000000396e+01
3.599675221900000111e+01
3.106722255600000082e+01
3.087660758200000188e+01
3.083907709500000038e+01
4.295059094200000516e+01
3.124608702600000143e+01
3.214373600700000111e+01
3.280919021400000446e+01
3.353774159099999963e+01
3.183796683700000330e+01
3.180052617300000151e+01
3.192998086900000132e+01
4.956369540700000442e+01
3.166044270400000116e+01
3.595382099200000425e+01
3.143706295000000139e+01
3.150900371500000219e+01
4.464599343000000431e+01
5.165252074900000423e+01
4.255040801000000528e+01
3.184544366100000090e+01
3.156126068200000034e+01
3.134636713800000152e+01
3.077747384500000294e+01
4.979289470600000556e+01
5.059820936300000227e+01
5.090727108700000514e+01
5.083102105600000442e+01
5.054930329900000174e+01
5.040336481500000332e+01
5.084445883000000066e+01
5.016213024200000348e+01
5.084478402200000602e+01
4.999752997100000584e+01
4.959370459800000219e+01
5.066029572100000422e+01
5.033294297900000203e+01
5.059479343900000003e+01
5.033995019000000326e+01
5.104483498500000138e+01
5.039383362200000249e+01
