-3.325999393169777473e-10
1.118434189428564232e-12
1.434305519187237437e-09
2.789765192514201669e-09
3.989315192286737401e-09
1.690651259136513579e-09
-8.301196729200510445e-09
-2.983893414118517104e-08
-7.108974234698479736e-08
-1.402728105085282741e-07
-2.468670694188528112e-07
-4.026435207553995678e-07
-6.175087903502086639e-07
-9.034331048737133410e-07
-1.271775448159494109e-06
-1.729708865795142234e-06
-2.288448257368081990e-06
-2.957714815975986649e-06
-3.742448933478799665e-06
-4.650543579164614492e-06
-5.687606501534657519e-06
-6.855873769068501997e-06
-8.158170379709690260e-06
-9.596786254631544026e-06
-1.117235775951053952e-05
-1.288558844826385029e-05
-1.473877636116755533e-05
-1.673085736587137033e-05
-1.886214699500044100e-05
-2.113529690191144259e-05
-2.354855726992428663e-05
-2.610355089714678267e-05
-2.880301435764591309e-05
-3.164644373881820671e-05
-3.463566117130350051e-05
-3.777129812179887554e-05
-4.105241743687559945e-05
-4.447833431347837299e-05
-4.804671477593720996e-05
-5.175434722872487126e-05
-5.559652183672546380e-05
-5.956755724031343634e-05
-6.365980924486908121e-05
-6.786351524251530353e-05
-7.216916191908597444e-05
-7.656462624595847266e-05
-8.103714337933095387e-05
-8.557424978435857941e-05
-9.016142997438161301e-05
-9.478506822395027390e-05
-9.943088492038772836e-05
-1.040843809015209786e-04
-1.087325950893474707e-04
-1.133620331294778698e-04
-1.179606021291823185e-04
-1.225171379511896352e-04
-1.270207715674667509e-04
-1.314623033016153728e-04
-1.358328032377846995e-04
-1.401247021681186681e-04
-1.443316335356102415e-04
-1.484478492452973866e-04
-1.524692377787347918e-04
-1.563921167769850439e-04
-1.602143041077160816e-04
-1.639345804769667795e-04
-1.675522744490755647e-04
-1.710686701516834639e-04
-1.744852928647952614e-04
-1.778047517672178609e-04
-1.810306887769065967e-04
-1.841664504194908336e-04
-1.872161478821095845e-04
-1.901833892680704872e-04
-1.930710831637267005e-04
-1.958815730230429057e-04
-1.986155104674703720e-04
-2.012721899924124617e-04
-2.038488407923997236e-04
-2.063406861177871307e-04
-2.087411072490944245e-04
-2.110411521718894294e-04
-2.132304848636329300e-04
-2.152971091421973775e-04
-2.172277493547780300e-04
-2.190087468168581118e-04
-2.206257651625976527e-04
-2.220649558640665081e-04
-2.233132348702798222e-04
-2.243584504663982280e-04
-2.251902788727074825e-04
-2.257997640187689838e-04
-2.261795866181435101e-04
-2.263236246645314266e-04
-2.262260646912309136e-04
-2.258809257988023925e-04
-2.252804015692079108e-04
-2.244136763301852100e-04
-2.232651103379541845e-04
-2.218118316513122232e-04
-2.200215635345151809e-04
-2.178493172474303056e-04
-2.152344746083598756e-04
-2.120978568650499553e-04
-2.083391637586484452e-04
-2.038365054002882885e-04
-1.984474642081261275e-04
-1.920133600710687114e-04
-1.843664976396463314e-04
-1.753394090839939165e-04
-1.647760487470480877e-04
-1.525422617498645985e-04
-1.385347042873242597e-04
-1.226871224094808937e-04
-1.049728523127587245e-04
-8.540450038914926235e-05
-6.403026501665168529e-05
-4.092772783819608801e-05
-1.619565033070955508e-05
1.005625177288124348e-05
3.771760577090952016e-05
6.668705564378922535e-05
9.687949363270233292e-05
1.282294139130237237e-04
1.606908734133520404e-04
1.942337286802228865e-04
2.288376790870916180e-04
2.644851456842878886e-04
3.011532234837598402e-04
3.388059107584555428e-04
3.773865343273105416e-04
4.168116481815702166e-04
4.569677961890410926e-04
4.977116350456516633e-04
5.388743211309545691e-04
5.802689068507426058e-04
6.216995889606202622e-04
6.629716633333406677e-04
7.039004302317054384e-04
7.443186955918436711e-04
7.840817457010980417e-04
8.230692445978460498e-04
8.611841519538157141e-04
8.983482879549619434e-04
9.344957111883229984e-04
9.695649737485565215e-04
1.003491804232295144e-03
1.036204253610786873e-03
1.067620999074874073e-03
1.097653605080535673e-03
1.126212351659244826e-03
1.153214496152580237e-03
1.178594063684742631e-03
1.202311275869270748e-03
1.224360232065605956e-03
1.244773355365722976e-03
1.263621269265920036e-03
1.281008081860832279e-03
1.297062232729665268e-03
1.311924251395558136e-03
1.325733322516753918e-03
1.338614495949924698e-03
1.350668848402437894e-03
1.361967849875911135e-03
1.372552655270011836e-03
1.382438305192495347e-03
1.391621647599020203e-03
1.400091694757163918e-03
1.407840415336631019e-03
1.414872061917416901e-03
1.421209657654750203e-03
1.426897488709905548e-03
1.431999623302387340e-03
1.436594999409192578e-03
1.440770267884398980e-03
1.444612165979433822e-03
1.448200808656480935e-03
1.451605214845769773e-03
1.454881597148602584e-03
1.458074156339618510e-03
1.461217774104472044e-03
1.464341309987657368e-03
1.467470363575146134e-03
1.470628537602071666e-03
1.473836600439802115e-03
1.477109828572652651e-03
1.480454176723614446e-03
1.483862536368782794e-03
1.487312528273977913e-03
1.490766941874132430e-03
1.494177649604915394e-03
1.497492861066577639e-03
1.500666827465074000e-03
1.503670456469466746e-03
1.506500726515518128e-03
1.509186996678844308e-03
1.511792594212963206e-03
1.514410873026645005e-03
1.517156000941082905e-03
1.520149548969843695e-03
1.523500835766753011e-03
1.527293996081052806e-03
1.531579433531958089e-03
1.536357796871340529e-03
1.541583234563182045e-03
1.547174209897195230e-03
1.553014407308484380e-03
1.558969345401433693e-03
1.564911414471292350e-03
1.570728578006434350e-03
1.576323914055460578e-03
1.581623012496831794e-03
1.586561260288244955e-03
1.591040870755744364e-03
1.594915608676127430e-03
1.597985646419257432e-03
1.599987956744393976e-03
1.600667145087414367e-03
1.599879485728422125e-03
1.597677736590542939e-03
1.594411112756478205e-03
1.590753978856151822e-03
1.587629659368884269e-03
1.586086575379394310e-03
1.587128402085492005e-03
1.591521552058508537e-03
1.599639185006374292e-03
1.611363468614431752e-03
1.626022159273988067e-03
1.642406474026683908e-03
1.658900536982054570e-03
1.673670412030881785e-03
1.684944989855878322e-03
1.691337497950871731e-03
1.692098261755364732e-03
1.687286001455899935e-03
1.677797298669346168e-03
1.665241301219276115e-03
1.651717500040776826e-03
1.639528669530228256e-03
1.630878442698322113e-03
1.627591601769254066e-03
1.630883804275518436e-03
1.641197375543186881e-03
1.658117254847086977e-03
1.680398666040399313e-03
1.706093133258731196e-03
1.732764514395266969e-03
1.757771914158157145e-03
1.778555114176704572e-03
1.792907968385848124e-03
1.799204713777029230e-03
1.796566575048698855e-03
1.784989605774604804e-03
1.765406084755639102e-03
1.739681442777193032e-03
1.710529500042640670e-03
1.681314020608773094e-03
1.655752785672674624e-03
1.637532898028504344e-03
1.629874560932385733e-03
1.635099318693753996e-03
1.654248768615516809e-03
1.686810346938083256e-03
1.730588867612932154e-03
1.781770833492467114e-03
1.835202851394992238e-03
1.884877449354752273e-03
1.924613548365146625e-03
1.948843410943483035e-03
1.953411653331408020e-03
1.936279730079388172e-03
1.898003576471609700e-03
1.841913545423224524e-03
1.773944990731737489e-03
1.702108696012537238e-03
1.635654204076476262e-03
1.584002017732057512e-03
1.555562079671006038e-03
1.556580278502130979e-03
1.590161777642422336e-03
1.655614244809976241e-03
1.748216165213469994e-03
1.859478891874989355e-03
1.977897812245960323e-03
2.090127487026158335e-03
2.182473801357995031e-03
2.242530970184027691e-03
2.260789497462503076e-03
2.232028123389993152e-03
2.156302798139628739e-03
2.039396697936832203e-03
1.892624470449418440e-03
1.731955092681389339e-03
1.576500457905289851e-03
1.446486553748495925e-03
1.360905684343812448e-03
1.335100679436671076e-03
1.378560662065405999e-03
1.493210810332793728e-03
1.672444983869112844e-03
1.901096652659474981e-03
2.156446969977689979e-03
2.410262794870221548e-03
2.631730470247535449e-03
2.791008905441781218e-03
2.863032121762636162e-03
2.831103974391477839e-03
2.689808988278971375e-03
2.446812515077541848e-03
2.123203973694904375e-03
1.752193579788771010e-03
1.376160246972782256e-03
1.042252303643944862e-03
7.969568277540267035e-04
6.802261123515077924e-04
7.198559485826500765e-04
9.268401005312568858e-04
1.292366419600295135e-03
1.786985295325778421e-03
2.362270889522212047e-03
2.955030410510373073e-03
3.493790547466184889e-03
3.906953055643160554e-03
4.131740079334087976e-03
4.122862251753267246e-03
3.859816289746398604e-03
3.351811314989689393e-03
2.639498745980855317e-03
1.792963440075716602e-03
9.058153137100362741e-04
8.571692611445109555e-05
-5.577616256698557026e-04
-9.266046358861421703e-04
-9.475317400095812194e-04
-5.833040892416523548e-04
1.592553703326761113e-04
1.225708572924709677e-03
2.515847679127575232e-03
3.891481140574460078e-03
5.189996390278444650e-03
6.242549163127904428e-03
6.894765539897172724e-03
7.027313719440667072e-03
6.573834181666985028e-03
5.534191237733314742e-03
3.981340610021680618e-03
2.060149757455080263e-03
-2.325099224672812716e-05
-2.021838819868461944e-03
-3.675921314404593469e-03
-4.745269916408089046e-03
-5.040436378793368769e-03
-4.449430540937659995e-03
-2.957662268094252752e-03
-6.598906766659383416e-04
2.238022168167682572e-03
5.431197630281365749e-03
8.544553082084849205e-03
1.117688309749114567e-02
1.295280682413682029e-02
1.357220900784986833e-02
1.284979733732238318e-02
1.074404582305137079e-02
7.378114092713376759e-03
3.049897016403889730e-03
-1.780444746056530306e-03
-6.536458195007259671e-03
-1.060168843143978468e-02
-1.340703034743128894e-02
-1.450578474266223453e-02
-1.362291471248458681e-02
-1.068370015692947893e-02
-5.840354256410922734e-03
4.991999441926876606e-04
7.666142156840414709e-03
1.478440049720932022e-02
2.089552262039721595e-02
2.512345049028652175e-02
2.681420075207406606e-02
2.559568074723983511e-02
2.137390603461475011e-02
1.435540781567110416e-02
5.127083086750729157e-03
-5.294207418704709352e-03
-1.554914102403545488e-02
-2.417511400491975659e-02
-2.991457022889575448e-02
-3.195811906340315783e-02
-2.997630574328808903e-02
-2.398979052282494001e-02
-1.434613185426727826e-02
-1.865746152534077107e-03
1.200269868688283274e-02
2.522206930458823979e-02
3.560840535066901041e-02
4.153020649930232178e-02
4.232715179722992827e-02
3.810985818966897837e-02
2.937485802574052798e-02
1.694179041087461035e-02
2.103799968049960018e-03
-1.326294688744725052e-02
-2.686967145804127280e-02
-3.656186398718892783e-02
-4.098453695345567749e-02
-3.993444945252599271e-02
-3.407358281782504189e-02
-2.433331746335322399e-02
-1.177922478115149899e-02
2.226159887135661930e-03
1.600673050715698681e-02
2.781638242543571851e-02
3.610475604456590132e-02
3.982671028761990833e-02
3.886027901460175488e-02
3.387007447039008801e-02
2.579357137120226462e-02
1.553399988085503620e-02
3.988278554727490988e-03
-7.794219876691028601e-03
-1.866513357759513533e-02
-2.746690807990170499e-02
-3.307818219705965790e-02
-3.478333301514716092e-02
-3.264560178169071541e-02
-2.725124623376766475e-02
-1.930094257762770757e-02
-9.479346677740278435e-03
1.423322871860431809e-03
1.242464791068842445e-02
2.237819397705681848e-02
2.997386671108005773e-02
3.399806419781860323e-02
3.386250539727112679e-02
2.986160126201409942e-02
2.278854076368044823e-02
1.353273563788027524e-02
3.047432548074003374e-03
-7.580096751328963163e-03
-1.721113479120619377e-02
-2.475854005237291058e-02
-2.924044591278922300e-02
-3.003530490897091815e-02
-2.714228060923047289e-02
-2.113971829383150605e-02
-1.284518575154264090e-02
-3.143892594445636939e-03
6.975854275711267267e-03
1.642389629767194992e-02
2.415828255622156848e-02
2.932457488781753038e-02
3.129772566229557101e-02
2.985229716871265829e-02
2.522930818291491822e-02
1.802190039843862973e-02
8.998930531249225637e-03
-9.529806347933404784e-04
-1.079678661579581977e-02
-1.939633304703678243e-02
-2.569750234666156111e-02
-2.892876263671489631e-02
-2.871123013997964324e-02
-2.512643906099772811e-02
-1.862635744239385729e-02
-9.913196454092250767e-03
1.519056773748674635e-04
1.054291045053684477e-02
2.005485077450176734e-02
2.743541413743880164e-02
3.164076306910125480e-02
3.213354777224424613e-02
2.895179358109394030e-02
2.257607081185730030e-02
1.377063700452865747e-02
3.504359132892937399e-03
-7.118508490869747581e-03
-1.689329134356366835e-02
-2.460094706312198135e-02
-2.921787607728656977e-02
-3.015249294560203366e-02
-2.740008974907258421e-02
-2.141251909584373017e-02
-1.290822580952442900e-02
-2.785301998199955862e-03
7.884512258633204901e-03
1.791901574517898443e-02
2.612598212870786279e-02
3.143564432133100217e-02
3.315913608534725582e-02
3.115535241023879853e-02
2.578545604235676220e-02
1.772072807769665970e-02
7.823759603091572784e-03
-2.884951794778520522e-03
-1.323517421272121623e-02
-2.200385577559149652e-02
-2.808150217496267753e-02
-3.066401436877991965e-02
-2.948173583446049920e-02
-2.480003419043917343e-02
