-3.946391765775170897e-07
-1.282842749355678860e-06
-1.734227948385683965e-06
-1.947457028840742419e-06
-2.675856214604032176e-06
-3.122923194921066440e-06
-3.269487636961538074e-06
-3.836608230289441567e-06
-4.270487724338845329e-06
-4.396491159111756652e-06
-4.806532444789018826e-06
-5.220999794640055748e-06
-5.337040497849544976e-06
-5.614979975091577304e-06
-5.993303796633784434e-06
-6.102375861475148010e-06
-6.275573152818884048e-06
-6.602514959271707466e-06
-6.700208727026013046e-06
-6.798163280495006241e-06
-7.057200515960768533e-06
-7.140908248428608790e-06
-7.186903709191762722e-06
-7.363513486694573685e-06
-7.437812367894599603e-06
-7.437507602218842598e-06
-7.534206740193127004e-06
-7.596078664429375930e-06
-7.548943688030026394e-06
-7.581801399480891602e-06
-7.613453814884127481e-06
-7.530070512951449967e-06
-7.507039463153608556e-06
-7.494448957293355686e-06
-7.387082886553043836e-06
-7.307172772607115115e-06
-7.248884958674043437e-06
-7.118947034344244227e-06
-6.985188894849767382e-06
-6.881907230916301916e-06
-6.726365857367901784e-06
-6.544366474321688407e-06
-6.397042224520577742e-06
-6.211700289426029467e-06
-5.987845452311026051e-06
-5.798045406408819578e-06
-5.577778529577023963e-06
-5.321180606538384446e-06
-5.086527517816195124e-06
-4.832523898832469886e-06
-4.547684236150478456e-06
-4.267922576448715688e-06
-3.985153708252031032e-06
-3.670798852366505372e-06
-3.353183073532556974e-06
-3.042602965619093367e-06
-2.700210031193213791e-06
-2.353306542961540999e-06
-2.014475695061293816e-06
-1.649776215865321528e-06
-1.279597214874020107e-06
-9.153238966285818972e-07
-5.348904304891987621e-07
-1.466837998541913854e-07
2.367547179070516742e-07
6.267438650575165584e-07
1.026616381749117492e-06
1.420638124447864878e-06
1.813939580210587334e-06
2.217281244538224718e-06
2.611701484828454765e-06
3.001657185459792783e-06
3.397573252057850067e-06
3.782214909583178959e-06
4.160094970425789440e-06
4.536038756292194013e-06
4.901307467526916396e-06
5.254782544757649225e-06
5.599541916183330469e-06
5.933751319543075134e-06
6.249410919246397808e-06
6.552254472622163436e-06
6.840964350811958032e-06
7.106099811024280074e-06
7.353816137628830687e-06
7.581621552944575364e-06
7.782100461755347005e-06
7.958747347852617056e-06
8.109152093356522916e-06
8.228409829020129568e-06
8.316444247139063119e-06
8.372540966049774665e-06
8.393800293167348410e-06
8.377393743286584598e-06
8.325998078382589965e-06
8.236940000091056159e-06
8.107848201955629715e-06
7.943442328895824862e-06
7.740856703003887071e-06
7.500209471732493703e-06
7.224841797749935603e-06
6.913268346798307059e-06
6.566316741579052668e-06
6.184681205922894654e-06
5.768826904792497486e-06
5.317720301411277464e-06
4.830979914735979917e-06
4.310012873894886740e-06
3.752522231795640845e-06
3.159404760235612474e-06
2.532485232919097772e-06
1.870572594933061253e-06
1.175690456411326321e-06
4.490879077756314425e-07
-3.096991084909234820e-07
-1.099858287124628017e-06
-1.921634997420399132e-06
-2.775345662503151726e-06
-3.661961137636575963e-06
-4.581965624928759929e-06
-5.535519843126496607e-06
-6.524560742951551166e-06
-7.548772407099042722e-06
-8.608865980147106445e-06
-9.706342645690930850e-06
-1.084066300524604928e-05
-1.201283899761380444e-05
-1.322320587173590190e-05
-1.447172026459446688e-05
-1.575869240392981270e-05
-1.708390814366639261e-05
-1.844764887838793246e-05
-1.984929638782292086e-05
-2.128864045840773349e-05
-2.276559819643131680e-05
-2.427891502219024046e-05
-2.582823993963959249e-05
-2.741262131789520546e-05
-2.903044154285592938e-05
-3.068074640901145286e-05
-3.236174015369148717e-05
-3.407171767830925702e-05
-3.580891492667570152e-05
-3.757123233221443774e-05
-3.935683905197542805e-05
-4.116331749650219162e-05
-4.298871258808497698e-05
-4.483083457608199907e-05
-4.668706938253965304e-05
-4.855540406432973011e-05
-5.043306579583396038e-05
-5.231741364372352235e-05
-5.420591894631585225e-05
-5.609559847619522116e-05
-5.798388239346651245e-05
-5.986801085350080691e-05
-6.174549341250688285e-05
-6.361403976468983645e-05
-6.547136410523898462e-05
-6.731570908782188154e-05
-6.914512528540103439e-05
-7.095778884515406624e-05
-7.275199223276396492e-05
-7.452556130253745823e-05
-7.627646940355905852e-05
-7.800247747480417739e-05
-7.970117335335042048e-05
-8.137035670241307857e-05
-8.300766604520596725e-05
-8.461103879701077700e-05
-8.617848893523425986e-05
-8.770818064770073144e-05
-8.919864474087202822e-05
-9.064832797441588555e-05
-9.205601191940165093e-05
-9.342050044677185580e-05
-9.474052283523825624e-05
-9.601500416289600185e-05
-9.724267394061928251e-05
-9.842235980152474280e-05
-9.955294626409908539e-05
-1.006333136932705886e-04
-1.016625677366489022e-04
-1.026397945847075242e-04
-1.035642522464288361e-04
-1.044352971729650540e-04
-1.052522675523510980e-04
-1.060146774632990738e-04
-1.067219399666345946e-04
-1.073734704132613805e-04
-1.079687331195599258e-04
-1.085071300546125699e-04
-1.089882898427160113e-04
-1.094120111619223542e-04
-1.097783753848954684e-04
-1.100878256267495220e-04
-1.103409903370411780e-04
-1.105387808717892993e-04
-1.106821599587259203e-04
-1.107720950006905986e-04
-1.112080608699808458e-04
-1.120909253695903543e-04
-1.124854902229819096e-04
-1.125960110248705145e-04
-1.131794818906531493e-04
-1.134348387473561404e-04
-1.133489626506940622e-04
-1.136433114083826784e-04
-1.137617245032310063e-04
-1.135327323926673022e-04
-1.135420599381902938e-04
-1.135053205699784994e-04
-1.131119029080050986e-04
-1.128049736980663075e-04
-1.125083938251358336e-04
-1.118389606601447039e-04
-1.111238394916153153e-04
-1.104627752839001080e-04
-1.095042574720376551e-04
-1.085241489833940282e-04
-1.077353154397294561e-04
-1.068590519196507902e-04
-1.060750993189661542e-04
-1.055742848213730593e-04
-1.051364179055731341e-04
-1.047799824613901361e-04
-1.046545492284882282e-04
-1.046053253587748261e-04
-1.045296944802958229e-04
-1.045875865459935716e-04
-1.046741181989232318e-04
-1.046562940045467913e-04
-1.046902761085598867e-04
-1.047138880470470975e-04
-1.046191413806021945e-04
-1.045255362615144488e-04
-1.044332696928861276e-04
-1.042633836631280697e-04
-1.040943683955308742e-04
-1.039739486942775301e-04
-1.038330522851951826e-04
-1.037045564539395350e-04
-1.036536917733443287e-04
-1.036103150572881932e-04
-1.035729432400771808e-04
-1.036078245638330920e-04
-1.036446600479843939e-04
-1.036687545224204248e-04
-1.037229626837425037e-04
-1.037530146416784887e-04
-1.037336008967175611e-04
-1.036865558813814355e-04
-1.035978028461990449e-04
-1.034394105255278618e-04
-1.032467815012030866e-04
-1.030452235030812093e-04
-1.028162838172910120e-04
-1.026070298057361690e-04
-1.024460616675013070e-04
-1.023120357789090431e-04
-1.022299846168334868e-04
-1.022105343651857526e-04
-1.022315483578132357e-04
-1.022992876457294240e-04
-1.024236129277052317e-04
-1.025889369338939006e-04
-1.027782326196710546e-04
-1.029812376345970947e-04
-1.031549890199923500e-04
-1.032445874547989473e-04
-1.032289851597039586e-04
-1.030826813864024473e-04
-1.028042864611072225e-04
-1.024489474465121200e-04
-1.020722527030309534e-04
-1.017339200864722314e-04
-1.014898643461815730e-04
-1.013603390208924870e-04
-1.013321315116887849e-04
-1.013795703379445488e-04
-1.014866891445243615e-04
-1.016442981321728843e-04
-1.018742548614707074e-04
-1.022160007948348046e-04
-1.026764503404854610e-04
-1.032257294012153999e-04
-1.037797184018462955e-04
-1.041996026023595689e-04
-1.043482840583812661e-04
-1.041412245041872721e-04
-1.035866697140579536e-04
-1.028046879610191260e-04
-1.019995033843188039e-04
-1.013895153407677277e-04
-1.011200287357968443e-04
-1.012141984292664774e-04
-1.015595672851202810e-04
-1.019575466144267766e-04
-1.022372553055827903e-04
-1.023458203575965342e-04
-1.023987306187162477e-04
-1.026499090186877008e-04
-1.033629445848393327e-04
-1.046520578463330976e-04
-1.063570373101680014e-04
-1.080320532839035736e-04
-1.090766479255161068e-04
-1.089815697582351042e-04
-1.075969386099296927e-04
-1.052769915290953736e-04
-1.028242156667670142e-04
-1.012099881839768119e-04
-1.011561549443626976e-04
-1.027748928493345075e-04
-1.054420270785415959e-04
-1.080105558600593475e-04
-1.093253134977042920e-04
-1.088257864013661750e-04
-1.069508236097597764e-04
-1.050941501180669915e-04
-1.050471981079635181e-04
-1.081121235192137215e-04
-1.142698422683739289e-04
-1.218588446605452133e-04
-1.280297697702762925e-04
-1.299112992535399137e-04
-1.260516272961107430e-04
-1.174531314495117184e-04
-1.076024060200044869e-04
-1.012713663997698993e-04
-1.024425058312776135e-04
-1.122293060682164788e-04
-1.278300540896440602e-04
-1.432410722475454363e-04
-1.517009109319918938e-04
-1.489735975976727881e-04
-1.359911371672253518e-04
-1.193889407509735707e-04
-1.092320361486339185e-04
-1.144996659712049433e-04
-1.381733093832141770e-04
-1.743899806027896968e-04
-2.095571906294084713e-04
-2.276663605128569111e-04
-2.179544763636926535e-04
-1.815274784532801267e-04
-1.333879964225657977e-04
-9.783712309534568947e-05
-9.816175826171923960e-05
-1.447141202122393842e-04
-2.272071530526467503e-04
-3.159652461556567587e-04
-3.731210559793987636e-04
-3.700201255082273305e-04
-3.034679354735047305e-04
-2.025723411945487269e-04
-1.206684812071735725e-04
-1.129332021719158029e-04
-2.080612389723793189e-04
-3.879197401540807359e-04
-5.877390517166204524e-04
-7.202565744172114521e-04
-7.154934232425913532e-04
-5.597045217143304351e-04
-3.147687623894999931e-04
-1.034613717361890358e-04
-5.883162286201425753e-05
-2.565327698945493880e-04
-6.651244301352463332e-04
-1.144268149413888314e-03
-1.496267930869520047e-03
-1.552156191765938480e-03
-1.259351643235150824e-03
-7.320079804169317894e-04
-2.300104755509221833e-04
-5.530522333432299277e-05
-3.982578479717429590e-04
-1.213403058247664121e-03
-2.206035333435988309e-03
-2.949271352978837402e-03
-3.076989421043688222e-03
-2.467325931999943614e-03
-1.348742021597549483e-03
-2.691592965125598285e-04
1.252023437124217360e-04
-5.599591482459552894e-04
-2.205433658173400029e-03
-4.189334203617327279e-03
-5.662984269847326155e-03
-5.939154434854804383e-03
-4.810334944135461963e-03
-2.719246026704374205e-03
-6.834237699834415413e-04
1.426890770675297824e-04
-8.758334151585489384e-04
-3.378040979215292741e-03
-6.153889529762136996e-03
-7.871326476766077676e-03
-7.742017085114813978e-03
-5.789342879856627065e-03
-2.908805306661186880e-03
-5.241324508776467033e-04
1.520267448466899797e-04
-1.257410082063644330e-03
-4.053023948533809005e-03
-6.786491845891278428e-03
-8.136815237191124747e-03
-7.611744944362616901e-03
-5.554097937235680585e-03
-2.912616513041865751e-03
-8.490662004611451794e-04
-2.042437333837272850e-04
-1.156780149333744854e-03
-3.164070433626597900e-03
-5.169149683065685230e-03
-6.204449947296790391e-03
-5.928552652142113875e-03
-4.588570793152478740e-03
-2.740770882134702102e-03
-1.063898577472013971e-03
-1.816123118428280311e-04
-4.307248814867160359e-04
-1.733084763020249384e-03
-3.538171482699276494e-03
-4.992333621794852426e-03
-5.463388221273969211e-03
-4.855941231717950286e-03
-3.476615659403871957e-03
-1.843910262457767145e-03
-5.610134523597721081e-04
-1.303571700834302218e-04
-7.721203618887781134e-04
-2.280064776197326080e-03
-3.928307048846862992e-03
-4.830765055183085417e-03
-4.592598401402298372e-03
-3.440421235910222277e-03
-1.903592580227290868e-03
-5.982353322594647542e-04
-3.981200081866837967e-05
-4.414391539597909472e-04
-1.633726312402702073e-03
-3.103774587217171706e-03
-4.136631645412087478e-03
-4.228614276814309653e-03
-3.407396188886924367e-03
-2.089392664378654334e-03
-8.305746680267477901e-04
-1.520187516142179065e-04
-3.269374620601176156e-04
-1.273604596117735481e-03
-2.608423032712761224e-03
-3.750575983117758992e-03
-4.158999793480324877e-03
-3.660759611937874480e-03
-2.505840885816642324e-03
-1.178736802678973959e-03
-2.253720728548021571e-04
-6.564302050889942374e-05
-7.819618275474142380e-04
-2.080433562475787757e-03
-3.400593054586260357e-03
-4.133808881641927099e-03
-3.943364177963663321e-03
-2.943213320021196254e-03
-1.587871100739159666e-03
-4.579596436753238407e-04
-6.406339441081874248e-05
-6.404758237467351534e-04
-1.978339401337121922e-03
-3.474490314855293097e-03
-4.410770397473790481e-03
-4.342236540515574325e-03
-3.332781504666968743e-03
-1.865826874265705303e-03
-5.732688205733628807e-04
-2.386245727500778247e-06
-4.199239623312852406e-04
-1.664956078295902952e-03
-3.172252078850456951e-03
-4.230323707017038040e-03
-4.347975947258238445e-03
-3.499831171602575588e-03
-2.101398674533638128e-03
-7.793401120094587851e-04
-1.052994022887474625e-04
-3.954691561414679373e-04
-1.569082959855736415e-03
-3.129169826550451568e-03
-4.352550682779667175e-03
-4.665716048646424870e-03
-3.949431368933834646e-03
-2.550660201009416744e-03
-1.072803285608823695e-03
-1.328820957906564867e-04
-1.344149919644915228e-04
-1.098915792581897904e-03
-2.614942442075721390e-03
-3.983297895975256887e-03
-4.557562906652986440e-03
-4.091182395433754816e-03
