3.504206397080326107e-01
1.076401236152427776e+00
1.833170921003321574e+00
2.662781634809795683e+00
3.538536333151982127e+00
4.407346412859829421e+00
5.353402140322661040e+00
6.321153131949656334e+00
7.287962779880405861e+00
8.319007534784049085e+00
9.358929690121204459e+00
1.041674801942916950e+01
1.150797769146965877e+01
1.261841508882316276e+01
1.375075955066501443e+01
1.489234275232537286e+01
1.607151912946472549e+01
1.725946900249696370e+01
1.845394542533720994e+01
1.969107847554909796e+01
2.092457405423996875e+01
2.217495714354376446e+01
2.345527111438221013e+01
2.473491285413717833e+01
2.603616991203003650e+01
2.735137900117848275e+01
2.867987641606788429e+01
3.002211583580653809e+01
3.137345704709504091e+01
3.274833914097450105e+01
3.412530986398066091e+01
3.551809554472031749e+01
3.693244609691720370e+01
3.834633664891130422e+01
3.978263948022696184e+01
4.123258164801072212e+01
4.269018551016612406e+01
4.416867557065444316e+01
4.565784872788796633e+01
4.716482520482759355e+01
4.868600578786139010e+01
5.022368005493770227e+01
5.178309688984917614e+01
5.335380513192237828e+01
5.494976653027561042e+01
5.656588845089970619e+01
5.819837141666300795e+01
5.986073829244008238e+01
6.154278627319718709e+01
6.325064040036538415e+01
6.498767323489114744e+01
6.675000856693668538e+01
6.854491957716678030e+01
7.036852507758030129e+01
7.222661633812151649e+01
7.411952502563127609e+01
7.604513505301524390e+01
7.801257291566751917e+01
8.001587732013388177e+01
8.205945111896774335e+01
8.414767883696349315e+01
8.627552192264880659e+01
8.845014502683481794e+01
9.066976034537054829e+01
9.293518875100988907e+01
9.524955833539168282e+01
9.760997871812935500e+01
1.000207820568763282e+02
1.024789632931480270e+02
1.049849524029312278e+02
1.075407917501765667e+02
1.101409610257501441e+02
1.127884218989087799e+02
1.154801372562242960e+02
1.182127737452480716e+02
1.209876442296955332e+02
1.237994117857206220e+02
1.266479308027084443e+02
1.295307103963793338e+02
1.324447119921176466e+02
1.353903646567691794e+02
1.383633800919805310e+02
1.413643857879840482e+02
1.443918132413444084e+02
1.474429798323408534e+02
1.505195800635555088e+02
1.536183936520738200e+02
1.567394308346405296e+02
1.598825641099134884e+02
1.630452343094543721e+02
1.662284493169155155e+02
1.694300211084070327e+02
1.726496027855799866e+02
1.758869854664922343e+02
1.791400906488933060e+02
1.824100476740346437e+02
1.856951438693830880e+02
1.889952007598666057e+02
1.923108869882510703e+02
1.956404792459784971e+02
1.989851148850997902e+02
2.023440250178083488e+02
2.057166548595700419e+02
2.091035623735624824e+02
2.125031722039426541e+02
2.159157892971714432e+02
2.193403185089282488e+02
2.227756808279083600e+02
2.262219084073047952e+02
2.296771854865719433e+02
2.331415455519655779e+02
2.366142416514329625e+02
2.400941496194651279e+02
2.435814850047605660e+02
2.470747424802190153e+02
2.505734319161812778e+02
2.540766400218565195e+02
2.575827368015462184e+02
2.610911474359511999e+02
2.645999772577091562e+02
2.681081106187599516e+02
2.716142749551054294e+02
2.751164955532673275e+02
2.786139005435599074e+02
2.821045406800100750e+02
2.855869924310673582e+02
2.890600285066761899e+02
2.925216718348806353e+02
2.959708949925424122e+02
2.994059631963444872e+02
3.028253924485841253e+02
3.062279950974123608e+02
3.096119263902600665e+02
3.129761062498117781e+02
3.163189242291325058e+02
3.196388687469656134e+02
3.229348102780227237e+02
3.262049693759186653e+02
3.294482043300076270e+02
3.326630489807076287e+02
3.358479660827986208e+02
3.390018404209185974e+02
3.421230179433894136e+02
3.452102994702067917e+02
3.482623156687673145e+02
3.512775642245141512e+02
3.542549360246986225e+02
3.571928675685612689e+02
3.600901389361489464e+02
3.629454622062168028e+02
3.657573506478992158e+02
3.685247037084758404e+02
3.712460555529448243e+02
3.739201647502139849e+02
3.765458239787860180e+02
3.791216145591972690e+02
3.816464516239602744e+02
3.841189887929918996e+02
3.865380225716176597e+02
3.889024312081488119e+02
3.912108877899738104e+02
3.934623565853718219e+02
3.956556102874834551e+02
3.977894960215283504e+02
3.998629879018450310e+02
4.018748634226679997e+02
4.038241414087706858e+02
4.057097244200440400e+02
4.075305364797040966e+02
4.092856443323058784e+02
4.109739476285407136e+02
4.125945368669259778e+02
4.141464343999891753e+02
4.156286518479051324e+02
4.170403438053496643e+02
4.183805192992078332e+02
4.196483337488845109e+02
4.208429177856538672e+02
4.219633657360473080e+02
4.230089133078856776e+02
4.239786849732312248e+02
4.248719136423435998e+02
4.256878444012071441e+02
4.264256798486246680e+02
4.270847549125375053e+02
4.276643241040591761e+02
4.281637242804401353e+02
4.285823285919005912e+02
4.289194673233825483e+02
4.291745951663140204e+02
4.293471190424966153e+02
4.294365101575805852e+02
4.294423027070251919e+02
4.293640004324801680e+02
4.292012250875053496e+02
4.289535838121331608e+02
4.286207364961449571e+02
4.282024197025127137e+02
4.276983495196150216e+02
4.271083484674558122e+02
4.267845668040203009e+02
4.267627841653138603e+02
4.267141204027252002e+02
4.266953118677290036e+02
4.266956049709252738e+02
4.266725932643011561e+02
4.267170535360065742e+02
4.267781327338863093e+02
4.268331911412385580e+02
4.269481758339867383e+02
4.270673677028518114e+02
4.271993249304419464e+02
4.273620093708602781e+02
4.275444040404164525e+02
4.277551439822974544e+02
4.279868977497068840e+02
4.282708025605022044e+02
4.285777652924455765e+02
4.288977109493827697e+02
4.292540154346201575e+02
4.295842918242212818e+02
4.298912901348002720e+02
4.301742746708343930e+02
4.303938033104004717e+02
4.305693722670631587e+02
4.306966560057252877e+02
4.307822187222147932e+02
4.308364434473562596e+02
4.308645363162025319e+02
4.308899019331618092e+02
4.308985312690444403e+02
4.309085799630340716e+02
4.309289216186726890e+02
4.309390897946248060e+02
4.309618199742386082e+02
4.309882585208057435e+02
4.310117390182419967e+02
4.310444872899250868e+02
4.310755655113663352e+02
4.311111433699201143e+02
4.311467656078140180e+02
4.311836661524292822e+02
4.312260872929213633e+02
4.312625927627476585e+02
4.313056374194258638e+02
4.313489624719331346e+02
4.313873823197989736e+02
4.314326113564463867e+02
4.314731166686087818e+02
4.315133273208924152e+02
4.315548758716873294e+02
4.315924500847442005e+02
4.316316386053681526e+02
4.316671061841312849e+02
4.317031594753665900e+02
4.317387511962380700e+02
4.317705460085912819e+02
4.318062356376519801e+02
4.318388276919577038e+02
4.318715296923360256e+02
4.319074162406350297e+02
4.319405192639515576e+02
4.319766503464647371e+02
4.320127785929240076e+02
4.320485466248487683e+02
4.320856463731495296e+02
4.321200954213653063e+02
4.321551914674332693e+02
4.321873806928604722e+02
4.322171317910122070e+02
4.322469571354539539e+02
4.322727148301655120e+02
4.322989823288078242e+02
4.323247377393602164e+02
4.323490538257266849e+02
4.323754172555543391e+02
4.324010097520283011e+02
4.324281713481246925e+02
4.324568167069755873e+02
4.324864226379040701e+02
4.325194043995165885e+02
4.325530937675342216e+02
4.325889576108863253e+02
4.326254700851915231e+02
4.326596745357467171e+02
4.326925864654334077e+02
4.327207843710783095e+02
4.327447370242823581e+02
4.327654011885477416e+02
4.327822207593640655e+02
4.327983206512874972e+02
4.328135778568781689e+02
4.328293452746477215e+02
4.328464528972625658e+02
4.328637767639910408e+02
4.328833740233243930e+02
4.329049663450572325e+02
4.329303774900790245e+02
4.329621787668312436e+02
4.330000347234565083e+02
4.330447551327236511e+02
4.330930897772642538e+02
4.331401855897076985e+02
4.331812539096708292e+02
4.332103829926639378e+02
4.332261356057324519e+02
4.332293294697995520e+02
4.332243517672095550e+02
4.332183199094881161e+02
4.332159064261689423e+02
4.332206663624257885e+02
4.332315525130515539e+02
4.332446634195792399e+02
4.332574795165612613e+02
4.332691574948889865e+02
4.332849679174042876e+02
4.333138324435684581e+02
4.333644741025869962e+02
4.334416289806783311e+02
4.335393214237761867e+02
4.336418463765966180e+02
4.337264779291897980e+02
4.337710844615315295e+02
4.337649572929522037e+02
4.337129905722907210e+02
4.336370674456524057e+02
4.335679415313018126e+02
4.335319106262692799e+02
4.335401934211424759e+02
4.335816504524092920e+02
4.336285814094536590e+02
4.336511367865323336e+02
4.336346304886909024e+02
4.335935607922791064e+02
4.335700202730498631e+02
4.336188315574271996e+02
4.337813872034280962e+02
4.340580105712227805e+02
4.343952038090594101e+02
4.346944862896311861e+02
4.348480175100895622e+02
4.347873936073032723e+02
4.345216470082721116e+02
4.341464232707044175e+02
4.338128133157750881e+02
4.336664412079931026e+02
4.337783909212014350e+02
4.340983358701138286e+02
4.344640458726061638e+02
4.346740863971215276e+02
4.345955770557080768e+02
4.342501752936005346e+02
4.338294659243398996e+02
4.336316321892307428e+02
4.339380412944191221e+02
4.348665780349146530e+02
4.362556772292942924e+02
4.376561336770987509e+02
4.384920416624640893e+02
4.383410806413686487e+02
4.371739714424310819e+02
4.354130059014795506e+02
4.337976565740443675e+02
4.331250172399429061e+02
4.339012471500986976e+02
4.359787347855713051e+02
4.384462523710282085e+02
4.400374742250941154e+02
4.398771949589956307e+02
4.380007187188627427e+02
4.353332822553455799e+02
4.333124871544189318e+02
4.334224234767463599e+02
4.366405968268418292e+02
4.426813912012758578e+02
4.495163535517979767e+02
4.540618497270108946e+02
4.539977694058437692e+02
4.492802819357006001e+02
4.420399769963358381e+02
4.353494192375423495e+02
4.325180843712239493e+02
4.365223102480508715e+02
4.474843649680022395e+02
4.604690870013159270e+02
4.680186975800092455e+02
4.660790545947818941e+02
4.568156567978087423e+02
4.457086476248842928e+02
4.377255424880225974e+02
4.376802210071372201e+02
4.498397455062977883e+02
4.724612563149573816e+02
4.947731991116158952e+02
5.028769532532076596e+02
4.934606314776362410e+02
4.754675656367484748e+02
4.577690597924378153e+02
4.462183094947333757e+02
4.494915528936053875e+02
4.679633809633551778e+02
4.904284885365036075e+02
5.019553588698269664e+02
4.954472802615849787e+02
4.782722584429311041e+02
4.626486065947474913e+02
4.533253419713372523e+02
4.533765176629049733e+02
4.621297112342593323e+02
4.761673022898540921e+02
4.879649535588105778e+02
4.897641325962003407e+02
4.803439128614218134e+02
4.661951263693176770e+02
4.544469126800811409e+02
4.485655017811716903e+02
4.488611424533000900e+02
4.522017122534151099e+02
4.576804932395603487e+02
4.639400234357690351e+02
4.680863556612525826e+02
4.661899465919525483e+02
4.594605277148934874e+02
4.501146826600805753e+02
4.421884483651701316e+02
4.382347930820222359e+02
4.391395816236619680e+02
4.438654598506355455e+02
4.514049013611160035e+02
4.598954811699056222e+02
4.658966371796024077e+02
4.658451900981264657e+02
4.599471460878722837e+02
4.495174161600461957e+02
4.414757261678977898e+02
4.399380491495797401e+02
4.438906211908145565e+02
4.504649943462139845e+02
4.575222110086179441e+02
4.613275080575604647e+02
4.598678001261698682e+02
4.530629603239353855e+02
4.449141022590049488e+02
4.372575930052865374e+02
4.351249866727614517e+02
4.381921962294256332e+02
4.443216966744775505e+02
4.516390284273307429e+02
4.580154347372306916e+02
4.594236911928159088e+02
4.562329165557470105e+02
4.492205744078256657e+02
4.417697831936823718e+02
4.367294133213395639e+02
4.373169207642019956e+02
4.419085867206762259e+02
4.487843541595669308e+02
4.556107518668684406e+02
4.594722605851345065e+02
4.568780307419107203e+02
4.505658918110323725e+02
4.422419820862019151e+02
4.356978658133060662e+02
4.339791021473884030e+02
4.381560890525103105e+02
4.457381144997403908e+02
4.548065444983949988e+02
4.615661836900555954e+02
4.631122538192630032e+02
4.575180059583749426e+02
4.488065570257723493e+02
4.405898768391285785e+02
4.376096810575156155e+02
4.410950897188804447e+02
4.489650735803524526e+02
4.570320000667400677e+02
4.628758972843253332e+02
4.622911157746943331e+02
4.557334906681091979e+02
4.460243334099587855e+02
4.382065392207337027e+02
4.350236150975165401e+02
4.380265526696969687e+02
4.454919559575450876e+02
4.547007207047362840e+02
4.615962064819348143e+02
4.641439841136687505e+02
4.599309678096186644e+02
4.515992657271314101e+02
4.427062500486300678e+02
4.380346668209512586e+02
4.393659810712203466e+02
4.458085365577380230e+02
4.541139820643364828e+02
4.615193260704113527e+02
4.635650249660048416e+02
4.595479891928004008e+02
4.506422837289516679e+02
4.415813154236008131e+02
4.357472558893894075e+02
4.360121435164442687e+02
