-6.001333360684119045e-04
-9.295299547496388426e-04
-1.887786322559065200e-03
-3.061605635890751742e-03
-3.662221767829154651e-03
-5.619678385198889625e-03
-7.076367874440214756e-03
-8.760596448928903435e-03
-1.138197765918236293e-02
-1.343764422743287668e-02
-1.600664504867799209e-02
-1.861154737316583763e-02
-2.142704066413059216e-02
-2.432949675124440603e-02
-2.680860491578029858e-02
-2.999066696038599211e-02
-3.241304159150382169e-02
-3.470183262644521704e-02
-3.747824209372985216e-02
-3.919421311352055959e-02
-4.137996401171850636e-02
-4.352325913413968017e-02
-4.496936068270862563e-02
-4.693500051877608215e-02
-4.856565220966757579e-02
-5.017900950054121623e-02
-5.191584192917630958e-02
-5.364084779300393180e-02
-5.570563609456691267e-02
-5.755429313357218746e-02
-5.980020243798911395e-02
-6.214411644416051317e-02
-6.431074444226325681e-02
-6.700351228867251763e-02
-6.944132534837255122e-02
-7.197257080092001047e-02
-7.474743424371821376e-02
-7.712475053202894060e-02
-7.966334335362335040e-02
-8.199087111762493052e-02
-8.409187543987606261e-02
-8.620358563072016977e-02
-8.789185562619206138e-02
-8.958866995401670863e-02
-9.101962435871380208e-02
-9.214731559669031569e-02
-9.329048536778650202e-02
-9.406662401224696879e-02
-9.484410848950997064e-02
-9.550451561610362461e-02
-9.600624005471969369e-02
-9.662660451824178764e-02
-9.706128968892713260e-02
-9.760693351484395208e-02
-9.816240088088878935e-02
-9.864953116148189594e-02
-9.935694040978759745e-02
-9.993341743384132059e-02
-1.005654604564192311e-01
-1.012286485575444317e-01
-1.016401420432258007e-01
-1.019715883214153962e-01
-1.019177078995410213e-01
-1.013725526749489347e-01
-1.001983708210696378e-01
-9.800188504784745902e-02
-9.464746642837607027e-02
-8.964528550982642230e-02
-8.266787500310801562e-02
-7.333561987584413799e-02
-6.104534614687651128e-02
-4.553039531807634432e-02
-2.619861403503254138e-02
-2.620695619719448644e-03
2.548464950089091019e-02
5.862604383549285814e-02
9.695515988892999815e-02
1.407450543183728087e-01
1.901894543002802251e-01
2.452981857560123657e-01
3.062456070803847297e-01
3.729621779951273197e-01
4.454671104357696976e-01
5.237576135216057693e-01
6.076797967845424253e-01
6.972487779870029101e-01
7.922842229705215900e-01
8.926530939500203488e-01
9.982455520242261571e-01
1.108773836190639628e+00
1.224084593984825275e+00
1.343865172097926219e+00
1.467805079086002884e+00
1.595633189113100592e+00
1.726921969379786148e+00
1.861373879968190259e+00
1.998586576463566189e+00
2.138143887729065717e+00
2.279694667776615447e+00
2.422744521192190525e+00
2.566878562888559756e+00
2.711614220263152575e+00
2.856412105421167524e+00
3.000777404269079796e+00
3.144068758622678317e+00
3.285632744357823931e+00
3.424664467085308139e+00
3.560146263630094232e+00
3.690907701129952478e+00
3.815434241614662270e+00
3.932017616806084526e+00
4.038764624041205842e+00
4.133666329058145017e+00
4.214887119962221540e+00
4.280794178409441209e+00
4.330179567832482590e+00
4.362319995854260668e+00
4.376887777017902437e+00
4.373977300839959170e+00
4.353899926617444294e+00
4.317147111874252374e+00
4.264344665453542405e+00
4.196143696592539385e+00
4.113263680664978494e+00
4.016343733638262137e+00
3.905886921669779355e+00
3.782235357306711343e+00
3.645495026418953177e+00
3.495659756725818745e+00
3.332658218401486128e+00
3.156451201371662574e+00
2.967161032624964889e+00
2.765076893307047534e+00
2.550748110544066805e+00
2.325000366897544080e+00
2.088941747717729669e+00
1.844016222864891308e+00
1.591929938354420315e+00
1.334609482838539307e+00
1.074088543247983640e+00
8.123475897424747849e-01
5.512380310556923568e-01
2.923698243913879224e-01
3.709087153517520719e-02
-2.134965419420655763e-01
-4.585346112136510222e-01
-6.973270937574351791e-01
-9.292968933276117838e-01
-1.153908107196259358e+00
-1.370566933559016931e+00
-1.578584044740002135e+00
-1.777112218783768682e+00
-1.965166225741779904e+00
-2.141690387210922086e+00
-2.305638372041887152e+00
-2.456116791286874435e+00
-2.592476896375213613e+00
-2.714393884626472353e+00
-2.821917822468985371e+00
-2.915449679311038267e+00
-2.995714167504671011e+00
-3.063663963298600024e+00
-3.120361497618601376e+00
-3.166866574131450562e+00
-3.204098418226003275e+00
-3.232758209522333726e+00
-3.253279050646542103e+00
-3.265828759324410413e+00
-3.270385660096958969e+00
-3.266820057725027482e+00
-3.255012814635854124e+00
-3.234954517709701438e+00
-3.206807698711897192e+00
-3.170950730986134669e+00
-3.127953555316810963e+00
-3.078530672400007884e+00
-3.023464724991255625e+00
-2.963507416877737555e+00
-2.899310163844151855e+00
-2.831363172202593148e+00
-2.759984713451320459e+00
-2.685357178336472916e+00
-2.607584679684520346e+00
-2.526786088668305119e+00
-2.443167836266006976e+00
-2.357073901573632391e+00
-2.269000131297041367e+00
-2.179548791890499437e+00
-2.089359427401038527e+00
-1.999007357029106036e+00
-1.908901950623357990e+00
-1.819216255838364660e+00
-1.729845728155678053e+00
-1.640433054504648602e+00
-1.550441982642195349e+00
-1.459272209642883844e+00
-1.366404885785282186e+00
-1.271529605908460869e+00
-1.174644676332024851e+00
-1.076098393711816481e+00
-9.778781216795278119e-01
-8.800020644332757769e-01
-7.834967105777446150e-01
-6.900289999591548984e-01
-5.988427607261908037e-01
-5.120568912323850697e-01
-4.300210168423053148e-01
-3.512841448999219907e-01
-2.763409761572792611e-01
-2.041803263974957261e-01
-1.330643015172610077e-01
-6.280437195116350679e-02
6.731604699343307630e-03
7.628357756444659188e-02
1.453505278769897657e-01
2.124194486650150537e-01
2.775138291716592320e-01
3.398309844525693180e-01
3.997948605348913276e-01
4.623628250644609139e-01
5.330397346418940252e-01
6.195966374051913306e-01
7.302062438611818251e-01
8.665001323198175953e-01
1.024414163783590848e+00
1.192560912581337007e+00
1.353425877524861765e+00
1.490185096927507225e+00
1.589997736102565007e+00
1.647224932496109684e+00
1.664584126541337472e+00
1.651215227518414430e+00
1.620479806697492364e+00
1.587908955946477185e+00
1.570491218095999120e+00
1.584341653001420269e+00
1.643120868218107766e+00
1.756300432624564589e+00
1.924682449648270843e+00
2.140923272269979805e+00
2.390394227505193037e+00
2.652859093302354587e+00
2.909060959231315024e+00
3.142491306666731710e+00
3.341396388172546583e+00
3.500254149076302390e+00
3.616919240431877736e+00
3.692908944005419691e+00
3.733017649502140323e+00
3.745047653504123275e+00
3.740601066792397233e+00
3.734002067438972450e+00
3.741381704429096011e+00
3.778337516899381576e+00
3.858767636366676967e+00
3.994145745228657507e+00
4.191877004910887550e+00
4.455936359657894030e+00
4.784648096915595339e+00
5.168581094965363221e+00
5.590581282323018542e+00
6.024249827220902631e+00
6.436733078652327578e+00
6.793339050270498447e+00
7.061720534836925189e+00
7.218349960129744503e+00
7.252483953649383253e+00
7.168609889564478976e+00
6.987774515201751413e+00
6.745993660592136010e+00
6.491602917730546984e+00
6.279928320720328472e+00
6.166852169571541253e+00
6.201001401035421523e+00
6.415382364305467711e+00
6.822035094948342149e+00
7.407836230474250883e+00
8.134848741918347059e+00
8.944729829346719896e+00
9.764361268170222985e+00
1.051509148496015200e+01
1.112187196833875547e+01
1.152181014246016311e+01
1.167313365377546575e+01
1.156114595960872293e+01
1.120215925777424992e+01
1.064423760721073364e+01
9.963440174278716199e+00
9.257033118035153052e+00
8.633098172506825208e+00
8.198804708840343736e+00
8.047827878291489156e+00
8.248456022398919174e+00
8.834178404379915861e+00
9.796068802609273263e+00
1.108009631797233574e+01
1.258885410094075219e+01
1.418803467725403777e+01
1.571932115568914767e+01
1.701671955285918969e+01
1.792597445556888403e+01
1.832530243643633483e+01
1.814343769087446745e+01
1.737407089989269693e+01
1.608372098407968664e+01
1.441095607449680571e+01
1.255701896479410706e+01
1.076712898473432745e+01
9.304432259312319431e+00
8.418441362293991759e+00
8.311735048913023505e+00
9.109002856649624391e+00
1.083235791918639102e+01
1.338861170513018273e+01
1.657010707698961482e+01
2.007075114613995481e+01
2.351640824205305691e+01
2.650497758013796812e+01
2.865338830931316494e+01
2.964673287171501670e+01
2.928383489506470738e+01
2.751456073004078107e+01
2.446159572179539410e+01
2.042118775914835282e+01
1.584132633952100555e+01
1.127871014329091715e+01
7.340072766200013810e+00
4.613521072373195864e+00
3.595475590517313691e+00
4.618801677756737334e+00
7.791281821596383494e+00
1.295726361533016657e+01
1.969298764079615438e+01
2.734112113805993260e+01
3.507800849401149890e+01
4.200005220126116967e+01
4.721902137739657235e+01
4.996193676313106380e+01
4.967512724573478522e+01
4.612538778050894450e+01
3.947523435159136795e+01
3.030439941880936416e+01
1.956390033654309946e+01
8.474767420469710544e+00
-1.597636578406033792e+00
-9.272718297302144919e+00
-1.329374763244367585e+01
-1.269748159867407544e+01
-7.009423598055596116e+00
3.589639975251852633e+00
1.820893244086599694e+01
3.535453255887862412e+01
5.315591979377212795e+01
6.960010971434975602e+01
8.268752648256220539e+01
9.054007835032400919e+01
9.158660268740877086e+01
8.489945686329753016e+01
7.057351532345808209e+01
4.989757130831594623e+01
2.514237258032705569e+01
-9.245398248658283080e-01
-2.544605171080370098e+01
-4.555452484629814336e+01
-5.828054010435457144e+01
-6.075122495874901318e+01
-5.095723459337218486e+01
-2.880169774239325875e+01
3.347411669180068827e+00
4.124577280686617797e+01
8.026254971767937718e+01
1.166269355623985859e+02
1.473145721596341673e+02
1.687848143408588726e+02
1.763232392241961293e+02
1.655185555989003774e+02
1.352392459993034208e+02
8.950257546921415042e+01
3.598771445366524802e+01
-1.811202024976333291e+01
-6.902701042947022358e+01
-1.146709530606215139e+02
-1.499174535679213704e+02
-1.649732953259940302e+02
-1.498267207059022041e+02
-1.021550072462325147e+02
-3.193668807661366316e+01
4.312107052048541789e+01
1.095196027014976323e+02
1.671554487026060940e+02
2.226402520305202586e+02
2.728371043642218297e+02
2.986843737961946772e+02
2.783106602741380584e+02
2.089168296582170683e+02
1.140327289595302318e+02
2.570611885899953108e+01
-4.332717448147991490e+01
-1.049221392160704625e+02
-1.693449871376287206e+02
-2.212693522394188221e+02
-2.297634658354300541e+02
-1.805092535829520557e+02
-9.325718938192635221e+01
-6.264277832955386316e+00
4.967124421948639679e+01
8.188315732141771264e+01
1.189745273678825868e+02
1.677707049224089815e+02
2.040996398633570834e+02
1.986924016336550380e+02
1.538195779232443101e+02
9.968078348596682758e+01
5.046556360316490952e+01
1.066269281620871823e+01
-1.442552065435619113e+01
-3.913473798346799981e+01
-7.178347075455522486e+01
-9.565868026053300355e+01
-9.252939796690610308e+01
-6.704801943417706411e+01
-4.010449752381843780e+01
-1.757652959594891229e+01
2.766418860242382038e+00
2.079155633161161632e+01
4.331955427197075892e+01
7.970320416860417367e+01
1.287236253378939352e+02
1.625021979347370973e+02
1.551991728770488521e+02
1.215684673116597594e+02
8.387528453215114155e+01
4.740860755251670611e+01
1.569424058968935753e+01
-1.241364538703709286e+01
-4.781590473830001997e+01
-9.755637487971711153e+01
-1.438161476863155599e+02
-1.525849736455694767e+02
-1.161989376179618887e+02
-6.294366992231645952e+01
-1.771827826363410452e+01
1.659642102510424877e+01
4.134686056633962892e+01
6.095038192435153235e+01
8.654646030246266264e+01
1.196888703711386768e+02
1.415578758473846221e+02
1.328314800363654626e+02
9.739493812108753446e+01
5.500100461781448757e+01
1.707234516307988770e+01
-1.688404799642894716e+01
-4.792555667771647165e+01
-7.668961302072523267e+01
-1.039582070920372132e+02
-1.245549477718166713e+02
-1.246629581858396421e+02
-9.814352148490884531e+01
-5.725233453743354062e+01
-1.735137587609223431e+01
1.716880230154207254e+01
4.970655917064226514e+01
8.500688214448811664e+01
1.212698755451474426e+02
1.488628443868132081e+02
1.564791758627868035e+02
1.359572910808873871e+02
9.359728111915590887e+01
4.614924494968056479e+01
4.804923308223465028e+00
-3.135171365390766596e+01
-7.029356420535627592e+01
-1.134996281328124752e+02
-1.473458224846004043e+02
-1.536493317077403731e+02
-1.276556853160138729e+02
-8.042684708344859246e+01
-2.938204544958963993e+01
1.249588135479335449e+01
4.285800787854391558e+01
7.101196632416900911e+01
1.048252485138442580e+02
1.376988572203513286e+02
1.530347682308105277e+02
1.385763749308109993e+02
1.003501527572703083e+02
5.405307200031058557e+01
1.079574383435590335e+01
-2.560412071833601999e+01
-5.856814392108137213e+01
-9.493812064782670745e+01
-1.309239456156668382e+02
-1.494206603495211425e+02
-1.375021756656620937e+02
-9.935196129879032867e+01
-5.111873049363445887e+01
-7.220016796719164631e+00
2.705701734776913270e+01
5.723602765205653498e+01
9.052623496855312624e+01
