9.999945667247788217e-01
9.999865226337704138e-01
9.999819338173127070e-01
9.999748073356732325e-01
9.999684225713789676e-01
9.999629370031731801e-01
9.999555694750701385e-01
9.999503745868076887e-01
9.999433984006697029e-01
9.999371602101375656e-01
9.999316764238178612e-01
9.999241985192910409e-01
9.999190475991566185e-01
9.999124509820755957e-01
9.999058059319028136e-01
9.999005504856681714e-01
9.998934625068152116e-01
9.998878509844681961e-01
9.998816857797325763e-01
9.998751799083716030e-01
9.998697761097887771e-01
9.998629963116613117e-01
9.998574536172974980e-01
9.998514319522945337e-01
9.998449873145653921e-01
9.998397809008203740e-01
9.998332448994671218e-01
9.998276017843896746e-01
9.998219774837941998e-01
9.998156733731443646e-01
9.998104436850254739e-01
9.997950665870120046e-01
9.997748516663268470e-01
9.997536155184174600e-01
9.997311689937868895e-01
9.997078025119683353e-01
9.996832837601435928e-01
9.996577154978525392e-01
9.996311508750835850e-01
9.996034987061532817e-01
9.995749527625155118e-01
9.995453847635095146e-01
9.995149773963797335e-01
9.994837856955997024e-01
9.994517593272523870e-01
9.994191818031493701e-01
9.993859835391545321e-01
9.993522970743695666e-01
9.993183075855204267e-01
9.992839746637386389e-01
9.992495231094346009e-01
9.992149943559804903e-01
9.991804810965364547e-01
9.991461384869295692e-01
9.991119562568194779e-01
9.990781254680793921e-01
9.990446518600774040e-01
9.990116009628458027e-01
9.989791197768078668e-01
9.989471473351502206e-01
9.989158225650233147e-01
9.988851640577990354e-01
9.988551619108213542e-01
9.988259215701384974e-01
9.987973841605068959e-01
9.987696121022316964e-01
9.987425992905203387e-01
9.987163104402415614e-01
9.986907995800801130e-01
9.986659798280399514e-01
9.986418768172689031e-01
9.986184689973168771e-01
9.985956879258574004e-01
9.985735756246988393e-01
9.985520663290581300e-01
9.985311655232829153e-01
9.985108922634395867e-01
9.984912179875456983e-01
9.984722124379762365e-01
9.984538834650873440e-01
9.984362938671116350e-01
9.984195317635722322e-01
9.984036378601818251e-01
9.983887475003189182e-01
9.983749339232046438e-01
9.983623005375720227e-01
9.983504431368386278e-01
9.983397417547300590e-01
9.983305101287819339e-01
9.983228372804597850e-01
9.983167971449511402e-01
9.983124683565872681e-01
9.983098952340351273e-01
9.983091382178141959e-01
9.983102339251048729e-01
9.983132260966997018e-01
9.983181869950450427e-01
9.983251799778353197e-01
9.983343326918785454e-01
9.983458143335318669e-01
9.983598531653553598e-01
9.983767930833156168e-01
9.983970707718965443e-01
9.984212725328991400e-01
9.984501366848277382e-01
9.984845535014316154e-01
9.985255772687745557e-01
9.985743637484747470e-01
9.986321479217022956e-01
9.987001590941975149e-01
9.987795318561908386e-01
9.988712575883825773e-01
9.989719678073253339e-01
9.990849607266658605e-01
9.992113152283711441e-01
9.993509309844442745e-01
9.993086613498123327e-01
9.992191904203908681e-01
9.991276079010954492e-01
9.990340236749758462e-01
9.989237004082233140e-01
9.988068214504236542e-01
9.986874454937140211e-01
9.985606764360566157e-01
9.984198118949765277e-01
9.982655222544245532e-01
9.980863552182136500e-01
9.979040403445961216e-01
9.977019009344968437e-01
9.974709322106883880e-01
9.972089020551003768e-01
9.969419536220818223e-01
9.966708849172307705e-01
9.963966664331284084e-01
9.961204247858854721e-01
9.958433807066764398e-01
9.955668072390818635e-01
9.952919626570164713e-01
9.950162015328354315e-01
9.947387293222090809e-01
9.944660601683221746e-01
9.941990109022861288e-01
9.939382404929775205e-01
9.936842753921859561e-01
9.934375621541648993e-01
9.931985090546433526e-01
9.929675404448092824e-01
9.927451278728096629e-01
9.925317963585724712e-01
9.923281175840920065e-01
9.921346641059277660e-01
9.919519589352489009e-01
9.917804125122841041e-01
9.916199362614018797e-01
9.914680634086283639e-01
9.913276296403290555e-01
9.911981335966184581e-01
9.910788421641114621e-01
9.909688505929095115e-01
9.908671727058374623e-01
9.907728311749164352e-01
9.906849475679547767e-01
9.906028129068119581e-01
9.905259229156744283e-01
9.904539867702334410e-01
9.903868953413368370e-01
9.903246656320138230e-01
9.902673707203883957e-01
9.902150611844091621e-01
9.901677028455064811e-01
9.901251303373292956e-01
9.900870292248044047e-01
9.900529487239839721e-01
9.900223333909028423e-01
9.899945753770561518e-01
9.899690671274530285e-01
9.899452471621542626e-01
9.899226335037640823e-01
9.899008332233072416e-01
9.898795382220179073e-01
9.898585062659093214e-01
9.898375365755851529e-01
9.898164522701221602e-01
9.897950896504970064e-01
9.897733048078353191e-01
9.897509923507763485e-01
9.897281108302099506e-01
9.897047104802807471e-01
9.896809472603413926e-01
9.896570802612379980e-01
9.896334449789666587e-01
9.896104015181438340e-01
9.895882683776719979e-01
9.895672476038009924e-01
9.895466021907312060e-01
9.895264295694894408e-01
9.895066883137337843e-01
9.894867584424711371e-01
9.894658856777719391e-01
9.894432702562508952e-01
9.894181185873252016e-01
9.893900817546628090e-01
9.893587379983800334e-01
9.893238006422616637e-01
9.892862647188365166e-01
9.892462654323580518e-01
9.892043145115608782e-01
9.891621267838390796e-01
9.891198577500546207e-01
9.890783740614842445e-01
9.890386971045715958e-01
9.890008729809304233e-01
9.889655390577197780e-01
9.889332468937097609e-01
9.889050041987743622e-01
9.888819625498066479e-01
9.888657168382131157e-01
9.888582289366584233e-01
9.888600005722939512e-01
9.888708866040630818e-01
9.888888456468507560e-01
9.889091288578111261e-01
9.889260499213712308e-01
9.889327037638262485e-01
9.889223708368034549e-01
9.888901323286034550e-01
9.888334134552829724e-01
9.887531006737146910e-01
9.886535658964203943e-01
9.885428903238684395e-01
9.884318639627687197e-01
9.883323380868879182e-01
9.882561122565104439e-01
9.882121277600425246e-01
9.882050064589681382e-01
9.882343714977653848e-01
9.882939780175253874e-01
9.883731079463626834e-01
9.884578468080822411e-01
9.885329178323540855e-01
9.885839423947296867e-01
9.885989767432644681e-01
9.885704144329305887e-01
9.884957093743068635e-01
9.883779514646370279e-01
9.882258569098369971e-01
9.880524143868889553e-01
9.878738103700223094e-01
9.877074392110953838e-01
9.875698498390831359e-01
9.874752831142952214e-01
9.874339495786195187e-01
9.874511091752141700e-01
9.875262878265760325e-01
9.876528292251178787e-01
9.878181888214369044e-01
9.880043044287069032e-01
9.881891161388126621e-01
9.883484956225769835e-01
9.884585678883948123e-01
9.884987936977013279e-01
9.884545243603302112e-01
9.883195075843261845e-01
9.880977161296451428e-01
9.878039654165656769e-01
9.874636117108420708e-01
9.871105653185513473e-01
9.867841141529870574e-01
9.865245034524190437e-01
9.863676556105320792e-01
9.863401256805139905e-01
9.864544190663034895e-01
9.867059500284194318e-01
9.870720484402678574e-01
9.875130463114997204e-01
9.879759843031944433e-01
9.883567511491947455e-01
9.886307189576349908e-01
9.887627486356239670e-01
9.887184654107059600e-01
9.884825905942874469e-01
9.880624241085281811e-01
9.874887471750569690e-01
9.868140036912973478e-01
9.860490349101347363e-01
9.853147098214348754e-01
9.847152149177811342e-01
9.843308105929525764e-01
9.842131292935362152e-01
9.844149192772490009e-01
9.849269180487258968e-01
9.856973058521113495e-01
9.866569112345420223e-01
9.876431689815786674e-01
9.885216919688151194e-01
9.892345076652737657e-01
9.894040191590616207e-01
9.892794979136576572e-01
9.889512570863508989e-01
9.884330790615016848e-01
9.875796755714143504e-01
9.862003746064058607e-01
9.846853641903400289e-01
9.830484905702644438e-01
9.816023758175332903e-01
9.804960999282547052e-01
9.799983776027594295e-01
9.802250784723181010e-01
9.812133000833508367e-01
9.829088296565917648e-01
9.850868949289491860e-01
9.874020525259196157e-01
9.892955153974711813e-01
9.896186751150933825e-01
9.891800911248515016e-01
9.885986948294632759e-01
9.879838967494130042e-01
9.873998997408794942e-01
9.868858749804989561e-01
9.857929425799638601e-01
9.829129181686915295e-01
9.792243625650658423e-01
9.755629097954678919e-01
9.726913672137721401e-01
9.711341995752106326e-01
9.712067058076766513e-01
9.730507318323444732e-01
9.766000683636485435e-01
9.815686157043521654e-01
9.872180559116255916e-01
9.901552257577229676e-01
9.892916290426426729e-01
9.878802873889550584e-01
9.863940357842568840e-01
9.850052218054938802e-01
9.838881945682033114e-01
9.831958210078786120e-01
9.827667540575072413e-01
9.809040178794138365e-01
9.726580607047964344e-01
9.636883500668206315e-01
9.563624111258528515e-01
9.518299936111497273e-01
9.509263896112476466e-01
9.541151230151818652e-01
9.613928313845313545e-01
9.722408660724242147e-01
9.856363829418390843e-01
9.920821057036278701e-01
9.851348484888302615e-01
9.729813790971765242e-01
9.650315902768582532e-01
9.627177782290170516e-01
9.669020926128636395e-01
9.748905074853061459e-01
9.748058935211759701e-01
9.749841850855122116e-01
9.617728768479059109e-01
9.401934688459507861e-01
9.218253757169492246e-01
9.094244730987257608e-01
9.051137498705513762e-01
9.102102505455974546e-01
9.250031280053686578e-01
9.485958112568106948e-01
9.788446820207270527e-01
9.870731499260013697e-01
9.521493139557579699e-01
9.222195241671252708e-01
9.011900933720472517e-01
8.924964612330658076e-01
8.985535442125066607e-01
9.200299816006173304e-01
9.555507922038054547e-01
9.592621769271471033e-01
9.455697626367483011e-01
8.964338619431122535e-01
8.536080570569279935e-01
8.238228822592801315e-01
8.114868747392108839e-01
8.196458184410438941e-01
8.495674960704734380e-01
8.987511957781243455e-01
9.632648840018083192e-01
9.610964081959829652e-01
8.857124666040464556e-01
8.219170256484306103e-01
7.777932981341528773e-01
7.601618513539555311e-01
7.729296153145890358e-01
8.162112665343017603e-01
8.883625621571178410e-01
9.273872130942049097e-01
9.130816836693415040e-01
8.231708032837059541e-01
7.500730298552238384e-01
7.045017705671305919e-01
6.952244081556093747e-01
7.239743772182705150e-01
7.864438721616869854e-01
8.742986085085148185e-01
9.266852450871286839e-01
9.003324422125569271e-01
8.027596531369384225e-01
7.310637838495295249e-01
6.967290394808546283e-01
7.005195172782900936e-01
7.395841635492981236e-01
8.096149584356840956e-01
9.026588551295483542e-01
9.043474000584504902e-01
8.818518997255729852e-01
8.052694201733813228e-01
7.471963848975793354e-01
7.192368510019763184e-01
7.231999438473381003e-01
7.572221456272887341e-01
8.135693961379922845e-01
8.831542141130126478e-01
9.240773530130568236e-01
9.185947561065270772e-01
8.633041340599921787e-01
7.985735541142061633e-01
7.567564188736314312e-01
7.431963402930894524e-01
7.564729755717427562e-01
7.948850100691627896e-01
8.524560822617494038e-01
9.237821647316951656e-01
9.271979582549291221e-01
9.085665457313105708e-01
8.433034214135427531e-01
7.900335428391935810e-01
7.607799071507086452e-01
7.596805941199752388e-01
7.874587968395725390e-01
8.377609803762682272e-01
9.016900223006240056e-01
9.405296334586754625e-01
9.339969640318673827e-01
8.738362265906182147e-01
8.183392045261786985e-01
7.849671287610935355e-01
7.779932442087654776e-01
7.974153366355836159e-01
8.409036225635320161e-01
9.014173418563499185e-01
9.356329781706100857e-01
9.328515225281156509e-01
8.848707819090120275e-01
8.308984243122315982e-01
7.945795384766775049e-01
7.797225682777977340e-01
7.885407066122281927e-01
8.210599956210478112e-01
8.711140334561308096e-01
9.330647950824160208e-01
9.470705840470433623e-01
9.202579824588426050e-01
8.577159057553449539e-01
8.111875922440119346e-01
7.869855051250344014e-01
7.869422555282009624e-01
8.119778993822186486e-01
8.595206545479817661e-01
9.230098997938980254e-01
9.388954087011227578e-01
9.227766888262917133e-01
8.595487709879038318e-01
8.078273412843579582e-01
7.778404476052118710e-01
7.724850770042908099e-01
7.942598457732350514e-01
8.394370373346883296e-01
9.006280189128572644e-01
9.440786054612739786e-01
9.387153880276877249e-01
8.761084239791137040e-01
8.193906539980175818e-01
7.850349769440322367e-01
7.769377111064212915e-01
7.953768386783185429e-01
8.387539843160051189e-01
9.008498887289112522e-01
9.354471515103774948e-01
9.311404847596604917e-01
8.744362244581770360e-01
8.170781803578196500e-01
7.796447851846510790e-01
7.657189145133532771e-01
7.785553799433893030e-01
8.166657210826985258e-01
8.729458160744034689e-01
9.406853577334465255e-01
9.435491903214933140e-01
9.029314996718791342e-01
8.385578805234027433e-01
7.935700844641851992e-01
7.740386606665821123e-01
7.805130336270822422e-01
8.137987302158995462e-01
