2.303193936280000003e+02
2.074983373060000247e+02
2.058472283500000231e+02
2.045463553270000148e+02
2.054345971420000012e+02
2.067108245189999991e+02
2.051472165950000033e+02
2.055451251980000222e+02
2.040309028560000115e+02
2.053954366340000206e+02
2.052047384450000038e+02
2.047935507660000098e+02
2.040423195080000198e+02
2.037697697790000007e+02
2.040057696700000065e+02
2.029885273030000121e+02
2.031887148920000072e+02
2.031319794080000065e+02
2.022797948670000210e+02
2.025757123820000061e+02
2.534530324520000022e+02
2.535171239560000060e+02
2.539015605900000025e+02
2.542314053320000085e+02
2.537991561680000245e+02
2.545322481200000198e+02
2.534097955410000225e+02
2.537878974910000238e+02
2.535529873940000130e+02
2.539042595710000114e+02
2.541136838630000057e+02
2.521547642050000206e+02
2.525731121610000116e+02
2.529579442050000182e+02
2.527138004660000092e+02
2.542640976920000071e+02
2.531412250450000272e+02
2.533531803910000235e+02
2.530434599760000083e+02
2.512892050840000024e+02
2.506446702130000119e+02
2.510505088110000145e+02
2.520926890660000197e+02
2.509960438530000033e+02
2.514200674270000206e+02
2.523619542970000111e+02
2.522859436770000059e+02
2.517632331710000244e+02
2.508800323270000092e+02
2.510307206520000136e+02
2.508941810470000178e+02
2.512287618420000115e+02
2.505178952120000133e+02
2.516577456480000023e+02
2.498477335030000290e+02
2.512153978090000237e+02
2.518230796770000097e+02
2.507984847130000219e+02
2.373546642490000238e+02
1.713778903140000125e+02
1.718010489840000048e+02
1.706217160540000179e+02
1.759755985750000207e+02
1.741886641520000012e+02
1.743415328390000241e+02
1.756053968810000185e+02
1.729784973700000137e+02
1.759673948610000025e+02
1.756613961830000221e+02
1.730204111420000004e+02
1.762034823750000214e+02
1.724649655630000211e+02
1.756596563020000019e+02
1.732813786920000041e+02
1.839332731630000239e+02
1.784000250890000245e+02
2.479801746530000059e+02
2.338387995780000210e+02
2.530858493390000206e+02
2.819871968930000321e+02
2.689473947730000418e+02
1.734498030809999989e+02
1.861868229460000066e+02
1.865114408880000099e+02
2.673889311249999992e+02
2.963265229680000061e+02
2.807465070780000360e+02
2.833385140670000055e+02
2.939533817930000055e+02
2.969491479630000299e+02
2.887513365320000389e+02
2.926929098840000165e+02
1.947523627270000190e+02
2.842299072150000256e+02
2.847722072860000253e+02
2.963851300590000051e+02
2.957493603160000362e+02
2.908515891650000071e+02
2.958357423280000376e+02
2.942013928200000237e+02
2.950454478010000230e+02
2.947507618730000445e+02
2.947732909420000169e+02
2.953142604110000207e+02
2.942704513280000356e+02
2.946207275760000357e+02
2.936395886880000035e+02
2.950282882410000411e+02
2.951398915839999972e+02
2.180529848820000041e+02
2.991142806400000040e+02
2.971163101700000198e+02
2.792863643240000329e+02
2.831877286980000008e+02
3.400774409260000084e+02
3.400929417120000267e+02
3.411773936110000136e+02
3.409582745010000053e+02
3.418742877210000302e+02
3.408171410620000188e+02
3.403452746080000111e+02
3.515149892170000498e+02
2.692595764120000013e+02
2.075356506319999994e+02
2.072023522759999992e+02
2.073047022210000137e+02
2.065909483679999994e+02
2.097333920230000217e+02
2.140412479539999993e+02
2.170867308270000251e+02
2.209211839840000096e+02
2.147282165109999994e+02
2.074235594130000209e+02
2.062380404580000004e+02
2.065685397459999990e+02
2.135770787480000195e+02
2.133283576440000218e+02
2.579978201600000034e+02
2.784180984100000273e+02
2.139101037300000030e+02
2.058530335949999994e+02
2.160747110090000263e+02
2.120871483040000101e+02
2.110800460250000015e+02
2.094563005550000128e+02
2.070549710780000225e+02
2.050706095970000149e+02
2.052032574690000217e+02
2.045250026950000120e+02
2.097259210910000036e+02
2.068950544170000114e+02
2.114533429780000233e+02
2.122748453940000104e+02
2.759480966510000144e+02
2.646288105220000375e+02
3.464285809630000017e+02
3.428802494430000252e+02
3.449898963180000351e+02
3.435783747280000284e+02
3.443250058660000263e+02
2.733290514999999914e+02
2.080455295370000215e+02
2.056575169580000022e+02
2.047779377909999994e+02
2.448273802700000203e+02
3.382445590199999970e+02
3.141246543870000210e+02
2.057937184740000021e+02
2.058388606560000085e+02
2.087975933510000175e+02
2.124583440900000255e+02
2.086075998250000225e+02
2.236514810190000162e+02
2.967507847370000036e+02
3.517039982050000049e+02
3.466690229140000383e+02
3.447785221760000240e+02
3.421234526470000219e+02
3.438813284660000136e+02
3.446115192490000254e+02
3.439087403860000336e+02
3.421018591300000367e+02
3.447107272200000239e+02
3.436460687620000272e+02
3.419525051969999936e+02
3.443735488750000400e+02
3.439620899740000368e+02
3.432689233849999937e+02
3.411425879770000051e+02
3.435551478610000231e+02
3.466844078350000018e+02
3.469551806230000466e+02
3.429863504380000450e+02
3.455394137810000075e+02
3.450258183830000007e+02
3.484058254349999970e+02
3.462731708550000462e+02
2.903856204070000331e+02
2.892456935840000369e+02
2.895422497470000280e+02
2.889874515300000439e+02
2.879002365599999962e+02
2.911939725210000347e+02
2.886819190350000213e+02
2.882321570420000398e+02
2.882216909539999961e+02
2.879682564679999928e+02
2.884979416560000232e+02
2.888088807760000236e+02
2.889656662890000121e+02
2.882057966490000354e+02
2.869575390530000050e+02
2.871347908470000334e+02
2.880513690079999947e+02
2.891417168810000362e+02
2.886157432300000210e+02
2.930535036390000414e+02
3.003560779070000422e+02
3.011562636600000360e+02
3.019629009580000343e+02
3.021206344490000220e+02
3.015490094120000322e+02
3.015634178650000194e+02
3.009821291580000207e+02
3.015508615290000307e+02
3.001891900560000295e+02
2.997993666930000245e+02
3.008956432770000333e+02
3.023863936110000168e+02
3.002434655850000240e+02
3.005440723469999966e+02
3.007175835650000408e+02
3.004919617400000220e+02
3.048432695220000141e+02
3.037805335300000138e+02
3.029459996159999946e+02
3.036637083080000252e+02
2.893755682550000188e+02
1.783554897799999992e+02
1.757953679029999989e+02
1.754155548080000244e+02
2.628712768640000377e+02
3.013865769570000452e+02
3.003857309160000000e+02
3.017074513290000368e+02
3.007469767500000444e+02
3.021257478900000137e+02
3.030370081089999985e+02
3.010454061190000061e+02
3.018662353139999937e+02
3.031532312539999907e+02
3.033980453039999929e+02
3.017057323000000224e+02
3.005438092589999997e+02
2.995767954870000267e+02
3.001677750570000285e+02
3.019537634850000245e+02
3.023832833570000389e+02
3.013472758280000221e+02
3.017242900649999910e+02
3.031458567610000046e+02
3.029007628990000285e+02
2.993297287620000020e+02
2.992318477930000427e+02
2.989895384440000043e+02
3.579104894220000119e+02
3.580646086030000106e+02
3.600355417900000248e+02
2.998144836150000287e+02
3.001031896580000193e+02
3.009846260159999929e+02
3.006369808110000008e+02
3.002293540780000285e+02
3.596145607010000163e+02
3.608393899940000438e+02
3.600804766770000356e+02
3.588429137140000194e+02
3.608501818680000497e+02
3.616935581750000210e+02
2.998060584390000258e+02
3.035436708650000242e+02
3.649474110300000120e+02
3.630495151730000316e+02
3.592706336170000441e+02
3.613622420740000507e+02
3.643286173850000296e+02
3.620274912490000361e+02
3.609092543200000023e+02
2.999853335560000005e+02
2.977471494870000015e+02
3.591651444260000403e+02
3.610100737190000473e+02
3.587527070940000158e+02
3.600396471239999983e+02
3.606930094810000469e+02
3.573823178009999992e+02
3.563668054490000259e+02
3.558297031760000095e+02
2.962491510419999940e+02
3.558423702110000022e+02
3.569025068060000194e+02
3.559801929750000227e+02
3.545702367580000214e+02
3.547295169140000439e+02
3.549451643970000418e+02
3.562528676040000164e+02
3.562966247730000191e+02
2.975703520040000285e+02
3.567127986720000195e+02
3.536788321920000158e+02
3.554430382440000358e+02
3.527759021870000424e+02
3.539723176180000337e+02
3.527109826140000450e+02
3.542671692460000372e+02
3.535651311040000451e+02
3.536328709070000400e+02
3.530457652230000463e+02
3.537726522820000241e+02
3.541331980770000314e+02
3.515861399839999990e+02
3.508051178599999957e+02
3.504949851420000186e+02
3.490587837250000121e+02
3.514317698560000167e+02
3.510391781010000045e+02
3.521073290650000445e+02
3.511379801120000366e+02
3.530123534170000426e+02
3.524799130190000369e+02
3.414134660400000030e+02
2.076615431970000145e+02
2.991749796900000433e+02
3.593723032030000013e+02
3.591269771170000240e+02
3.591740823330000012e+02
3.582848923250000439e+02
2.711239360769999962e+02
2.132719303640000135e+02
2.130533497010000019e+02
2.084251272860000199e+02
2.118841980490000196e+02
2.163486862940000037e+02
3.001919679040000233e+02
3.511622825780000312e+02
3.528261034000000222e+02
3.524892051040000069e+02
3.510098891279999975e+02
3.526137300240000059e+02
3.520935587560000499e+02
3.531972975710000355e+02
3.515489908769999943e+02
3.517500313470000037e+02
3.526113628740000081e+02
3.519212225960000069e+02
3.522563102630000458e+02
3.540947018820000380e+02
3.562311031140000068e+02
3.533980678340000168e+02
3.528783161840000275e+02
4.131685471320000147e+02
4.128674377220000338e+02
3.060216471610000326e+02
2.438359849590000010e+02
2.798722779340000102e+02
4.009444550970000023e+02
3.931679275070000017e+02
3.956114426220000269e+02
3.954225182530000211e+02
3.930630325390000053e+02
3.942767165019999993e+02
3.947390884860000142e+02
3.924530681550000395e+02
3.931173701780000442e+02
3.915524680409999974e+02
3.941156701230000294e+02
3.934390907940000375e+02
4.498033614490000218e+02
4.508995579660000317e+02
4.515060312240000258e+02
4.481744615910000107e+02
3.273020784889999959e+02
2.748471347130000026e+02
2.749539298999999914e+02
2.811829609670000423e+02
2.819308835240000235e+02
2.756160848260000193e+02
3.166715500850000353e+02
2.740453780600000186e+02
3.098421082130000173e+02
4.282174801410000100e+02
3.767420560740000042e+02
3.299698115180000286e+02
4.610633093120000012e+02
4.601567290390000267e+02
5.180077789670000357e+02
5.755174746530000220e+02
4.931191743570000199e+02
3.551845723069999963e+02
3.599579837590000011e+02
3.375838488290000328e+02
2.857092446970000310e+02
2.823695804540000154e+02
2.834831093459999920e+02
3.176147204659999943e+02
3.547446300780000001e+02
3.560529047830000309e+02
3.548747141830000373e+02
4.979333884630000284e+02
4.494110271550000562e+02
3.686319336190000513e+02
4.525034622830000330e+02
4.491560266990000514e+02
3.394902097910000407e+02
3.091087921040000310e+02
3.439883361270000250e+02
5.728837900370000398e+02
5.148700567820000060e+02
4.586113112450000244e+02
4.576446464860000560e+02
4.540623410510000326e+02
4.561723122090000402e+02
4.313606296170000292e+02
5.069713637530000483e+02
5.059452311790000181e+02
5.085425056740000400e+02
5.061547524890000318e+02
4.122198012140000287e+02
3.444061796830000048e+02
2.754341387000000054e+02
2.818125892260000001e+02
2.870240729810000175e+02
3.154390560080000228e+02
3.200464100120000239e+02
3.217580780630000277e+02
3.199315851580000185e+02
3.159770099220000361e+02
2.905660573060000047e+02
2.856834968059999937e+02
2.798549004289999971e+02
2.839497891430000323e+02
2.771775250549999896e+02
3.222444270299999971e+02
2.801561288240000067e+02
3.108010522460000402e+02
3.118267172350000465e+02
2.968249687429999994e+02
2.761637535560000174e+02
2.999643412890000036e+02
2.869775539310000454e+02
2.904976018730000078e+02
2.778975330910000139e+02
2.738524891810000099e+02
3.415530651180000064e+02
3.353324507180000182e+02
2.880043154130000289e+02
2.778018186920000403e+02
2.765490225249999980e+02
2.834854720980000025e+02
2.838226442389999988e+02
2.853819237030000409e+02
2.791189476260000220e+02
2.986639611319999972e+02
3.153439470179999944e+02
3.242468782720000036e+02
4.781561064680000186e+02
4.759894064650000018e+02
4.770406559220000418e+02
4.737140482280000242e+02
3.299567064050000340e+02
3.121467018030000418e+02
4.325849632400000360e+02
5.171441972029999761e+02
4.622926970820000179e+02
4.581525771970000278e+02
3.710510131390000197e+02
3.737600998210000398e+02
4.554506932370000527e+02
4.572491197140000168e+02
3.961251639740000314e+02
2.789106999840000185e+02
3.181511929890000374e+02
3.175815940990000286e+02
2.756416911830000345e+02
2.796925439750000351e+02
2.809552441820000013e+02
2.810502097620000086e+02
2.798055439359999923e+02
4.837652055880000148e+02
3.258076763290000031e+02
4.483339144560000022e+02
4.707871572710000123e+02
4.186968841780000048e+02
4.183023521520000259e+02
4.192487508920000323e+02
4.201251692770000545e+02
3.311187900780000177e+02
3.076377674940000020e+02
3.723765523730000382e+02
4.831081670860000372e+02
5.049501380680000580e+02
