6.285320890483555200e+16
2.234688982533253375e+267
4.859970920464325458e+266
-1.435584532606233209e+267
-8.944490165884332979e+266
-7.867699570355202601e+266
-4.584301421436870150e+266
1.955575477317207071e+267
1.800080811910239075e+267
1.677475025075471703e+266
-2.999558192136116342e+267
2.440098039504356307e+267
1.865716950054156998e+267
-1.848292826789556962e+267
-2.826984864004574850e+267
-1.714537215717869305e+267
-3.352508132017629905e+267
-9.036981203258147801e+266
1.997164059432428844e+265
-4.269961370161353179e+266
2.580005684507639163e+267
1.298413552411336047e+267
6.695334245409540628e+265
-6.557280440367081316e+266
1.192285461521707937e+267
-1.256859392837593199e+266
2.549515741621107912e+267
-1.904907220593881756e+267
6.146044775154601139e+265
1.335747314757073546e+267
9.773641227104836998e+266
-3.404033324917119189e+267
-7.486563290585882197e+266
-1.455218593685372105e+267
8.238529776452647422e+266
1.363738458093908388e+267
-2.799828870531539264e+267
-9.261250492247388703e+266
-3.252793128391712752e+265
1.363887968273903158e+267
-6.513789143115118368e+265
-1.223721595583415827e+267
-3.617317156816985135e+267
2.475021471497298046e+267
8.484082912688096169e+266
-3.224340476151990792e+267
2.805666851124600880e+266
-6.682331399784721530e+265
1.800665058019536860e+267
-2.324101781628466427e+267
3.317396577014839804e+267
-6.206652416710495694e+266
2.142485279391839020e+267
1.279261359697381983e+267
2.070333146580229067e+266
1.405582810095065854e+267
1.092390631033856487e+267
-1.149296757458218887e+267
-4.196472148717590421e+265
-8.209257783678049612e+265
-1.127628961599801199e+267
5.271124009670281749e+266
5.981926355662646755e+266
2.154841234881518087e+267
-8.085701286713873854e+266
8.182371865612941278e+266
5.565129537826180299e+265
1.131436936591728145e+267
-1.288727172676095802e+267
1.686808983253302083e+267
1.529542748807313310e+267
-2.961208746171626823e+267
7.221542134831247618e+266
-1.628126639020596821e+266
1.335839659365672953e+267
-2.042267996880517447e+265
-1.380528801831704489e+267
-6.245604087842299959e+266
-4.430173703871164867e+266
-3.428911543547507807e+267
5.503320941253764209e+266
-8.748705156320416776e+266
2.662318126148771003e+267
1.880902632804304328e+267
2.575209679236209321e+267
8.101147245492193598e+266
-6.000981163292469891e+267
-7.370168056500362582e+266
1.245431528905388109e+267
-3.137748825526690828e+267
-5.350925663137912727e+266
2.963280440113189350e+266
-3.418222587704491231e+266
1.022957944372341985e+267
7.030599515199872301e+266
1.014588014617487473e+267
-2.602468970767980884e+267
-4.401330561316249199e+266
2.496704009539581957e+267
-1.152848190703494037e+267
2.333670219555156393e+266
2.753787660174131062e+267
7.940769122870270624e+266
-2.516996275581370165e+266
-1.727867735075622900e+267
-2.011714678729623475e+267
-6.557552001945973561e+266
8.917417518352047859e+266
2.151712066199441534e+266
1.640201286611476936e+266
-1.499923039869387842e+267
-2.434779863607072643e+267
-1.230403445606223826e+267
3.024095744392656277e+266
-3.861697224820726024e+266
-2.726249993806468345e+266
-2.258574514687071330e+267
-1.714251014386853897e+267
-7.931285634268030326e+266
1.519225751997675323e+265
-3.816482157741466819e+266
-6.975735309782606562e+266
2.373206494123768297e+267
-9.159337393652071601e+266
1.408165870167500102e+267
-5.523993589990889892e+266
-1.496611064905579979e+267
-1.214414328229547017e+267
8.377811403510405529e+266
-2.097514453452497756e+267
-9.270366322505685629e+266
-2.748432471730641920e+266
-1.555470762668167490e+267
8.435180406246915569e+266
-1.013426680982112241e+267
-6.945649678204914418e+266
-2.483680275401231812e+267
9.297755055300901770e+266
1.162117129563017601e+267
-1.472075948537828203e+267
-2.816494976343991546e+266
-2.106626426766834693e+267
-1.408833219413784629e+267
2.169366907807160696e+267
1.283540739485570899e+267
7.075268719072107961e+265
-1.150507078322678098e+267
-3.045725476905008839e+266
1.861753980432453638e+267
-6.142028718054510156e+266
2.977627081591444164e+266
1.633219343566919289e+267
-1.066178347305624830e+267
-1.570983173764434666e+267
-2.980838482918202022e+266
-1.107917315215370744e+267
-8.884312565499087075e+266
7.826843070504080639e+264
9.427843402160153858e+266
6.744785987007659638e+265
6.184112659255261395e+266
-2.252770621933361265e+266
-5.473816978301799197e+266
1.281500373905910300e+267
-1.058296581861071921e+267
4.405630212540232022e+266
3.153357046534617840e+266
-2.134252778018930420e+267
1.504874029959854136e+267
1.076597501993046657e+267
1.615995757216209048e+267
5.922675523513883284e+266
2.051639129001441205e+267
-1.858342647143258142e+267
1.034082297903743281e+267
1.357641729456720246e+267
3.712960166899081051e+266
7.175998015810625565e+266
-6.303259403018055704e+266
-1.053100541414275581e+267
9.705066409392126630e+266
2.883480479603433726e+267
6.263026810518126547e+266
-6.158665620600108970e+266
-2.108482170167511057e+267
1.142117514930760993e+267
-7.371177144512794973e+266
-1.129423925647083247e+267
1.818691924104361034e+267
-4.250300121121149200e+266
-1.815243272019767076e+267
-6.907409740996722589e+266
7.219368105123824076e+266
-2.300928114484820119e+267
-1.057541568606228623e+266
-2.156602588101511118e+267
8.516613344486375529e+266
4.543013502951121909e+266
-4.907191484963741473e+266
-1.600003350915721734e+267
-8.931831241992959449e+266
-1.609821119288776590e+267
-2.629351966599705081e+267
6.180907480829979420e+265
-6.289477368488848421e+266
2.592136128781870538e+267
1.237639152670817793e+267
5.618404319877060944e+266
1.507445105359261278e+267
-9.813359202593963111e+266
2.146054519159714015e+267
8.935958749629180102e+266
7.831299111409633853e+266
-3.292444777116615768e+266
-1.124392933776922142e+267
1.218986832651128275e+267
-1.360596732339874059e+267
1.280778064793806270e+266
6.632138750010161089e+266
-2.152418622483711648e+266
-1.247883665616935162e+267
-2.095622295420838543e+267
-1.766660791912992564e+266
1.419594882935795236e+266
2.894865214045126705e+265
1.824086381137208316e+267
-2.484081477181964981e+267
-3.477454112991652879e+267
4.529475859413493012e+265
2.417798562648449367e+267
2.321265690752010511e+267
1.572704166998624822e+266
-5.881974126637936429e+266
2.417368520119376283e+266
-1.693409831036410337e+266
-4.420419202053220574e+266
1.264051584993843697e+267
-6.939375082146815385e+266
1.011301342689236392e+267
4.249531603187453633e+266
7.267070410969078533e+266
-1.800707509347820455e+266
-1.206879661739257381e+267
2.088939527098503405e+266
-3.414351318247284470e+266
1.215031785610680477e+267
-1.777570737302794489e+267
-7.764733299325265013e+266
-2.634165936589541115e+267
-4.052955261611468193e+266
4.967907388457795105e+266
6.587381032122579825e+266
-1.304360316189661405e+266
2.563363923114548827e+267
8.015340192965752632e+266
1.270192930998859313e+267
8.448555161933347632e+265
5.661382755303878884e+266
4.523899018619622635e+266
-1.045583155063554450e+267
-1.743527915103398547e+267
7.504869322596784864e+266
6.140448913738498377e+266
1.690706339308553041e+267
1.499759406284415512e+267
1.499184702093681214e+267
3.336904503169586609e+266
2.040572288300558472e+266
-4.422741833383023716e+265
1.534512174824520725e+267
9.438852110741674846e+266
-3.366197757812625960e+266
-2.027979889614834373e+266
3.769947798715110682e+266
5.698471244808479213e+266
1.282724186934025378e+267
-4.685713513101834703e+266
-5.951830523892780528e+266
6.550262843869131902e+266
-1.378618874682162473e+267
2.523178743129361659e+266
1.112419370420704458e+267
-2.438376231781971742e+267
-5.452673613919270847e+266
1.481878978521273638e+267
1.956757019344648931e+266
-2.728398164717032357e+267
-8.527761861473799140e+266
-4.087453078576485601e+266
-4.534093889703211183e+266
3.037819413496071930e+266
1.037750896407267373e+267
-6.737795092054336863e+266
2.115847036331334811e+267
-7.364270120135248834e+266
-1.249538675222189564e+267
-7.315129707847590700e+266
3.370126277843342695e+267
-5.103804196139201271e+266
-9.798420557452333308e+265
-2.282295800109330177e+267
-1.371783254849011720e+267
-2.906649295869674617e+266
2.753901824514248232e+266
1.040999245771162638e+267
8.593961314887599043e+266
5.273285814107827251e+266
2.826094463489271890e+266
-6.388297369344021397e+266
-5.568774959194481209e+266
-1.670531897065046651e+267
5.601722563515635061e+266
9.190414523258600326e+265
2.995055122921976129e+267
5.421953795633971087e+266
8.545922311450218735e+266
-1.928904619267229478e+266
3.209928287431499583e+267
-3.536190539796992409e+265
-2.800261063454190219e+266
-1.051445953214508165e+267
-1.584216335106283019e+267
1.222641648700443693e+267
4.150401457885586974e+265
-3.703912279875448228e+266
3.779012812175592505e+266
-1.767158735556052935e+267
-6.922996401277287956e+266
3.364871006868507286e+266
7.842369077569594254e+266
1.232292337464075257e+267
6.365756674206503800e+266
-6.324496497464514673e+266
-2.586458775250031263e+266
6.745346487428570707e+266
4.873668264660142360e+265
-1.152008765775331014e+267
-9.872174212991715719e+266
1.018209256305949400e+267
3.533009452963660151e+266
-6.015793824182122577e+266
3.385339095550119763e+266
-3.798378338154617790e+266
-9.618159180994146558e+266
-7.016613949009552621e+266
3.258828559658104440e+266
-3.992442755980655267e+265
1.963198519622695311e+266
-2.485333244845150463e+265
-5.840699257959781240e+266
-1.110492523236482412e+267
-1.919017757190331885e+265
8.290576900342405093e+266
1.578998434801114434e+267
1.763235817742810205e+266
3.498871076659025820e+266
-3.624866756450720610e+266
-3.363154115827284876e+266
-6.357973280421104436e+266
1.146936507244688372e+267
6.661298134432246790e+266
-1.064374821494054047e+267
-6.453556051484521360e+266
1.149243109113532544e+267
-1.895093931164683627e+266
9.832194567121922013e+266
3.980511864766313054e+266
8.015471379356754540e+266
-1.224864764417224744e+267
6.502068914815517378e+266
-6.969631093867420979e+265
-1.680475863478744891e+266
-1.738178069471301813e+267
-3.757151182953028719e+266
1.248785855383959059e+267
-6.256807320858338344e+266
6.955980262666757116e+265
3.472844606988556927e+265
6.103702518289637884e+266
-2.741331283580151362e+266
1.686510090473136945e+267
-1.751899202498228463e+267
6.259648958453295150e+266
1.830143067257201929e+266
-1.402471539573222266e+266
-4.641060453677944341e+266
8.144855897579167147e+266
1.747811465296477244e+266
4.037046156486833523e+266
8.943112885951166799e+266
-5.087980596723102742e+266
2.138690720084780052e+266
4.547682285127729593e+266
-1.623069933166480584e+267
1.166006714465437184e+267
6.667299772246836127e+266
-7.584919971496177082e+265
-8.597331739046251277e+266
-1.052440809623459314e+267
8.022747137670142750e+266
1.110943021608070921e+267
2.261339386830755544e+266
1.210245590916642179e+266
1.396278646125854855e+267
1.733164669357772322e+266
1.356040333267223254e+267
3.225927058312183783e+266
-5.641873940267031400e+266
-1.332111463096836213e+267
-9.291265883100935909e+266
7.808485564937143444e+266
6.980165405821277680e+266
4.767450720893317314e+266
4.735032996112152493e+266
9.453777713268595412e+265
1.416339718998620438e+267
-9.790186085873628111e+266
-8.780597735908961800e+265
7.707531118922334636e+266
-6.808365658150574765e+265
7.756480221170967379e+266
-1.927649924330696939e+267
-4.388539356258565549e+266
-8.133783328810350401e+266
-1.348407172763866240e+267
4.322786476296048478e+266
-2.952636990723840267e+266
1.041594300984261007e+266
1.247404704420851002e+267
1.123510337072319450e+265
-8.389094320060280550e+265
5.183474799419010399e+266
-8.248306953506843216e+266
5.346274717194860581e+266
-7.227285261415410384e+266
-6.003817804453315978e+266
8.860177375994680659e+264
2.501998881618812105e+266
-1.034083832434665403e+267
1.227654467995133223e+267
4.733010944109441696e+266
1.538198567995655958e+266
5.641250733483076976e+266
-2.593137171616724229e+267
-4.680253511749185408e+266
-2.916303351868109613e+266
1.134243751715548918e+267
1.604664871598519539e+267
-9.518300069469855097e+266
5.543371237060723156e+266
-6.383774830582166095e+266
-1.806942231440125555e+265
5.961320183657364968e+266
-6.486321463149117523e+265
-4.076356716867937267e+266
2.500730944944153204e+266
-3.433798911945764079e+265
4.807055022340606948e+266
-3.901792766444863824e+265
2.103417442961598601e+266
1.633734436856968814e+267
3.904548426612961562e+265
4.799234203438724432e+266
9.134408165103791232e+266
-7.971759377614625062e+265
-1.905942048290929683e+266
-6.502024041591999802e+266
-7.197499844794093734e+266
-5.875244339568659310e+266
-3.237358597957440076e+266
9.883448345651327002e+266
-6.446218735434785949e+265
-8.120937459584496682e+266
1.129160811798633504e+267
6.952361063693456225e+266
-3.436000725712851378e+266
4.784340054222741752e+266
8.323961294779276849e+266
5.544295674010147195e+266
-1.630481011863980874e+266
-3.518255945593743067e+266
-5.137597790573084647e+266
-1.253580703068869922e+267
-5.848268750630110156e+266
-4.409159877367611246e+266
-4.381760472778088563e+266
5.532937558237381576e+266
7.154225989758776323e+265
8.367042044747915043e+264
-6.262666080694532319e+265
6.758684633860168902e+266
1.091137595127620079e+267
-1.237446393879591521e+266
-7.955416856054023544e+265
-7.312786920260272882e+266
3.389769676736902083e+266
-1.387247500519051832e+266
-4.577039930803731824e+266
5.880818071943712600e+266
6.049536723007247393e+266
1.208411713507135091e+265
1.186127040792349187e+267
4.711827853803399827e+266
2.530728793767732846e+266
1.411138631531264700e+267
1.153707345301596028e+266
-8.721008914007350689e+266
4.331553329934388427e+266
5.230994522607476742e+266
2.324374221334133017e+266
1.586141515152158863e+267
-6.031350015401406914e+266
7.642743165357523181e+265
-8.621043532399149510e+266
6.512944414445511157e+266
1.788023034214968139e+267
-7.347271737906048047e+266
-8.156330512354357349e+266
1.377990084901454894e+267
-1.358316037571633748e+265
-1.016863770916114377e+267
5.767597738177812156e+266
2.059744969404126327e+266
4.565552844121585775e+266
1.066795060322161793e+267
1.166763952562047231e+267
-5.074030837527188545e+266
-4.295696529816203682e+266
-5.646146528122587742e+266
1.020928148942168977e+267
2.215806582711120578e+266
-8.133614835257291145e+266
-1.116048197373401351e+266
4.566909318356616079e+266
-2.204160651676385561e+266
4.309867374129830104e+266
7.491756933663220961e+266
-1.310745856075696062e+266
-3.126232075209329293e+266
9.786154587447601524e+266
5.109377451446542512e+266
6.786371477633204987e+266
-5.148086538958282540e+266
-1.427061156422647640e+267
-7.887574884611418247e+266
-3.392155478493093103e+265
2.166899394822049488e+266
-8.713201095257162591e+266
-5.767631227223125038e+266
6.647531096843442946e+266
-2.820742796230812975e+265
-7.027561048472503429e+266
2.130708646211115877e+266
-7.632336266713721260e+266
1.779458238000421680e+267
2.358224588087967290e+266
1.593653509351466324e+267
2.659476100055864799e+266
-2.360356395977662735e+266
1.279041443115054663e+267
-3.876995207169375805e+266
2.081337683918325940e+266
-2.600900533297809600e+266
-8.210418256551089068e+264
-6.568077307921960206e+266
1.097630446227760067e+267
-3.527531143713612321e+266
-4.602938150074089407e+266
1.153663751955574954e+267
4.955689554105064994e+266
-2.886581828475015555e+266
7.935347143274073491e+266
-8.144806090359074814e+266
-5.263407625843470249e+266
-3.512197643513362029e+266
6.701649848859402724e+266
-6.306116037557687728e+266
1.395028549445855384e+267
3.968710637782568497e+266
-8.612818627998042443e+266
4.613235686829195966e+266
1.816481637970961025e+265
3.506436277693147297e+266
8.790990833242029870e+265
-4.927859705426569837e+266
1.215026328714777581e+266
-7.647810559388322091e+266
7.176224028967773666e+266
-1.022461448643091672e+267
9.000615712240551948e+265
1.141490481384837438e+266
2.408841734214672024e+266
-3.058628164378665969e+266
-3.932401178528757185e+266
-6.699162814595834110e+266
-6.160111429367968217e+266
-1.216510642519629775e+266
8.871850130779198579e+266
-4.235854654211203867e+266
2.795848758583411507e+266
8.942253488742326980e+266
-6.793392251389282928e+265
-5.543021770059029314e+266
3.615102611427860853e+266
-9.290907896946000640e+266
5.975140488652975203e+265
2.445609305303388648e+266
1.087634081257997459e+266
-5.104284823843584482e+265
-6.207932763318326829e+266
-1.281927882162705003e+266
5.581254383359572964e+266
-1.842015363145564755e+266
-1.308090337222775913e+266
2.484947544905833269e+266
-5.047815338865468522e+266
2.856712171607555343e+266
-5.646864699936034318e+266
7.195575609716489222e+266
8.653622121102070170e+266
-2.101888282549779367e+266
-3.759808572832907746e+266
1.019474045554395173e+266
4.433650803503542228e+266
7.293246165894512847e+266
-3.758780206500328310e+266
1.661728304081079262e+266
-1.447987429517563086e+266
1.185300461836571225e+267
-2.916105820901589469e+265
4.352381278699240546e+266
5.402947481021122573e+265
-1.215514441761154782e+266
-6.520241120942271141e+266
1.663989131311987782e+266
4.238577513029226734e+266
-9.103017405783489309e+266
5.200488331996930094e+266
-4.777752801677657982e+266
-5.243740465036206628e+266
4.587028924356221424e+266
-8.626314973794622318e+266
5.028763128737697298e+265
-6.639329510270483627e+266
-3.424797000623255219e+266
2.797179892653915152e+266
-2.600098746944504548e+266
3.334793610817754022e+266
-4.397407014690509092e+266
4.213969814046811728e+266
4.887489340416274188e+266
4.122958370628006524e+266
2.767125032859758613e+266
2.395349370778009799e+266
2.254731948623452897e+266
7.840313066876839611e+265
7.859418493291734525e+265
-2.870669001155283389e+266
-6.662389208336609459e+266
6.650838355846988253e+265
-9.641587788815781280e+266
1.006771704631495868e+267
-5.212733661143732411e+266
8.868730959967162859e+266
-3.126663992455461800e+266
-6.746066427265578928e+266
-2.836322348153300533e+266
-9.772631911472701121e+266
-8.715442173600841975e+266
3.390401482303071319e+266
1.257427419943440962e+266
4.976201680450461068e+266
-4.168612217008602077e+266
5.005757270472403800e+266
-7.318187170935990368e+266
4.084720966917491631e+265
6.520546581009166833e+266
-4.441051018063699235e+266
-2.959271581252072266e+266
5.998113990240561512e+266
-5.782427496516623584e+266
9.698092069190954568e+266
3.655319016769686261e+266
5.353277539524998464e+266
-5.728703150496728724e+266
-6.497357338017418140e+265
-4.634295367250492019e+266
-4.651721257328234320e+266
-2.156012373891316318e+266
-1.430279150181688652e+265
-1.879293858747366118e+266
5.960716877355510255e+266
-4.513092400363255083e+266
7.889607687421405623e+266
-6.330924372594087768e+266
6.093678035981331562e+266
1.998428737287732161e+266
-1.941027871226314838e+266
-6.835953739129879935e+264
1.083593435232976257e+266
-3.694967855021257779e+266
-2.657226112498660931e+266
-5.241137206105808107e+266
1.158614518691231821e+266
1.293318407410271759e+266
-3.989284330476389168e+266
7.880246483703662192e+266
-8.791352735878925516e+266
-2.719871902065324159e+266
-9.103150976495966566e+266
-5.897308207631399618e+266
-5.501834110121676821e+266
7.935426078442942808e+266
-7.893856677815446172e+266
-6.618096733565330185e+266
3.676958276102543555e+266
-7.403941397046484152e+266
3.320076967589162835e+266
1.629017504289455581e+266
-4.309532317502283380e+266
-2.986762068566797238e+266
3.113595398527778341e+266
7.851750946128827885e+266
6.203652762742279628e+266
-3.601462840273586909e+266
4.637758973904078940e+266
1.221528503497723432e+266
-7.023723279743604681e+266
-3.256517571503641569e+265
1.081799508072854379e+266
-1.369051374513308900e+266
6.968755405827444755e+266
-8.861525134960565873e+266
-8.042756048800128425e+266
7.159039571950878718e+266
-4.534838832546380926e+266
-7.387318816740080077e+266
-1.035566219019229937e+266
-4.268850724329760328e+266
1.092463410363508066e+267
3.403258910402586544e+265
3.133750367758458959e+266
4.027576086447854106e+266
8.853691540220846467e+266
-2.748581798560211855e+265
-4.356002418947084748e+266
-4.647269282967763718e+266
2.935747586964661045e+266
4.909691234866798849e+265
4.655098203636280650e+266
-1.750161269482422770e+265
9.445690133563072539e+266
-8.763980215652575591e+265
-2.567853613121758947e+266
-4.474305784085653260e+266
1.496321825808385999e+266
4.570493099479126234e+266
-1.915773546210342169e+266
8.613295908404071808e+265
-3.117773018556558783e+266
1.435340316844785137e+266
-3.022883863069992031e+266
6.471663422968291815e+265
-3.519171363191645036e+265
-2.690959248042356685e+266
-3.668628091568997803e+266
-2.609032840525967281e+266
-1.366894209036967870e+266
-4.268073738839286652e+266
3.247606952609999131e+266
-1.577052839691949311e+266
5.364367136327355979e+266
-6.649877580922242095e+266
1.418222073915924966e+266
9.098223456422210978e+265
5.845203300459186919e+265
1.144856373590453394e+266
-4.087130531291013594e+265
-2.408624600828409687e+266
2.500134295435877252e+266
4.205074991485077723e+266
9.132981368770268089e+266
1.852501356640228989e+266
-1.493296112410265283e+266
2.357490207577074705e+266
1.627578639212790236e+266
-7.870191180224433121e+266
3.095726372118620665e+265
-2.300069987157173897e+266
1.042395380053374044e+266
2.947037348492830317e+266
-2.835510467544738433e+265
2.499330993934592161e+266
-1.493028344744551279e+266
-6.840229699294167682e+265
1.411503399825943840e+265
-1.729054738544979735e+266
3.504669751854446525e+266
-4.519888712745420009e+266
4.022907161038097530e+266
-3.577980101528985579e+266
-4.502064768115034733e+266
7.291553410233073483e+266
4.574084675609297140e+265
3.569281552341462557e+264
4.645446368003888328e+266
-3.151646359563930814e+266
-6.276378698363220902e+266
-1.886130867461048333e+265
5.196757443343221023e+266
2.259420532919003232e+266
-2.317329075163819709e+264
6.069846687176464200e+265
-4.789420700207068857e+265
-5.789106469778579993e+266
2.915275845879247887e+266
-1.403045301168024808e+266
1.715523326766772544e+266
5.417129329173195040e+266
-2.215660230932975279e+266
-3.709940751788779944e+266
-3.820981884793877104e+265
8.078929585371622516e+265
-7.466629325708340005e+265
6.395585059649595437e+266
-4.742142241533001566e+266
-3.308474146290830521e+266
5.000934233967516724e+266
1.287109151372480883e+266
5.971730945765265601e+266
-1.869563673420245699e+266
-3.364973069752670884e+266
7.132923584710865168e+265
-3.463799006535241879e+266
4.681347596246121396e+265
-2.619557707678813234e+265
-1.111199891052669387e+266
-1.477897921803749448e+265
8.332680166385344700e+265
1.668012479446380943e+266
-2.508400555625746990e+266
5.426013135375743654e+266
1.632447245635290720e+266
3.744511366285494851e+266
7.564598257881508298e+265
1.398169572603675946e+266
2.329705392017807081e+266
1.619133149403376474e+266
-5.974440103921565601e+265
9.769051959607333881e+265
-5.243223215241771409e+265
5.469730874986152273e+266
-2.925594600756870538e+266
3.893807233634236238e+265
-2.825023892134026177e+266
-2.486691068966683136e+264
-1.071207103234567925e+267
-2.047035995387166828e+266
-4.472789812059959640e+266
-2.315437061339685002e+266
-1.352755239714888186e+266
-8.342415363709232021e+266
8.243677423641063582e+266
-7.240550131211776198e+266
2.694975620181801084e+266
3.796057777240252759e+266
2.162249184196717251e+266
-1.583660603501718553e+266
1.292842181431675497e+266
1.776840684745770001e+266
8.077973504278273579e+265
9.686642956848901423e+265
9.744216137024719832e+265
8.255052919068493275e+265
-1.980317466642431526e+266
-3.809668034431315550e+266
-2.896332705797390711e+266
-2.585039760275035374e+266
-4.490617749389175801e+266
4.579099921688138096e+266
5.047364376012769430e+266
-4.740050914770576503e+266
3.100288569393457355e+266
6.657255345662802828e+265
1.287721021761917179e+266
-2.224545602452576211e+266
-1.143975754885937502e+266
3.340764559796716795e+266
-8.021042620006389240e+265
-3.819163201417878476e+266
1.146138178196727518e+266
-4.177663319195787371e+265
9.927045381616144479e+264
-2.174191365791494770e+266
-4.625798905771442989e+266
6.209828660083711123e+266
-5.909879912365652849e+266
6.267550839045066221e+266
-5.102450729531107458e+266
2.317301351999224318e+266
1.941199986612476263e+266
6.827923026560681968e+266
-2.516426372586080159e+265
-1.397482049914603040e+266
-8.931747753347955578e+265
2.733965724306762334e+266
7.323868583794430586e+266
3.609095278266180538e+266
-1.343518560923261677e+266
-5.949616549221662535e+265
4.275236538230925482e+266
1.033097569140623997e+266
-3.327164405092415291e+264
2.748247664778050042e+266
-1.698625235627997759e+266
4.086579472447021291e+265
-2.012750620207492275e+266
-2.782864262701009719e+266
-2.592115679487496956e+266
-5.334801933855066933e+266
4.604911833246866311e+266
-1.078858971699927870e+266
-2.176849585320205258e+266
2.468843775998298246e+266
3.344171627079376285e+266
-3.833406049004247495e+266
-2.911679735227287963e+266
1.009282153307611608e+266
3.921154568358290576e+265
4.728134769942687629e+266
-9.727259349907318823e+266
-8.075148418242900996e+265
1.186818361315420444e+266
-1.954368781211166260e+265
-1.696007356575743216e+266
-2.991105655516723239e+266
-3.604339777302287248e+266
-3.330931265243232215e+266
4.749463724363517778e+266
1.657228170401876158e+266
-6.368850238227069331e+265
5.824343623956469765e+266
3.766124297871541574e+266
-2.073243331616428757e+266
4.678032090042262888e+265
-3.045137575592506660e+266
6.524121257084286199e+266
8.999042080625775480e+265
5.434098189752669540e+266
1.635216480624671067e+266
3.383599592417803878e+266
-3.054410979780183073e+266
3.091545392608003919e+265
4.327733675541652966e+266
-3.594751388687304288e+266
1.860678267512211966e+266
-3.365127605374983540e+266
1.032735852806712201e+266
-5.493690856427232802e+266
5.355482928181292835e+266
-3.043612388706253271e+266
-7.712367509967576526e+265
-6.973254997150961150e+265
9.329843642662613984e+265
1.532217797114212648e+266
1.962383909826143264e+266
-1.962534489840876158e+266
4.168297239948507504e+266
-4.655594182806902748e+266
-7.197809459960595814e+265
-3.620222228330705194e+265
-2.378079197765419680e+266
1.955349821052808096e+266
-3.075024791286188207e+266
-1.912719035189528537e+266
1.315373446225537717e+266
-1.857312376154677008e+266
5.552812927962865150e+266
2.955773065528741375e+265
4.808329462708290535e+266
6.829734086109331290e+266
-4.788567424593984395e+266
-2.832534746890177518e+266
4.731381137056301361e+264
1.738366013578579236e+266
-2.174869917360908107e+266
-2.385340923012564579e+266
4.875943139774122290e+265
8.937461048749573584e+265
1.358665355124368152e+266
-2.311920509608576716e+266
-2.350967768721376897e+266
-1.506548739133529076e+266
2.824956062347888221e+266
2.509337864952085314e+266
-1.711266744597198392e+266
-2.620289653933303855e+265
-2.829851573606893054e+265
-7.206529703598008757e+265
-6.623863142830824522e+265
