6.285320890483680664e+12
3.848239224395526013e+264
3.870653022931788997e+264
3.930196453281521188e+264
3.676194598351192360e+264
3.822239239568484978e+264
3.781237190398856134e+264
4.067921502020298579e+264
3.951777830758224681e+264
3.843358830280467615e+264
3.879119792463587421e+264
4.055892364924305129e+264
4.161179121693600124e+264
3.588941753073201938e+264
3.943248298625973553e+264
3.809055080107994727e+264
3.730894106613197998e+264
3.855358061748418226e+264
3.968070354940659587e+264
3.848618065889485266e+264
4.119328110123099938e+264
3.919471131403460602e+264
3.882266549755816628e+264
3.915053814563502075e+264
4.040918630864276804e+264
3.947253391443094829e+264
4.150056068803675653e+264
3.874273967066432137e+264
3.877581685476337147e+264
3.991285851928359820e+264
3.842469752070309462e+264
3.858620912396776821e+264
3.713408002082628132e+264
3.826223509442246801e+264
4.022098432359537649e+264
3.824814946677579421e+264
3.804925065615098978e+264
3.953885918923579089e+264
3.935930990640955133e+264
4.009354778485748617e+264
3.909533010401929239e+264
4.078924641479229294e+264
3.690515901822168095e+264
4.081210186808106849e+264
3.965840197693663547e+264
3.656881450353064707e+264
3.997794843021240856e+264
3.841327613304799773e+264
3.971072017333798497e+264
3.772085887368445112e+264
4.157915503728859134e+264
3.744625321595598799e+264
3.999675210526694621e+264
4.101595608747658110e+264
3.967446940824375318e+264
3.899110028385682028e+264
3.802986415355447838e+264
3.776546666911360759e+264
3.841245408603139074e+264
4.102939415158996444e+264
3.833545622780750044e+264
4.068718533611237638e+264
4.067591586052251863e+264
4.106568613548267927e+264
3.744298637392025409e+264
3.763844587503389655e+264
3.950163025328968533e+264
3.833717122408048826e+264
3.661775655708209699e+264
4.015622838635231054e+264
3.841133712462197155e+264
3.827711978143585157e+264
3.990851125083305791e+264
3.853125165098140875e+264
3.879907182013575883e+264
3.804445522306597651e+264
3.717455723687522318e+264
3.844395453168307978e+264
3.844387401316402538e+264
3.881970581035033035e+264
3.803863187964211771e+264
3.785748481373286478e+264
4.089591053977831960e+264
3.957984550034857299e+264
3.840983255182434716e+264
3.894807821122612851e+264
3.697154747268697996e+264
3.813152935772114643e+264
4.035961607202423516e+264
3.756698040902529157e+264
3.635548318731304553e+264
3.830507142912425819e+264
3.887695395994153058e+264
3.950125004477663159e+264
3.890557707681734464e+264
3.934245088706911884e+264
3.750074836527764392e+264
3.772735729130558453e+264
4.047508666629891916e+264
3.800474713475042722e+264
3.900030355298030664e+264
4.074666990345579398e+264
3.912659803387706172e+264
3.998112792554150494e+264
3.687102607356150474e+264
3.794888349650993471e+264
3.811000712223787331e+264
3.972844366852330097e+264
3.766261931595602780e+264
3.783111600136628151e+264
3.629630768308301878e+264
3.656610545324902543e+264
3.774751692616049515e+264
3.949866520127659736e+264
3.728241080166210959e+264
3.755240446397676108e+264
3.732738424537011359e+264
3.811892195986444192e+264
3.785769599330997606e+264
3.815036839601147171e+264
3.734954833160604297e+264
3.792916652998205466e+264
4.037207793102408732e+264
3.710058666862125303e+264
3.711196116866986218e+264
3.972406003566074489e+264
3.709735232127046133e+264
3.748515210627479692e+264
3.665621947884038010e+264
3.811474612866413326e+264
3.491605722951716730e+264
3.707545220297378646e+264
3.658374631090129350e+264
3.772912374750919559e+264
3.622031188588599303e+264
3.592274653954778700e+264
3.682296844721059141e+264
3.777945834463471461e+264
3.917924063721467355e+264
3.710302025955584203e+264
3.644182534991517370e+264
3.520754265937295990e+264
3.593622788059886434e+264
3.734507824347461052e+264
3.767728993419846111e+264
3.810998748764068253e+264
3.626664299094833296e+264
3.805763506860514492e+264
3.943396016844520433e+264
3.731547759969946113e+264
3.711125071829857101e+264
3.876922959454060924e+264
3.702974714069909374e+264
3.717351493248416817e+264
3.578535271295609649e+264
3.658382549251876023e+264
3.626738814737832692e+264
3.759051625975714988e+264
3.677433931864795508e+264
3.543209469590467355e+264
3.743482838197156098e+264
3.645865251382833744e+264
3.598661309518931024e+264
3.666448251683575878e+264
3.600649537251575124e+264
3.607278381808190356e+264
3.798645212975232779e+264
3.729651999814646574e+264
3.743665591060936750e+264
3.664072195343677928e+264
3.751722689367383079e+264
3.661974004313229801e+264
3.673665774849731929e+264
3.548096661170305842e+264
3.623925517692187050e+264
3.692037758655569443e+264
3.470699029809477427e+264
3.657042774539568765e+264
3.568340696217742838e+264
3.587344636809790089e+264
3.702576768104660346e+264
3.767891079404324096e+264
3.762189097612238683e+264
3.524958058422221364e+264
3.316817357760473841e+264
3.598974860328203641e+264
3.470459582449147615e+264
3.411941600797045737e+264
3.785689502005521625e+264
3.512465005619602556e+264
3.429381383065884296e+264
3.645459889483240748e+264
3.656527548966405760e+264
3.530170413084722111e+264
3.502275834399441518e+264
3.489066879388149117e+264
3.656679891381173537e+264
3.559775984304102997e+264
3.524914073894609966e+264
3.380374510291532700e+264
3.599784807071028779e+264
3.475967173656892162e+264
3.415696904963122341e+264
3.413873447394019895e+264
3.461161338513517159e+264
3.740211845589103592e+264
3.704635163042437961e+264
3.566297044100136301e+264
3.647971932997882926e+264
3.493196097950498537e+264
3.612109665640853428e+264
3.481430987387324136e+264
3.550359250597039307e+264
3.516048072107991870e+264
3.497488442413782482e+264
3.501071042746240037e+264
3.425043268765426067e+264
3.528509817095162011e+264
3.427920143591284454e+264
3.472800021420539768e+264
3.439955532744575226e+264
3.383232420567667177e+264
3.410348239155560915e+264
3.443064531294554706e+264
3.454522714628841992e+264
3.503048956791632729e+264
3.316440626999597689e+264
3.277917697151286279e+264
3.363892761213394447e+264
3.551065310914315249e+264
3.551357143639323634e+264
3.329771943803955746e+264
3.385485421142585387e+264
3.362083692270050739e+264
3.455668072811989873e+264
3.373415726014391661e+264
3.433847715014028893e+264
3.311437314822873158e+264
3.334920023667041100e+264
3.377836379012073144e+264
3.408355565071185063e+264
3.241308234218012722e+264
3.302466408327007413e+264
3.344581065144048629e+264
3.400484096082473063e+264
3.415484514398295920e+264
3.247462099491801864e+264
3.336023873743512228e+264
3.223431464834073734e+264
3.295810851691110000e+264
3.349259896918518245e+264
3.338934741399698622e+264
3.376447606700984143e+264
3.413893069246784332e+264
3.444452563996497832e+264
3.309933029608779054e+264
3.267768555769014308e+264
3.267934511238220799e+264
3.272308905728602944e+264
3.169983447627859763e+264
3.222784501524831254e+264
3.319418351401786597e+264
3.277353892811111164e+264
3.403518092186671438e+264
3.316281472101897210e+264
3.328115207591837451e+264
3.184015936115415659e+264
3.233583469397428869e+264
3.234627066909654293e+264
3.362073513660237345e+264
3.279651451991336492e+264
3.318836950042153381e+264
3.219688960688961626e+264
3.134208901128039362e+264
3.320018437615921195e+264
3.181401812989948649e+264
3.185276391363879173e+264
3.085957161149629529e+264
3.245281752319418473e+264
3.045037862963156513e+264
3.112012443846536793e+264
3.273174101075996228e+264
3.063116334534710687e+264
3.148446526916661564e+264
3.210226201120195114e+264
3.204269458834604854e+264
2.963146500445011115e+264
3.045782971880110745e+264
3.037290475187803663e+264
3.148807424574801907e+264
3.120917376564488600e+264
3.205658231952061573e+264
3.056802940524186615e+264
3.194208869419736180e+264
2.993081149629859573e+264
3.023726866133727520e+264
3.100101997398517075e+264
3.435955309028783347e+264
3.038770158735741721e+264
3.019179884842878811e+264
2.946121497128309637e+264
3.046762259425597479e+264
3.032632350393034928e+264
3.107847928123512355e+264
2.980060221670997412e+264
3.122782901249353184e+264
2.961336587041711266e+264
3.072441092895754693e+264
3.022522963758569274e+264
3.037807238495744942e+264
3.034731011666943097e+264
3.091811010189082228e+264
2.986298212743797679e+264
3.217528545583192527e+264
3.003219482646512615e+264
3.001090320590635983e+264
2.858350820592546827e+264
3.159725530556201736e+264
3.008033226643340570e+264
2.833951285093737420e+264
2.858811727903763295e+264
2.873612147191553039e+264
3.001893750730754980e+264
2.911446075115141163e+264
2.944392887075273962e+264
2.979035803781021120e+264
2.884749841971116302e+264
2.921867593126270775e+264
2.936407269704187999e+264
2.925338208942555559e+264
3.015594155749647340e+264
2.989330232459888177e+264
2.784242433677964556e+264
2.831907554577317111e+264
2.943709268242575632e+264
2.843915890282619160e+264
2.755592055901331065e+264
2.753589414412631021e+264
2.876750655290283650e+264
2.825090764952537462e+264
2.847974359709081162e+264
2.770250980496220474e+264
2.811128538353432493e+264
2.820890106965502623e+264
2.869146883953649884e+264
2.844719860670395249e+264
2.825828315654443202e+264
2.852946524789178098e+264
2.804665108069726237e+264
2.719300071570026188e+264
2.641867675002379674e+264
2.768138802346624621e+264
2.811364255493866638e+264
2.826003936790235438e+264
2.768737651067797571e+264
2.742189878010631529e+264
2.742356078720564045e+264
2.740035434843649300e+264
2.755702267946163740e+264
2.807362968704353101e+264
2.808747988566410916e+264
2.690242982077255767e+264
2.761834637856440348e+264
2.768153204328506717e+264
2.674943673547134954e+264
2.724020875533995816e+264
2.723393823084481675e+264
2.746090870229102407e+264
2.633672627238675764e+264
2.742914970319110569e+264
2.691806922484532376e+264
2.711753668531993822e+264
2.587548272576917107e+264
2.642608197712139355e+264
2.692249076566651031e+264
2.539221572019300802e+264
2.675824165597658515e+264
2.604660093156276029e+264
2.591532656434050821e+264
2.637611405033332920e+264
2.632028563966085168e+264
2.568187126328411530e+264
2.659247179564916815e+264
2.648098817485690951e+264
2.645894875644894252e+264
2.582472343309731295e+264
2.665365933949785604e+264
2.602680751673964153e+264
2.578217772893159971e+264
2.541495468143678108e+264
2.525766907210675477e+264
2.489821714465606754e+264
2.555850316347412534e+264
2.377109372096115383e+264
2.594482324057448738e+264
2.532903722443799060e+264
2.611398242849435414e+264
2.441565438707894072e+264
2.593448075606617701e+264
2.487413669986549537e+264
2.581726413793673206e+264
2.460759783792706946e+264
2.508431166826225446e+264
2.571875593699815177e+264
2.503975801115386901e+264
2.504849380261621915e+264
2.520595761065175814e+264
2.457125049778602170e+264
2.408999400120760901e+264
2.367030462319065378e+264
2.527514455778842091e+264
2.478733919094506423e+264
2.459637332786268546e+264
2.410054920150686879e+264
2.410595642588491017e+264
2.458663679679998197e+264
2.389522714369572743e+264
2.363421992217391038e+264
2.434752563951138928e+264
2.349963067597684664e+264
2.352362137264728214e+264
2.317577125200960949e+264
2.370125000158952403e+264
2.397473853549098512e+264
2.359074587349575176e+264
2.462567901962963913e+264
2.297523428214285658e+264
2.346053199472960557e+264
2.391538591268957497e+264
2.370341004980949368e+264
2.333421007081136202e+264
2.364028599017933293e+264
2.356465708900784320e+264
2.372076152545986707e+264
2.315523332394665865e+264
2.320007752754074849e+264
2.309954444376857621e+264
2.288270108465000596e+264
2.252518962970990638e+264
2.329430804247680899e+264
2.303795709887819339e+264
2.242250187067555929e+264
2.346097931453790556e+264
2.060610093768691569e+264
2.208475736460471744e+264
2.276116089202406223e+264
2.359697887010607914e+264
2.342715950146631154e+264
2.211847498590319909e+264
2.250498933594786742e+264
2.171392792901015147e+264
2.317748227582949816e+264
2.283045368191937477e+264
2.196144514072248984e+264
2.205288655268881223e+264
2.294488426085275680e+264
2.265672967655710863e+264
2.291982505712955326e+264
2.150922448229919339e+264
2.175081287711871271e+264
2.343106331693455369e+264
2.177007985062883768e+264
2.236724714791459346e+264
2.229041453523708325e+264
2.155146474884453558e+264
2.138776340062015334e+264
2.124167618481382149e+264
2.084591680480342394e+264
2.043203475705178271e+264
2.089189522769216251e+264
2.191283613455628579e+264
2.154097974100737773e+264
2.109355926807057237e+264
2.215221543303407414e+264
2.199619973350981536e+264
2.079674719898657443e+264
2.083763181279753586e+264
2.052347218147714983e+264
2.077062932155557387e+264
2.039622361476018866e+264
2.049891799839477812e+264
2.026781568623525088e+264
1.988929439525193147e+264
2.040535526761553575e+264
2.000471622254740052e+264
1.998887277826592947e+264
2.104036275335999686e+264
2.025108702495800169e+264
2.041443097329777464e+264
2.038105281437035633e+264
2.100385512350177491e+264
2.107033328234801947e+264
1.982581965719239811e+264
2.023308023623368056e+264
1.962023008810407037e+264
2.024803209347968898e+264
2.025765671229949680e+264
1.969955633225084878e+264
2.060758945180610870e+264
1.984786858740008911e+264
2.079314858707159915e+264
1.986432715957802117e+264
2.045115956978695113e+264
1.960614089714529248e+264
2.016126235926836493e+264
1.991676759089888395e+264
1.943977996202088104e+264
1.981925157841854456e+264
1.945653355317268215e+264
1.955619829285466303e+264
2.070545933337482198e+264
1.866102120498057341e+264
1.959918173720989103e+264
1.881671941606600545e+264
1.886438676504081769e+264
2.001802170808169996e+264
1.882472751044950959e+264
1.820496040970998926e+264
2.030628144070437077e+264
1.903986284733441738e+264
1.878529712660681156e+264
1.944655175141379293e+264
1.906616380232942852e+264
1.907683320922030392e+264
1.910100591268705927e+264
1.887947903168386611e+264
1.796640034400948689e+264
1.812660346285987017e+264
1.839150223226015984e+264
1.885894813437914236e+264
1.881690404400464436e+264
1.829409054509408643e+264
1.792762864162024832e+264
1.864594435288911662e+264
1.760087055062686713e+264
1.892810005266734059e+264
1.788912831822630208e+264
1.805538896465322992e+264
1.789295479034703501e+264
1.863547888260428603e+264
1.833034336528855663e+264
1.809087592390426822e+264
1.782174008323818583e+264
1.661323136539665012e+264
1.716028986115451374e+264
1.771446658652893011e+264
1.738673081300842039e+264
1.780505669107837602e+264
1.705110059708428966e+264
1.756504058363661724e+264
1.746396752043033540e+264
1.722517137258044688e+264
1.726454540457918301e+264
1.684483510534558734e+264
1.821975605744470900e+264
1.732774496684875371e+264
1.745439088445012068e+264
1.776733965919881299e+264
1.708735535738980079e+264
1.781783564167981627e+264
1.694049089357708953e+264
1.678057424427917322e+264
1.648776928108336565e+264
1.703963449702085825e+264
1.634245201580499263e+264
1.765828853746504557e+264
1.632451995598782608e+264
1.692641081568909224e+264
1.669752597771971405e+264
1.684916100139547815e+264
1.611617163672833554e+264
1.683823280152859994e+264
1.598468233998716829e+264
1.603507763437872261e+264
1.645549168262192893e+264
1.676304563064417743e+264
1.570607091867383604e+264
1.672207421981634616e+264
1.626458315077937723e+264
1.611382537648439476e+264
1.598369457580544386e+264
1.576399756321903514e+264
1.623211381284733487e+264
1.599508505801646598e+264
1.568007419042249861e+264
1.589537310777684642e+264
1.521144397415003766e+264
1.657960290817385648e+264
1.506496134603511037e+264
1.548715349214598627e+264
1.557732984687943189e+264
1.572671595392494221e+264
1.530437187228572496e+264
1.516435652364668912e+264
1.506204800169199163e+264
1.517895252567667227e+264
1.513631316669430231e+264
1.604736837107957425e+264
1.525523017303490601e+264
1.483406762516226788e+264
1.563196402782647273e+264
1.511811050065208222e+264
1.465968057417554952e+264
1.527027399988329767e+264
1.471388541236184964e+264
1.512971342467305686e+264
1.555434877725266504e+264
1.494470534819439914e+264
1.500744369842704559e+264
1.475572787744494438e+264
1.429006272431005829e+264
1.552479836638473804e+264
1.475432372235721490e+264
1.444198054924618177e+264
1.457999253600851212e+264
1.410467620257328445e+264
1.426171890723532527e+264
1.465872446728311901e+264
1.478054196233218006e+264
1.470275132169040663e+264
1.431095892356665125e+264
1.393566057833339718e+264
1.390080264609803827e+264
1.515215509162741931e+264
1.481185863950257843e+264
1.420073352619675520e+264
1.429872997159784353e+264
1.393179433047678707e+264
1.544024502579243318e+264
1.414325119637431826e+264
1.382543575422007742e+264
1.386898688705567499e+264
1.355200914015173834e+264
1.425793781565691848e+264
1.408783165372354894e+264
1.377010403352949461e+264
1.348087011884890656e+264
1.378883949420114132e+264
1.367527861848448679e+264
1.344147179612376156e+264
1.340699334828337467e+264
1.321892703790236207e+264
1.331664179934839427e+264
1.317566127336186108e+264
1.276071509240935394e+264
1.352273638831623333e+264
1.373370906315594993e+264
1.349843024925253452e+264
1.329254604024274098e+264
1.376023052472575088e+264
1.360619002296941771e+264
1.380337325856615853e+264
1.317956537286943894e+264
1.378823350800991686e+264
1.284953734979820695e+264
1.315746388174715515e+264
1.330219748052755798e+264
1.298404197743503486e+264
1.267790071486186372e+264
1.268716830217911107e+264
1.225512578688076289e+264
1.346429694691005906e+264
1.284603639263079422e+264
1.310441711135180992e+264
1.234848186667310076e+264
1.241301962145659720e+264
1.304340889292264573e+264
1.158326829043760838e+264
1.202274071602782149e+264
1.300545826679756485e+264
1.236165871619489794e+264
1.274401938337420330e+264
1.265050922636363350e+264
1.277371274874309180e+264
1.185948633630458082e+264
1.194556413745483237e+264
1.317081374516331229e+264
1.197720685902059789e+264
1.228231146488369413e+264
1.273083024661075048e+264
1.184338226298328476e+264
1.266130459852366999e+264
1.204283470341595289e+264
1.250134221257957042e+264
1.187232218805653078e+264
1.203176547664044482e+264
1.158335627763206541e+264
1.178365110132411708e+264
1.189828756384935374e+264
1.168755735605417709e+264
1.179840115761720805e+264
1.184775476067499227e+264
1.191045828448130306e+264
1.240532836518780472e+264
1.167938590622937996e+264
1.208061424075353568e+264
1.196629200789853949e+264
1.111820497459104086e+264
1.137634569277543877e+264
1.140400302233434627e+264
1.100570873825109838e+264
1.148100113345729726e+264
1.107852237647564228e+264
1.118819485194867620e+264
1.098079348969789176e+264
1.089033849919949427e+264
1.149851384326011038e+264
1.124443789544644101e+264
1.141390698588656762e+264
1.091568415708249451e+264
1.095099424977797512e+264
1.104590110446798264e+264
1.152689440126525194e+264
1.064548937228489002e+264
1.055552398112124725e+264
1.129754918612424545e+264
1.075496931631836829e+264
1.080775579976869017e+264
1.098265646202736503e+264
1.070790610300745492e+264
1.082887580250387686e+264
1.087120853974273859e+264
1.153634295048280048e+264
1.151533436618197348e+264
1.005881406399361902e+264
1.105572123009958706e+264
1.110124701213053278e+264
1.032657345979076125e+264
1.057131828712153256e+264
1.046146796624836350e+264
1.012905049356509611e+264
1.098757110398946665e+264
1.016407253648870289e+264
1.000765444004817820e+264
1.055639371707095765e+264
1.035486378493144324e+264
1.047314745183276640e+264
1.017238892272197800e+264
9.818034564427592835e+263
1.119073248325563819e+264
1.035169974064260040e+264
1.035603404010001680e+264
1.093046170570814953e+264
1.054687835169170876e+264
9.868274853358498773e+263
9.856363477402757567e+263
9.818587223275205131e+263
9.975570604645471261e+263
9.943491732803933932e+263
1.002357266348953777e+264
1.011424520218273673e+264
1.046522479470820886e+264
1.027047157285752694e+264
9.963598396029044414e+263
9.421270028826619784e+263
9.823122881792744381e+263
9.983255068407514019e+263
9.506928364618019016e+263
9.818858971837451836e+263
9.354459550378328493e+263
9.449182631177345452e+263
9.507164090471549934e+263
9.716921426805647675e+263
9.385848687248449796e+263
9.599826609418004953e+263
9.325537885272761249e+263
9.328882576167194136e+263
9.188125194740466936e+263
9.150242444182934133e+263
9.216440577223525452e+263
9.059350162057234366e+263
9.653792168317917272e+263
9.059642771130602689e+263
9.501787216198974199e+263
9.340998091970044095e+263
9.002204533553716462e+263
8.930266972606997906e+263
9.246395814326679108e+263
8.980898050198290976e+263
9.284133574988587082e+263
9.559532249311363186e+263
9.672397339991752158e+263
9.201139347751955008e+263
9.302754447220043246e+263
9.479255901867323657e+263
8.964788957519806671e+263
8.355851994800045071e+263
9.001522616861282994e+263
8.658616668281757050e+263
8.883088991918448284e+263
8.941792423995867199e+263
8.591653102584916815e+263
9.079299364599755517e+263
8.525513670797759033e+263
8.554899295173849615e+263
9.274262542860154777e+263
8.801746998074825107e+263
8.977677310536741389e+263
8.390093008211832239e+263
8.718991268792987844e+263
8.434007132725337068e+263
8.425014024317238501e+263
8.811266098204521208e+263
8.124300530852076246e+263
8.340288928966748417e+263
8.760667171867813536e+263
8.025735603942942863e+263
8.275457714935399825e+263
8.679209516621780359e+263
8.751078081480087105e+263
8.183711662970129187e+263
8.206751290735320978e+263
8.469920654323790692e+263
8.326180305271834463e+263
7.825095536025133136e+263
8.475521136878434556e+263
8.349278971212658115e+263
8.205380955454244354e+263
8.292151075458116424e+263
8.240617025834535627e+263
7.759152635589988227e+263
8.048562736253529144e+263
8.180908413175320787e+263
8.127478110916910248e+263
8.465006440088493733e+263
7.406555228329038378e+263
7.696451500455403815e+263
8.035677303663512999e+263
7.993842574749994169e+263
8.026877897170442340e+263
7.659758528899509639e+263
7.525669126225614168e+263
8.250900485236781543e+263
7.659202089659886261e+263
7.592787322987754495e+263
7.584485673670627431e+263
7.954676838484953297e+263
7.580524315662981038e+263
7.718048834499138916e+263
7.934315295999066289e+263
7.579435563822763414e+263
8.181556398344915586e+263
7.529274089152807683e+263
7.859660367885225695e+263
7.501048123798751936e+263
7.568066380133001886e+263
7.872186532889071994e+263
7.383970971587145391e+263
7.207297774134260546e+263
7.533989920735327817e+263
7.377204901246490100e+263
7.543959317340090298e+263
7.327578804812293411e+263
7.518965086456430484e+263
7.169010528199111690e+263
7.239857641059617681e+263
6.876802278147621617e+263
6.965243409656035275e+263
7.292705823168253347e+263
7.267772558716745803e+263
7.228648555025858391e+263
6.849173502443403302e+263
7.662335433905994425e+263
6.747909894968418350e+263
7.088652611584082823e+263
7.573427824533871705e+263
7.403975324932594612e+263
7.091682688528997961e+263
6.892822312246616385e+263
7.025054431492394740e+263
6.968107208473414589e+263
7.164086476331698239e+263
7.391078121024268280e+263
6.749998498807244901e+263
6.783615410555554979e+263
6.803453216677553636e+263
6.493136271088679677e+263
6.921685021036514678e+263
6.689535085130736125e+263
7.239349169289954665e+263
7.042299056281847605e+263
6.339882342496135598e+263
7.245265744765612946e+263
6.844742695241409565e+263
6.516999739250623184e+263
6.522551353973980786e+263
6.833674781748952674e+263
6.983652886768091441e+263
6.601076421064833432e+263
6.365599745983383109e+263
6.595252564496877058e+263
6.646161876310456625e+263
6.842200494919821585e+263
6.319139444784719989e+263
6.704251030227634753e+263
6.882797046325555913e+263
6.498831097928754943e+263
6.769763729846642244e+263
6.225473810553036561e+263
6.590059573249946765e+263
6.553942914576555749e+263
6.936453083678661190e+263
6.137035219775439716e+263
6.333630138059108674e+263
6.247556365905583428e+263
6.278378802544728407e+263
6.749006444685510614e+263
6.591765103969953637e+263
5.961833422873166119e+263
6.533584899690499296e+263
6.539681578139574632e+263
6.125631760539544420e+263
6.564233658471825247e+263
6.230984726060011913e+263
6.198057346747783633e+263
6.205331488151827919e+263
5.916861616033954231e+263
6.455555397318510338e+263
6.081940265793435897e+263
5.855913665552771584e+263
6.402632720525645623e+263
6.177512535015112308e+263
5.802061169793872728e+263
6.009186895568892296e+263
6.264838864410585788e+263
6.152285670371264172e+263
6.262405618039652070e+263
6.330889123223204164e+263
5.825221160094011650e+263
6.263354678107226780e+263
5.570593855180317044e+263
6.188171613755817746e+263
5.700203435225602329e+263
5.729475749215892648e+263
6.153965578339496490e+263
5.722090017020486713e+263
5.780796089299293300e+263
6.052784600206563345e+263
6.052106241622890806e+263
5.867750197611019626e+263
5.582544119371978810e+263
6.180189807900831747e+263
5.977383450907321751e+263
5.599008567011197517e+263
6.039027612242788325e+263
5.656193774497221491e+263
6.119406553370719552e+263
5.721839091629599592e+263
6.247561164259071955e+263
5.922637834312277575e+263
5.876139581165944153e+263
5.657209378113189664e+263
5.324326424144007802e+263
5.709752680016093087e+263
5.354713903269893256e+263
5.606448526721811016e+263
5.267942335183170958e+263
5.510465849607151881e+263
5.241513841396113781e+263
5.813176272172135561e+263
5.440177222084541700e+263
5.785579970267014706e+263
5.673829763285781175e+263
5.103055452072072169e+263
5.266001420230100736e+263
5.381613649896531823e+263
5.053167279770275600e+263
5.644725016810974558e+263
5.214008027796250593e+263
5.139801020585277508e+263
4.908308796119722850e+263
5.144897057553103835e+263
5.574539101590309219e+263
5.008616699513111930e+263
5.364223786184600345e+263
5.572559161761159925e+263
5.201526343433622778e+263
5.528499981479013902e+263
5.482003773487963302e+263
5.359412192107415144e+263
5.350206220352055246e+263
4.974488112561866334e+263
4.945326757692709446e+263
5.001042587289658086e+263
4.978634961666886342e+263
5.046584536303903548e+263
5.141454855552352377e+263
4.895769577996856177e+263
5.366194138534277770e+263
5.092775547862221591e+263
5.103204233424429155e+263
4.939305883359409100e+263
4.680363052206435518e+263
5.131887389959905461e+263
4.921647114389114426e+263
4.766001124806852669e+263
5.071739219748034368e+263
4.846299803583222431e+263
4.699780206590232095e+263
4.559347313915230768e+263
