3.458414986800000435e+01
5.249541726400000385e+01
5.369229076500000275e+01
5.297594439000000222e+01
5.290885930500000001e+01
5.305461268500000216e+01
5.267113420400000479e+01
5.329744042600000142e+01
5.279191418799999980e+01
5.282301444200000162e+01
5.268523132900000405e+01
5.247845958700000324e+01
5.318776778500000546e+01
5.290912651100000375e+01
5.265414019100000331e+01
5.307091266800000540e+01
5.254629072500000575e+01
5.336269164400000165e+01
5.251403662300000263e+01
5.248816790300000434e+01
5.255259256700000492e+01
5.222605409300000190e+01
5.292059961500000043e+01
5.250301894200000419e+01
5.332768796400000610e+01
5.288555311700000061e+01
5.277539938299999989e+01
5.332037804500000533e+01
5.236384838200000047e+01
5.325939409800000135e+01
5.264215673400000384e+01
5.268549292100000514e+01
5.306642800800000259e+01
5.276902968699999974e+01
5.306977153100000066e+01
5.228046857900000077e+01
5.308922323300000556e+01
5.267234928300000263e+01
5.261275297500000647e+01
5.322776713800000437e+01
5.251812160500000459e+01
5.318324198300000205e+01
5.261222382100000061e+01
5.268240989000000241e+01
5.275617800500000243e+01
5.270418774200000200e+01
5.330788990799999993e+01
5.214144482300000050e+01
5.218619426000000061e+01
5.236728446500000445e+01
5.246404254000000122e+01
5.302902870100000143e+01
5.183815186400000385e+01
5.287008647700000097e+01
5.212883911100000489e+01
5.244346263600000668e+01
5.256488890800000036e+01
5.165643405500000540e+01
5.316232907200000568e+01
5.233790786300000519e+01
5.249520528000000041e+01
5.271264272500000203e+01
5.224796062300000443e+01
5.321535807200000079e+01
5.262660674199999988e+01
5.273197089300000329e+01
5.270373155900000484e+01
5.249569951500000542e+01
5.305251766900000376e+01
5.238685266300000620e+01
5.228092539700000430e+01
5.272891711000000470e+01
5.188234153500000190e+01
5.324961323800000201e+01
5.282137499300000627e+01
5.165543899000000039e+01
5.189821451899999971e+01
5.217969334000000003e+01
5.360711142200000268e+01
5.289041265500000577e+01
5.325538335800000311e+01
5.253365956500000067e+01
5.236997802700000193e+01
5.308968752500000221e+01
5.263298873400000133e+01
5.279344021500000395e+01
5.226943820099999982e+01
5.265711701500000430e+01
5.277977253500000643e+01
5.259415577700000455e+01
5.300812536200000125e+01
5.253307732100000038e+01
5.329317333800000256e+01
5.236178804800000108e+01
5.324133923800000190e+01
5.287436950300000404e+01
5.272579630400000639e+01
5.258105729800000461e+01
5.237024102900000599e+01
5.267396460800000568e+01
5.259757697200000592e+01
5.317911037100000016e+01
5.234021036400000071e+01
5.313954744500000515e+01
5.269721111300000160e+01
5.268841651700000028e+01
5.327903012000000160e+01
5.244476844100000079e+01
5.312929624100000581e+01
5.328417091500000424e+01
5.304321557800000164e+01
5.262488318100000129e+01
5.267508452500000260e+01
5.346625492800000501e+01
5.319613992000000025e+01
5.261656102300000271e+01
5.297183125900000533e+01
5.258315874600000228e+01
5.331949412200000182e+01
5.234233709800000156e+01
5.312185355400000475e+01
5.281314110100000647e+01
5.267288300000000589e+01
5.313887941000000126e+01
5.258580625200000469e+01
5.336294486900000322e+01
5.261337329800000617e+01
5.340307722300000393e+01
5.267244060200000177e+01
5.277209003100000473e+01
5.280639282200000650e+01
5.229353331400000116e+01
5.310758773200000604e+01
5.262843589500000263e+01
5.229257918900000135e+01
5.289000327000000112e+01
5.221571766600000331e+01
5.312118993500000386e+01
5.218191842000000236e+01
5.230822785300000533e+01
5.188995182500000425e+01
5.150062024800000415e+01
5.252218755800000594e+01
5.224624166700000671e+01
5.318537345400000049e+01
5.234496960000000598e+01
5.106342824400000069e+01
5.205729862700000155e+01
5.289148468100000144e+01
5.204818653400000272e+01
5.233067425500000525e+01
5.251615329700000245e+01
5.310771622200000053e+01
5.312792555200000066e+01
5.310134243400000287e+01
5.287609411800000458e+01
5.224567269400000669e+01
5.328849678500000664e+01
5.252019599400000516e+01
5.327484535800000032e+01
5.284049877000000350e+01
5.166452070200000435e+01
5.254615861400000654e+01
5.236401922100000661e+01
5.280529877400000061e+01
5.226823582000000101e+01
5.308376845200000105e+01
5.227225426200000413e+01
5.301743773800000525e+01
5.262145331500000367e+01
5.239013615700000059e+01
5.277616878500000297e+01
5.261229766900000016e+01
5.272390479200000613e+01
5.226928652800000208e+01
5.340574163500000537e+01
5.218605833500000557e+01
5.302139347900000388e+01
5.271829101600000200e+01
5.306732165400000412e+01
4.092132890900000319e+01
3.051092734400000239e+01
3.064935090300000198e+01
3.132428140500000069e+01
3.155641391400000373e+01
3.061705712500000232e+01
3.058558116500000068e+01
4.736009719800000539e+01
5.242597080200000192e+01
5.241454125100000283e+01
5.275448603800000313e+01
5.240503396200000452e+01
5.290708459100000027e+01
5.199336842400000336e+01
5.259292766300000466e+01
5.171586130900000455e+01
5.252137320900000361e+01
5.183321302900000660e+01
5.291621573400000500e+01
5.235418381500000606e+01
5.246374409600000632e+01
5.309869555400000252e+01
5.201670179100000269e+01
5.281792880900000142e+01
5.247228251800000010e+01
5.268377013200000647e+01
5.284753086400000655e+01
5.246466846500000258e+01
5.255838604000000203e+01
5.265379797200000667e+01
5.211011201000000170e+01
5.209554182800000177e+01
5.224232676600000502e+01
3.913285078300000208e+01
3.129826440200000093e+01
3.116363162800000097e+01
3.155635660500000128e+01
3.054514875400000307e+01
3.079436153700000034e+01
3.117889886200000049e+01
3.090108410900000280e+01
3.261593554299999909e+01
3.200669203400000384e+01
3.082037110000000268e+01
3.072108554500000110e+01
3.120330378400000271e+01
3.133950965800000077e+01
3.059100279200000116e+01
3.080418418300000027e+01
3.076520057600000158e+01
3.146077806900000340e+01
3.150278206800000191e+01
3.137156942500000056e+01
3.153954591000000107e+01
3.086984663900000214e+01
3.088354151000000059e+01
3.088351529300000209e+01
3.170296808500000196e+01
3.364262185500000157e+01
3.070120130800000169e+01
3.056299058100000110e+01
3.080186367600000352e+01
3.126843958300000281e+01
3.099486556900000167e+01
3.105786331300000214e+01
3.154658610600000301e+01
3.395211277300000319e+01
3.132467181800000233e+01
3.126174865500000166e+01
3.124210674000000054e+01
3.043677053500000085e+01
3.134505275500000110e+01
3.165111055100000215e+01
3.046496087300000255e+01
3.072678656600000124e+01
3.127417083500000317e+01
3.167315158900000327e+01
3.175127781400000160e+01
3.157429052100000177e+01
3.030095355700000326e+01
3.090178537600000297e+01
4.457927025200000060e+01
4.127559591100000347e+01
3.444245938899999970e+01
3.083415220900000264e+01
3.133350996900000140e+01
3.112967905000000357e+01
3.136705061200000344e+01
3.147753854400000151e+01
3.075455575800000219e+01
4.367390951600000193e+01
5.219014461400000471e+01
5.230732904300000286e+01
5.263417325000000346e+01
5.286670652800000170e+01
5.267701299100000512e+01
5.263505614500000007e+01
5.295868321800000444e+01
5.240373160000000041e+01
5.319952144700000218e+01
5.245348048000000318e+01
5.332443633100000113e+01
5.264929751000000380e+01
5.301907567700000357e+01
5.319023068100000273e+01
5.294974433100000510e+01
5.319962215200000344e+01
5.274825158100000522e+01
5.311176010900000222e+01
5.271048978100000681e+01
5.320501603700000004e+01
5.293023749800000388e+01
5.307182784300000122e+01
5.307759835000000237e+01
5.306669339200000479e+01
5.295564788500000475e+01
5.298111933200000578e+01
5.304706973800000469e+01
5.288376384800000096e+01
5.317991449200000176e+01
5.286062920200000548e+01
5.298773491800000102e+01
5.295336534400000517e+01
5.301580207599999994e+01
5.340460327200000279e+01
5.363699650500000615e+01
5.347420226700000256e+01
5.312022953700000016e+01
5.351579731200000367e+01
5.300798374400000057e+01
5.379802918100000397e+01
5.325778800600000551e+01
5.314523330000000101e+01
5.318253553800000333e+01
5.319201174000000520e+01
5.305879881300000278e+01
4.351005866400000599e+01
3.110405599100000273e+01
3.173688059600000244e+01
3.157523795000000177e+01
3.035280502100000177e+01
3.128430992700000246e+01
3.023810632800000064e+01
3.143390593900000241e+01
3.133132925300000338e+01
3.134657994800000225e+01
3.032222623900000258e+01
3.126738836100000185e+01
3.115716429200000093e+01
3.036798035200000356e+01
3.118087639100000175e+01
3.030370920000000012e+01
3.125262538500000176e+01
3.041831352900000240e+01
3.128908272000000323e+01
3.061482566500000146e+01
3.138749455800000021e+01
3.047573997900000364e+01
3.122398525600000241e+01
3.025503844700000045e+01
3.118292911700000047e+01
3.036879266300000069e+01
3.133780964200000341e+01
3.056526440400000055e+01
3.062421677600000081e+01
3.131130822300000105e+01
3.113247478400000290e+01
3.134553706300000187e+01
3.140064027800000090e+01
3.066021945600000365e+01
3.124960146300000119e+01
3.042665605100000192e+01
3.130598234100000354e+01
3.047223042400000281e+01
3.148580264300000309e+01
3.138039414200000365e+01
3.044250649300000333e+01
3.042645727700000080e+01
3.105193282600000160e+01
3.020082262000000028e+01
3.037917037100000073e+01
3.132635904900000057e+01
3.046433909100000292e+01
3.100452184400000277e+01
3.057388695700000270e+01
3.115068368200000037e+01
3.120470271500000337e+01
3.030100609600000183e+01
3.110111384000000356e+01
3.058336593600000342e+01
3.126229161200000206e+01
3.127774357300000219e+01
3.119881256600000086e+01
3.041628524400000089e+01
3.045992037400000285e+01
3.119014703600000260e+01
3.019759257600000169e+01
3.128126558400000334e+01
3.037497762300000304e+01
3.038182643000000027e+01
3.033413206700000231e+01
3.057304083500000047e+01
3.123563285400000211e+01
3.026387017900000131e+01
3.042941116900000154e+01
3.116773113300000020e+01
3.134841302200000257e+01
3.051076565700000032e+01
3.024341757500000227e+01
5.109899527299999988e+01
5.241822566800000516e+01
5.331893863600000572e+01
5.100532150000000087e+01
5.195943453800000356e+01
5.201432238800000363e+01
5.250789369800000372e+01
5.175734492500000528e+01
5.254947094100000271e+01
5.181659500600000001e+01
5.224870084200000520e+01
5.196029816900000498e+01
5.210330891000000264e+01
5.215133297400000600e+01
5.211199934200000428e+01
5.218956562500000018e+01
5.187646743200000543e+01
5.251391029300000213e+01
5.189143344400000046e+01
5.269227800200000189e+01
5.176542800700000413e+01
5.277442489500000278e+01
5.184245768100000618e+01
5.259093360600000011e+01
5.199449313700000630e+01
5.264696562000000313e+01
5.193253219400000376e+01
5.233748532500000294e+01
5.212624178700000499e+01
5.190454088700000312e+01
5.265166626900000324e+01
5.204981783400000239e+01
5.284000611400000480e+01
5.177085539600000175e+01
5.251483032300000531e+01
5.170579325000000637e+01
5.231454745700000331e+01
5.197394013000000257e+01
5.209511670700000252e+01
5.227244053100000087e+01
5.184122895300000522e+01
5.224271304000000526e+01
5.212952493500000628e+01
5.196239502500000640e+01
5.248233281100000625e+01
5.193124017800000303e+01
5.137242823200000430e+01
5.147179295500000507e+01
5.206018258000000287e+01
5.205342742600000605e+01
5.258371590200000156e+01
5.177668332100000015e+01
5.220931778500000320e+01
5.129003490600000248e+01
5.143072288300000139e+01
5.221241810000000072e+01
5.164726025600000270e+01
5.216142185300000023e+01
5.168907142200000493e+01
5.126004366200000106e+01
5.224878292000000357e+01
5.173201363500000127e+01
5.214540170800000141e+01
5.216697791600000045e+01
5.210373054500000478e+01
5.158243494100000248e+01
5.176008341900000431e+01
5.219905854100000653e+01
5.296253431300000614e+01
5.218471183100000133e+01
5.228997737400000290e+01
5.194552365600000599e+01
5.262558122300000463e+01
5.156003375900000663e+01
5.208085110400000417e+01
5.256670131500000309e+01
5.229516940500000288e+01
5.260834181300000267e+01
5.064268093700000151e+01
5.070614781500000134e+01
5.012740515800000196e+01
4.761421855800000458e+01
3.032653039300000231e+01
3.021104148400000255e+01
2.999986672600000048e+01
3.027419912900000298e+01
3.022663409800000167e+01
2.996062442700000261e+01
3.087687254200000098e+01
2.985883417000000151e+01
4.366476701999999932e+01
4.950546425400000317e+01
4.974954170600000225e+01
4.961764234900000048e+01
4.938560442200000011e+01
5.009021977000000447e+01
4.986457078100000473e+01
5.003975669800000503e+01
5.036504315300000201e+01
4.979678908100000001e+01
5.030309179300000011e+01
4.981701619000000392e+01
5.024130128500000581e+01
5.010850596700000636e+01
4.980949510199999963e+01
4.941964459500000117e+01
5.043317512300000516e+01
5.033402532300000587e+01
5.010792199500000521e+01
3.077281458200000230e+01
3.041333384500000037e+01
3.132445613500000192e+01
4.232331742400000252e+01
4.387305553100000566e+01
4.399195141900000294e+01
4.392183203900000166e+01
4.397226403000000516e+01
4.880724608100000239e+01
5.071442382400000071e+01
5.055648444700000255e+01
5.014215081200000412e+01
4.985906611400000088e+01
5.008462556500000318e+01
5.044995906700000177e+01
5.020190789600000159e+01
4.970604364800000496e+01
5.018183358400000316e+01
5.041436059100000477e+01
4.691270925999999974e+01
4.180445698900000195e+01
3.092330816300000151e+01
3.909155943900000096e+01
3.931844440700000121e+01
3.337700826300000045e+01
3.092459830600000359e+01
3.085805418100000352e+01
3.094909759900000168e+01
3.021611517500000232e+01
3.035395239700000047e+01
3.056195437500000267e+01
3.066270607600000275e+01
3.039578459400000199e+01
4.863065458600000568e+01
3.010526000500000166e+01
3.016435657200000264e+01
3.018373984600000171e+01
3.049874186300000289e+01
3.052142418900000109e+01
3.066071612000000357e+01
3.051704809000000296e+01
3.057883973200000227e+01
3.049183724800000306e+01
3.543016608700000347e+01
3.064536453800000260e+01
3.057932396500000038e+01
3.023655664200000359e+01
3.040563864200000310e+01
3.051030534700000274e+01
3.963180264800000430e+01
3.422973645300000101e+01
3.087182024500000210e+01
3.035525012800000155e+01
3.028177379100000266e+01
3.084054333400000303e+01
3.087904377300000291e+01
3.042838858200000018e+01
3.357621180200000310e+01
3.048591643500000359e+01
3.207000263300000142e+01
3.063660793300000051e+01
3.057428187700000066e+01
3.059065313300000355e+01
3.060365479400000055e+01
3.082882946900000221e+01
3.068641595000000066e+01
3.058185827400000178e+01
3.053776302000000342e+01
3.062087918100000294e+01
3.060019703700000093e+01
3.062448732200000023e+01
3.081429032800000201e+01
3.060776412600000285e+01
3.064907685100000023e+01
3.172882300800000266e+01
3.085947591000000045e+01
3.066560122300000302e+01
3.072847100600000303e+01
3.085189457500000287e+01
3.032245005200000065e+01
3.049671217900000286e+01
3.040879319000000081e+01
3.118886242700000366e+01
3.072977868300000281e+01
3.069078013500000068e+01
3.070501408000000154e+01
3.031369512300000224e+01
3.078813343300000227e+01
3.036225134100000034e+01
3.294435596299999958e+01
3.030122244400000042e+01
3.022956375800000117e+01
4.414465643100000136e+01
4.995661126800000318e+01
4.997764629100000633e+01
4.852042993500000279e+01
3.363469676000000419e+01
3.327619747300000341e+01
3.053000273000000320e+01
3.061330272000000363e+01
3.023678730000000314e+01
3.056256747500000159e+01
3.048100337600000032e+01
3.056539215700000156e+01
3.084134864500000361e+01
3.289612411899999955e+01
3.059638939600000285e+01
3.059319057200000103e+01
3.028703939800000100e+01
3.033209783800000281e+01
3.035220897600000356e+01
3.082111842400000157e+01
4.838584146400000208e+01
5.009160869700000518e+01
5.084798078700000445e+01
5.013059758800000054e+01
5.070368071700000456e+01
5.083267407200000321e+01
3.867823226800000214e+01
3.069650843200000168e+01
3.123244893200000050e+01
3.103934721100000260e+01
3.053563584600000169e+01
3.054693104600000098e+01
3.059083317400000368e+01
3.047842145500000299e+01
3.213377664000000067e+01
3.195499084100000076e+01
5.079479346700000519e+01
5.042305383500000460e+01
5.031870650400000500e+01
4.900819673200000182e+01
5.024863108600000317e+01
5.082920795000000425e+01
5.002201438800000233e+01
5.071050798600000320e+01
4.999378989400000250e+01
5.043932282200000117e+01
5.011767173800000563e+01
5.051473149800000328e+01
4.969749267699999962e+01
5.031554648600000235e+01
4.978772323600000504e+01
3.589275700099999966e+01
3.038126354500000303e+01
3.014729560700000022e+01
3.057431491900000253e+01
3.054473332000000241e+01
3.105980454600000229e+01
3.069223783300000363e+01
3.084099130900000318e+01
3.055313255800000150e+01
3.041257852100000036e+01
3.064090229600000015e+01
3.055167241900000263e+01
3.079626878100000198e+01
3.079769558200000290e+01
3.078954458900000191e+01
3.063720458200000252e+01
5.065257973100000299e+01
5.078720886800000045e+01
5.002330462100000119e+01
5.036585560000000328e+01
4.704198408500000284e+01
3.099960195400000273e+01
3.525699988299999887e+01
4.140418656800000008e+01
3.023217871500000342e+01
3.120785480500000020e+01
3.067845776300000082e+01
3.133310926500000093e+01
3.073446895300000037e+01
3.144849330500000306e+01
3.046656771900000038e+01
3.038629493400000214e+01
3.031389082200000118e+01
3.067551385200000169e+01
3.061499238300000059e+01
3.100062125900000254e+01
3.105517843700000213e+01
3.098536881800000131e+01
3.092903576300000168e+01
3.072764980900000253e+01
3.083786196400000179e+01
3.077784476000000069e+01
3.090038953800000243e+01
3.057119082100000185e+01
3.043942456300000288e+01
3.894254175000000373e+01
3.666120842900000554e+01
3.071577801200000124e+01
3.065336927600000294e+01
3.069112550700000241e+01
3.061094787300000064e+01
3.071333790100000272e+01
3.062523140900000129e+01
3.237970280500000086e+01
3.018666439700000126e+01
3.057351573900000119e+01
3.062304267400000057e+01
3.028968228800000162e+01
3.065520519200000038e+01
3.056803282500000307e+01
3.070381730900000150e+01
3.033529767100000285e+01
4.855135032000000450e+01
5.010626754600000510e+01
5.073750088700000305e+01
4.998793463700000217e+01
5.055769696300000504e+01
4.993052830999999969e+01
5.039626127500000052e+01
5.022172143200000249e+01
5.016494136000000026e+01
4.997712637600000107e+01
4.977149431400000168e+01
5.019744460500000116e+01
4.991584154500000636e+01
5.039447629400000039e+01
5.001215021700000563e+01
5.060099862700000273e+01
4.997732687100000248e+01
5.049952607800000237e+01
4.976955917800000151e+01
5.023080469800000003e+01
4.989089817199999999e+01
5.016003222200000522e+01
5.021043314200000651e+01
4.995089285600000295e+01
5.052330162700000216e+01
5.012490550600000461e+01
5.044043221400000476e+01
5.122666045500000109e+01
5.251945777700000662e+01
5.276978124300000417e+01
5.270201123700000068e+01
5.261877846300000527e+01
5.277120811200000361e+01
5.250031907900000050e+01
5.256073284600000051e+01
5.260504553700000230e+01
5.264794951400000400e+01
5.260957234500000368e+01
5.255893442100000357e+01
5.255083433400000104e+01
5.269640232700000126e+01
5.259501223400000214e+01
5.235361141600000678e+01
5.259791069799999974e+01
5.281794038800000379e+01
5.263450029200000557e+01
5.266625389000000013e+01
5.261680446800000510e+01
5.275718868200000600e+01
5.266085216500000143e+01
5.280318647200000015e+01
5.275324228600000254e+01
5.254475256400000660e+01
5.255505052800000243e+01
5.261717522800000069e+01
5.290138507500000031e+01
5.284060936600000247e+01
5.285557866999999987e+01
5.260459133500000206e+01
5.249375466700000459e+01
5.257301480800000348e+01
5.276392201200000187e+01
5.254416847500000642e+01
5.265879803400000014e+01
5.285585275300000063e+01
5.280639983900000090e+01
5.280111517699999979e+01
5.265263845400000520e+01
5.265026961500000624e+01
5.263671128000000010e+01
5.259808171400000276e+01
5.286442030300000283e+01
5.245865498600000620e+01
5.262919736900000345e+01
5.282719243600000425e+01
5.281305098800000053e+01
5.293187770400000147e+01
5.297906193200000047e+01
5.292559999500000600e+01
5.279065797000000515e+01
5.074201479000000603e+01
5.049355566200000567e+01
4.509090071300000346e+01
4.681627026400000346e+01
4.682613221700000139e+01
4.681635591000000574e+01
4.567844954300000637e+01
3.123648012800000018e+01
3.071189146200000053e+01
3.086209180200000191e+01
3.526861422099999999e+01
3.315755993799999857e+01
3.037047483400000303e+01
4.671120950899999968e+01
4.969217749100000248e+01
4.615424079900000010e+01
4.656227914100000476e+01
4.659325003500000406e+01
4.659727176800000592e+01
4.644253404700000232e+01
4.654113550400000321e+01
4.659771052300000349e+01
4.645640509600000456e+01
4.647147269799999947e+01
4.649645770900000485e+01
4.618103117900000143e+01
4.626488501400000075e+01
4.636582432200000170e+01
4.644953215400000346e+01
4.643496950300000492e+01
4.548607743900000600e+01
4.268456314400000196e+01
5.279281106400000567e+01
3.073118783100000329e+01
3.031846361400000234e+01
3.143999500900000044e+01
3.108450562200000178e+01
3.082007424000000029e+01
3.137053974200000184e+01
3.022145389000000293e+01
3.017939638200000019e+01
3.437324172200000305e+01
3.448574565399999869e+01
4.916496832500000380e+01
4.927877645500000625e+01
4.912705174799999952e+01
4.967365160700000359e+01
4.892599887800000147e+01
4.914313894300000385e+01
4.977264082700000358e+01
4.834190492000000461e+01
4.617053417600000387e+01
4.617134171200000026e+01
4.615345346000000148e+01
4.620438580600000478e+01
4.611761859100000294e+01
4.619257637300000141e+01
4.617533678900000638e+01
4.617972835800000553e+01
4.624110450400000616e+01
4.471266856900000164e+01
4.272817883900000169e+01
4.279451461600000073e+01
4.296311317199999991e+01
4.289006337800000068e+01
4.291630442600000350e+01
4.283490740200000602e+01
4.292677024400000363e+01
4.289652455800000297e+01
4.280738909900000522e+01
4.289383002600000339e+01
4.286910266299999961e+01
4.292074601899999919e+01
4.281312190999999956e+01
4.283786756700000353e+01
4.279675649500000389e+01
4.295600610900000049e+01
4.283023820700000073e+01
4.278802139900000157e+01
4.278277955000000077e+01
4.286821239500000047e+01
4.289359840300000570e+01
4.281848542600000229e+01
4.283163343500000053e+01
4.283556716200000380e+01
4.278002697400000187e+01
4.279971295300000378e+01
4.279317747300000008e+01
4.271866447100000386e+01
4.280704139100000560e+01
4.288871664999999922e+01
4.281454896600000382e+01
4.284457219300000475e+01
4.285606097400000181e+01
4.299931308300000410e+01
4.285910110900000092e+01
4.323167059400000056e+01
4.325824408300000101e+01
4.323436465300000009e+01
4.323038137100000000e+01
4.322633845300000388e+01
4.315518280999999945e+01
4.325273701200000431e+01
4.324635545200000308e+01
4.324108533900000140e+01
4.346474894300000358e+01
4.325819759300000555e+01
4.331721521000000052e+01
4.325018112300000439e+01
4.309212239400000044e+01
4.302854589700000076e+01
4.311658053500000420e+01
4.302810675399999951e+01
4.312887591400000531e+01
4.311490574100000117e+01
4.312082917400000071e+01
4.305527559600000131e+01
4.319559412600000314e+01
4.321867263300000417e+01
4.318457171300000397e+01
4.314089947700000494e+01
4.314822831900000466e+01
4.298244096400000558e+01
4.311643149300000033e+01
4.308973051800000320e+01
4.319361357700000070e+01
4.322614759600000411e+01
4.315427061200000480e+01
4.322493146500000449e+01
4.320931443100000280e+01
4.317698914600000393e+01
4.311337945300000030e+01
4.310820546800000130e+01
4.444581950500000289e+01
4.973319168500000131e+01
4.932098984600000335e+01
4.923474874200000073e+01
4.887879020700000154e+01
4.906846046700000130e+01
4.911292855700000359e+01
4.948373841300000464e+01
4.908742646000000320e+01
4.969725636200000451e+01
4.936484051900000480e+01
4.982999471000000113e+01
5.326969415700000354e+01
5.344424492500000667e+01
5.341096124200000617e+01
5.327576841500000171e+01
5.324340717000000467e+01
5.330752440100000200e+01
5.327905362700000325e+01
5.329513084700000292e+01
5.320077831300000071e+01
5.333572009900000666e+01
5.331047358500000399e+01
