-3.946391397794382281e-07
-1.282842411587739674e-06
-1.734227637469168628e-06
-1.947457070837176351e-06
-2.675855457832173202e-06
-3.122922319663028972e-06
-3.269488049657269985e-06
-3.836607370292838861e-06
-4.270485984794683773e-06
-4.396491936240509643e-06
-4.806531902325101785e-06
-5.220997137377156411e-06
-5.337041337640774731e-06
-5.614980122441385609e-06
-5.993300497964242265e-06
-6.102376236615813273e-06
-6.275574303267476233e-06
-6.602511421955319042e-06
-6.700208187202544188e-06
-6.798165539380202614e-06
-7.057197137033966075e-06
-7.140906677310406314e-06
-7.186906778949629373e-06
-7.363510745933637203e-06
-7.437809887342306490e-06
-7.437510909536937594e-06
-7.534205165596194942e-06
-7.596075458346259145e-06
-7.548946698138478494e-06
-7.581801327002003477e-06
-7.613450131324796137e-06
-7.530072880120726759e-06
-7.507040882517242512e-06
-7.494445136973120600e-06
-7.387084466296637871e-06
-7.307175306427246908e-06
-7.248881444544127388e-06
-7.118947778734786712e-06
-6.985191917012453775e-06
-6.881904529509029466e-06
-6.726365609472379010e-06
-6.544369445181895655e-06
-6.397040590870977698e-06
-6.211698839370144809e-06
-5.987848060991171628e-06
-5.798044525276246091e-06
-5.577775906231389748e-06
-5.321182450458042860e-06
-5.086526680202181398e-06
-4.832520299962479246e-06
-4.547684576184929790e-06
-4.267921028490189700e-06
-3.985149082329510354e-06
-3.670796748206827370e-06
-3.353180068621878085e-06
-3.042596734421399426e-06
-2.700204558703455584e-06
-2.353301178348852022e-06
-2.014466736399053716e-06
-1.649766578549753774e-06
-1.279588188602812944e-06
-9.153107807614799517e-07
-5.348758117760132388e-07
-1.466692981354351655e-07
2.367734258765665296e-07
6.267647442245148563e-07
1.026638423591494102e-06
1.420663964629805574e-06
1.813968721965158735e-06
2.217312834610681219e-06
2.611736566772640793e-06
3.001697078719177751e-06
3.397616493008506213e-06
3.782262098606262272e-06
4.160148262095857171e-06
4.536096218172172270e-06
4.901370057273055791e-06
5.254851969402686256e-06
5.599616674019983899e-06
5.933832537561435905e-06
6.249499302496211653e-06
6.552349712484201143e-06
6.841066941405437258e-06
7.106209911661171782e-06
7.353934490923096906e-06
7.581747509446461798e-06
7.782234512921207246e-06
7.958890212464542310e-06
8.109302506270455078e-06
8.228568774915627260e-06
8.316611511127738562e-06
8.372715737112851174e-06
8.393983212288025188e-06
8.377583904856635024e-06
8.326195427355650115e-06
8.237144075410614665e-06
8.108058233312470382e-06
7.943658259680171009e-06
7.741077123177345415e-06
7.500433989835998391e-06
7.225069510277489912e-06
6.913497580594105597e-06
6.566546943611385280e-06
6.184910477358337774e-06
5.769053756519041381e-06
5.317943324663555843e-06
4.831196742821318559e-06
4.310222074336201000e-06
3.752721355499830061e-06
3.159591612732951436e-06
2.532657897498198485e-06
1.870728109220536614e-06
1.175826858420218391e-06
4.492024785961937895e-07
-3.096091188572768126e-07
-1.099795133317504015e-06
-1.921601776568359993e-06
-2.775344665284155470e-06
-3.661995130704558364e-06
-4.582037280507057692e-06
-5.535631227553507102e-06
-6.524714691789886607e-06
-7.548970883808503535e-06
-8.609111168548421795e-06
-9.706637001882228248e-06
-1.084100820065071966e-05
-1.201323731709323310e-05
-1.322365921970649885e-05
-1.447223059334552975e-05
-1.575926220368418265e-05
-1.708453986975431689e-05
-1.844834627811472341e-05
-1.985006392581616306e-05
-2.128948412676989478e-05
-2.276652631429502835e-05
-2.427993745072195788e-05
-2.582936956968395414e-05
-2.741387352425654966e-05
-2.903183402854055673e-05
-3.068229988603902444e-05
-3.236347714177431454e-05
-3.407366277933966800e-05
-3.581109405949010915e-05
-3.757367206471257093e-05
-3.935956658321984196e-05
-4.116635944207468830e-05
-4.299209528119113101e-05
-4.483458335629360059e-05
-4.669120790640183578e-05
-4.855995474163906023e-05
-5.043804863420990722e-05
-5.232284619613488931e-05
-5.421181595911838037e-05
-5.610197078009195764e-05
-5.799073679076456763e-05
-5.987534907975631046e-05
-6.175331183221411996e-05
-6.362232918588445164e-05
-6.548010949413693221e-05
-6.732489055626450958e-05
-6.915471842868117878e-05
-7.096776615691052456e-05
-7.276232497155113942e-05
-7.453622071186383040e-05
-7.628742891296357346e-05
-7.801371386723595400e-05
-7.971266746999546493e-05
-8.138209383073929492e-05
-8.301963495951206521e-05
-8.462323083430409718e-05
-8.619089628926620769e-05
-8.772079479782056920e-05
-8.921145549474689769e-05
-9.066132249149949282e-05
-9.206917518947821519e-05
-9.343381605586197557e-05
-9.475397407380495209e-05
-9.602857582348079876e-05
-9.725635325568225264e-05
-9.843613719218220651e-05
-9.956681520136343279e-05
-1.006472694777160617e-04
-1.016766060232921029e-04
-1.026539093084313889e-04
-1.035784341849216214e-04
-1.044495331885306693e-04
-1.052665407232923590e-04
-1.060289688524561569e-04
-1.067362309751232669e-04
-1.073877459546168092e-04
-1.079829848384175064e-04
-1.085213583935121739e-04
-1.090025049922653685e-04
-1.094262318713326598e-04
-1.097926258984740491e-04
-1.101021312380332824e-04
-1.103553720138311000e-04
-1.105532504399267958e-04
-1.106967163560611521e-04
-1.107867225745724478e-04
-1.112227710305353979e-04
-1.121057015061151176e-04
-1.125001789406147233e-04
-1.126105758865234669e-04
-1.131940403128644027e-04
-1.134492339991882487e-04
-1.133630695407177264e-04
-1.136573616524907910e-04
-1.137756559422105286e-04
-1.135463528712399729e-04
-1.135556530267692760e-04
-1.135189350104506628e-04
-1.131252929051874484e-04
-1.128183804730151707e-04
-1.125219702006864073e-04
-1.118524549046356746e-04
-1.111374093253259703e-04
-1.104766500401344086e-04
-1.095181426087661901e-04
-1.085379885297964254e-04
-1.077492535481420778e-04
-1.068727193117847941e-04
-1.060882930948947269e-04
-1.055871818986263736e-04
-1.051488219879752209e-04
-1.047917527037433623e-04
-1.046659694699660721e-04
-1.046164002616793400e-04
-1.045403229160158520e-04
-1.045980734053020771e-04
-1.046846115296523318e-04
-1.046667453370610083e-04
-1.047009985513709814e-04
-1.047251370941556056e-04
-1.046308702948803575e-04
-1.045379155362765846e-04
-1.044464403203490121e-04
-1.042771246486379601e-04
-1.041085847084102973e-04
-1.039886225469223869e-04
-1.038478928343156322e-04
-1.037193672989329414e-04
-1.036684527776543833e-04
-1.036248130773103233e-04
-1.035869904074012402e-04
-1.036214505589959313e-04
-1.036577699420060665e-04
-1.036812364376854691e-04
-1.037349345611293102e-04
-1.037645401539157681e-04
-1.037446998459542612e-04
-1.036974619326695853e-04
-1.036087702024981891e-04
-1.034506316807656448e-04
-1.032585983448820028e-04
-1.030579667750805090e-04
-1.028300812509150568e-04
-1.026219613379140104e-04
-1.024621127023983807e-04
-1.023289723225814042e-04
-1.022475659398354127e-04
-1.022285791145802761e-04
-1.022497543491076232e-04
-1.023172523722561936e-04
-1.024407825925223767e-04
-1.026044023226761054e-04
-1.027908733242013776e-04
-1.029900904483379621e-04
-1.031595650018226506e-04
-1.032452941701981613e-04
-1.032274175393281377e-04
-1.030813437173968682e-04
-1.028059568394900758e-04
-1.024559372624838998e-04
-1.020856070157079174e-04
-1.017530493825970103e-04
-1.015129118425324428e-04
-1.013849651817385863e-04
-1.013564384547782453e-04
-1.014028406290389559e-04
-1.015093780369381182e-04
-1.016671928297603795e-04
-1.018972783624134997e-04
-1.022371656073869792e-04
-1.026915827450455067e-04
-1.032295025405665035e-04
-1.037677758336407645e-04
-1.041709408986273082e-04
-1.043069246693834615e-04
-1.040961488029628723e-04
-1.035495062175686033e-04
-1.027857735552366162e-04
-1.020037506153424707e-04
-1.014138494470713709e-04
-1.011539447290325241e-04
-1.012437879164539031e-04
-1.015736359255110734e-04
-1.019532011241672519e-04
-1.022220458553364667e-04
-1.023345048133087219e-04
-1.024051397636519250e-04
-1.026771349498258702e-04
-1.033966866351860436e-04
-1.046616132558606909e-04
-1.063056399222749661e-04
-1.078937094252086334e-04
-1.088524580422007605e-04
-1.087070146865559141e-04
-1.073340427193278981e-04
-1.050915168039789254e-04
-1.027557989225665860e-04
-1.012485493015777922e-04
-1.012377154141592625e-04
-1.028030351242065199e-04
-1.053294913245750807e-04
-1.077239343232123025e-04
-1.089105706320729378e-04
-1.083973487411166181e-04
-1.066419458638413227e-04
-1.049858261829769972e-04
-1.051079570943204861e-04
-1.081828267936349550e-04
-1.141121449655519403e-04
-1.212572892344016690e-04
-1.269073564272672544e-04
-1.284021697333089592e-04
-1.244835949910050267e-04
-1.162280247274315951e-04
-1.070115263733300778e-04
-1.013248568499140680e-04
-1.028020329924772764e-04
-1.123006978373106612e-04
-1.270035688932495558e-04
-1.411893347389965917e-04
-1.485959662697689063e-04
-1.454954181845126958e-04
-1.330771148135135142e-04
-1.177936848489341700e-04
-1.090797951405305841e-04
-1.150591561810269573e-04
-1.380244195863994166e-04
-1.719870656286382577e-04
-2.039877042693642186e-04
-2.192576569836661101e-04
-2.083830493159886845e-04
-1.732608428029491256e-04
-1.285898577301032228e-04
-9.717293412282838893e-05
-1.000992599541544259e-04
-1.457945299503865056e-04
-2.233580274721410968e-04
-3.043981306325759862e-04
-3.539716434619317033e-04
-3.468579461074741601e-04
-2.821825992399067356e-04
-1.888297336497283749e-04
-1.168868158260971945e-04
-1.162285118337054229e-04
-2.104962206581447088e-04
-3.794612477720815430e-04
-5.609198421291888663e-04
-6.744606581600219152e-04
-6.586564056201653621e-04
-5.060848431903803256e-04
-2.790038266684046267e-04
-9.297379144403139766e-05
-6.819293006602971242e-05
-2.674391881478636207e-04
-6.531888776681904788e-04
-1.090036521485362011e-03
-1.395478333641726786e-03
-1.420427737099562524e-03
-1.128333882996713751e-03
-6.369040515326048835e-04
-1.923199875262676141e-04
-6.852273713602345055e-05
-4.253853571535403787e-04
-1.200761940206609892e-03
-2.108533342708304986e-03
-2.754326115066767396e-03
-2.814367040120735637e-03
-2.200517731979702903e-03
-1.150823532528123198e-03
-1.886264687261569341e-04
9.567047678271518017e-05
-6.298509256058012562e-04
-2.213716055724067409e-03
-4.053824035923134401e-03
-5.362836598866484346e-03
-5.523160912469711817e-03
-4.378170104021462256e-03
-2.385171007663856261e-03
-5.263676994814559624e-04
1.216287645774122956e-04
-9.893799203328215372e-04
-3.453841639325222999e-03
-6.090539900156890715e-03
-7.644454325165917809e-03
-7.394632093310105243e-03
-5.403093948193484972e-03
-2.580674609753610266e-03
-3.441518809425851613e-04
1.298054651556598479e-04
-1.456973473771304168e-03
-4.314561399911317346e-03
-6.970565453464700433e-03
-8.165530433566664179e-03
-7.473289522436933272e-03
-5.287709391422442881e-03
-2.614231716017903669e-03
-6.514070880435376357e-04
-2.174758814269843119e-04
-1.391973775314063943e-03
-3.496127593405289665e-03
-5.410155783401594289e-03
-6.240563264639652392e-03
-5.757717102545629843e-03
-4.277060738020127713e-03
-2.394123364003033182e-03
-8.096335770646544486e-04
-1.305994613773295309e-04
-6.186944202861887005e-04
-2.074565751600119818e-03
-3.847111579153410840e-03
-5.107548009809788347e-03
-5.350242945261109682e-03
-4.574911389228565259e-03
-3.124305672893019480e-03
-1.533022781069488371e-03
-3.956505270770386933e-04
-1.702484421844969315e-04
-1.003266063813020026e-03
-2.583059293300288099e-03
-4.120157472825358887e-03
-4.805158778543681258e-03
-4.377768359420591143e-03
-3.129647218589992619e-03
-1.604713863160115448e-03
-4.155624335260692812e-04
-3.616847179283437020e-05
-6.091516827916764387e-04
-1.894562944141714488e-03
-3.317351422474439180e-03
-4.172099592297586271e-03
-4.059642805276259328e-03
-3.105440452597583220e-03
-1.766395796110594362e-03
-6.068064318544256911e-04
-1.107313889497108932e-04
-4.703915288165065513e-04
-1.523650148716543728e-03
-2.833476590277285521e-03
-3.814488605870396815e-03
-4.004394678033225581e-03
-3.338311480396988738e-03
-2.126344434676038283e-03
-8.714766173978999919e-04
-1.017435871118042059e-04
-1.614201056110535493e-04
-1.032461797768316611e-03
-2.348156390351668638e-03
-3.533492040072037758e-03
-4.044162618438776335e-03
-3.654637644256646806e-03
-2.561030624274006785e-03
-1.245034669220791094e-03
-2.756398260356950807e-04
-1.096611466933730987e-04
-8.820696654245776093e-04
-2.283448647475041886e-03
-3.667465475738172775e-03
-4.369102167748600309e-03
-4.064485397021348582e-03
-2.923914887334979045e-03
-1.473715408211782960e-03
-3.369196739240054453e-04
-7.597875404130847806e-06
-6.533502501407348643e-04
-2.003440243484923191e-03
-3.433135205211818378e-03
-4.264556609480498264e-03
-4.120398799087553014e-03
-3.096916345028022117e-03
-1.678786894867125533e-03
-4.994456873632603308e-04
-7.969239775400145654e-05
-6.328453037022332191e-04
-1.954289492581756747e-03
-3.460866443701209397e-03
-4.447049155043888112e-03
-4.460163567408756760e-03
-3.521373497574834151e-03
-2.061474833388966550e-03
-7.035900255956544251e-04
-2.361733136411301608e-05
-3.218061182057682548e-04
-1.485334145994503209e-03
-2.999357167882445163e-03
-4.157152925001194460e-03
-4.421209629301218504e-03
-3.696283641476989009e-03
