-3.326033359443606594e-10
1.102110234074190873e-12
1.434273564893126104e-09
2.789726909710565915e-09
3.989269470201557998e-09
1.690643722997084938e-09
-8.300982205658954627e-09
-2.983826179386466870e-08
-7.108833159409038432e-08
-1.402701578231622470e-07
-2.468625972044800258e-07
-4.026368106766328210e-07
-6.174993457186200759e-07
-9.034203680098555301e-07
-1.271759244747456824e-06
-1.729689164801792716e-06
-2.288424964420589453e-06
-2.957688289258020050e-06
-3.742419741991466766e-06
-4.650512113747432023e-06
-5.687573393523371408e-06
-6.855839636405239900e-06
-8.158135308705622961e-06
-9.596750035327842704e-06
-1.117231974927065426e-05
-1.288554691528260974e-05
-1.473872862657783517e-05
-1.673079995287990863e-05
-1.886207487115575010e-05
-2.113520367190309041e-05
-2.354843550450662880e-05
-2.610339140287629007e-05
-2.880280639210231318e-05
-3.164617533871326996e-05
-3.463531865754300280e-05
-3.777086615586205303e-05
-4.105187929473502257e-05
-4.447767154731200928e-05
-4.804590686482021559e-05
-5.175337179774864579e-05
-5.559535428126478521e-05
-5.956617009354859920e-05
-6.365817241782702435e-05
-6.786159559073457446e-05
-7.216692261724537904e-05
-7.656202696326444232e-05
-8.103413992512779657e-05
-8.557079376468098707e-05
-9.015746895612902680e-05
-9.478054585265320879e-05
-9.942574098778549823e-05
-1.040785516134227470e-04
-1.087260137393516860e-04
-1.133546303627033054e-04
-1.179523064008159995e-04
-1.225078765355172084e-04
-1.270104709414504064e-04
-1.314508898211698147e-04
-1.358202040649670835e-04
-1.401108456922460889e-04
-1.443164499228814953e-04
-1.484312709740261789e-04
-1.524512000876616436e-04
-1.563725578916649395e-04
-1.601931655581085255e-04
-1.639118075678519830e-04
-1.675278161816549189e-04
-1.710424795285301583e-04
-1.744573273208990501e-04
-1.777749731304305487e-04
-1.809990638199385844e-04
-1.841329514556880450e-04
-1.871807532009273892e-04
-1.901460839391489312e-04
-1.930318598741551713e-04
-1.958404329541324474e-04
-1.985724641077220840e-04
-2.012272581825990281e-04
-2.038020557067892499e-04
-2.062920918813668908e-04
-2.086907609280366544e-04
-2.109891243961930488e-04
-2.131768601855224272e-04
-2.152419867723981352e-04
-2.171712435446342463e-04
-2.189509873286026465e-04
-2.205668979598394356e-04
-2.220051437294561793e-04
-2.232526581953864686e-04
-2.242973080857042301e-04
-2.251287891356251757e-04
-2.257381658929428147e-04
-2.261181407969664581e-04
-2.262626149904788673e-04
-2.261657993356639979e-04
-2.258217383293369238e-04
-2.252226518796895439e-04
-2.243577509337417637e-04
-2.232114221307272795e-04
-2.217608188566755725e-04
-2.199736879759237778e-04
-2.178050621218797491e-04
-2.151943418102106017e-04
-2.120623646249292660e-04
-2.083088448604018925e-04
-2.038119064908793258e-04
-1.984291466041812624e-04
-1.920019017571004082e-04
-1.843624966703420146e-04
-1.753434879800303849e-04
-1.647888593278196178e-04
-1.525644900560006875e-04
-1.385670743570419300e-04
-1.227303973159653511e-04
-1.050278303732278426e-04
-8.547200467566455683e-05
-6.411112504841362351e-05
-4.102275315852889858e-05
-1.630559699346852251e-05
9.930720556903826593e-06
3.757596359371279544e-05
6.652896007384815084e-05
9.670483525903516924e-05
1.280383654254752760e-04
1.604839363991282964e-04
1.940117754568331150e-04
2.286019869292282988e-04
2.642374214980848729e-04
3.008956177919708719e-04
3.385410209176474257e-04
3.771173975483011376e-04
4.165417250878239116e-04
4.567009453982069731e-04
4.974520781184827182e-04
5.386265965507862569e-04
5.800378116096274218e-04
6.214901068299930271e-04
6.627888801199260330e-04
7.037494373270392067e-04
7.442044846458111592e-04
7.840090989150997518e-04
8.230426268406412001e-04
8.612076126667800573e-04
8.984253811630389620e-04
9.346294411319463731e-04
9.697577707812440797e-04
1.003745530669069783e-03
1.036520233891883051e-03
1.068000063198833258e-03
1.098096130968769261e-03
1.126718291779700305e-03
1.153783376250293747e-03
1.179224947498352331e-03
1.203002697281806187e-03
1.225110104874369780e-03
1.245578879610923602e-03
1.264478859355848070e-03
1.281913344363045651e-03
1.298010018082518171e-03
1.312908794065517984e-03
1.326748469799214495e-03
1.339654008346699218e-03
1.351726738459476437e-03
1.363038714690722845e-03
1.373631953704660975e-03
1.383522536188245156e-03
1.392708399933910088e-03
1.401179559660248059e-03
1.408928777843159287e-03
1.415960809862270740e-03
1.422298864252618047e-03
1.427987130878919817e-03
1.433089391256912523e-03
1.437684234003265603e-03
1.441858033780941007e-03
1.445697437375203240e-03
1.449282716717293458e-03
1.452683289219651019e-03
1.455955932876566673e-03
1.459145453052045549e-03
1.462287224408262854e-03
1.465410351958155218e-03
1.468540349767571409e-03
1.471700401072682709e-03
1.474910608774961714e-03
1.478185505944655444e-03
1.481530441802794218e-03
1.484938056160927571e-03
1.488386234898911266e-03
1.491838612816827770e-03
1.495248423965865256e-03
1.498565562892723631e-03
1.501745994823914078e-03
1.504762027840158547e-03
1.507611404030401213e-03
1.510323374924423369e-03
1.512960198668975844e-03
1.515613280941110726e-03
1.518394212396605462e-03
1.521421736495869731e-03
1.524802532369765474e-03
1.528618713890896085e-03
1.532919612787030095e-03
1.537705902884943130e-03
1.542932860781244357e-03
1.548521026254212748e-03
1.554356754835197829e-03
1.560308427278268807e-03
1.566251134432648231e-03
1.572075076998013686e-03
1.577684866230474056e-03
1.583006755593087530e-03
1.587975938555572170e-03
1.592493707939496251e-03
1.596412273377437185e-03
1.599529766698469828e-03
1.601580776466741832e-03
1.602307202950271035e-03
1.601562293371750021e-03
1.599395468096244475e-03
1.596152465241181938e-03
1.592504454566981507e-03
1.589372414457584926e-03
1.587803920821110161e-03
1.588803888489372313e-03
1.593142350941048439e-03
1.601198390576343260e-03
1.612862000455180878e-03
1.627469998732460326e-03
1.643822906999493818e-03
1.660313129269073160e-03
1.675112544336369467e-03
1.686451946044757342e-03
1.692941530564648312e-03
1.693823383327373866e-03
1.689143519565187903e-03
1.679783190763173284e-03
1.667336091581884602e-03
1.653888739509756876e-03
1.641735555157246415e-03
1.633077622868846484e-03
1.629742998452264439e-03
1.632955399541956547e-03
1.643168260747349032e-03
1.659978633540320353e-03
1.682152926023167778e-03
1.707751487343278120e-03
1.734343948141137820e-03
1.759292374626383057e-03
1.780037826149600058e-03
1.794375428091886555e-03
1.800682451345759008e-03
1.798086067440353821e-03
1.786591029473308693e-03
1.767139266284533305e-03
1.741603488007161145e-03
1.712698263082751892e-03
1.683777649100140841e-03
1.658536828507466143e-03
1.640627473759556296e-03
1.633224586317689455e-03
1.638600686624095510e-03
1.657752568837354574e-03
1.690136008395940696e-03
1.733545592054100372e-03
1.784185072012171814e-03
1.836948188210448234e-03
1.885902285969429625e-03
1.924961616481968762e-03
1.948662677192019351e-03
1.952948567064005051e-03
1.935857900228632770e-03
1.897988484208393408e-03
1.842667247344990933e-03
1.775776582774850690e-03
1.705227195819391216e-03
1.640130410684909317e-03
1.589744881116427573e-03
1.562313479439471266e-03
1.563930042849008247e-03
1.597582508407528268e-03
1.662513315985478246e-03
1.754000196524795269e-03
1.863624369119157038e-03
1.980020475645285181e-03
2.090042727428969779e-03
2.180240671431399151e-03
2.238473527881151056e-03
2.255490782582337660e-03
2.226294198509585261e-03
2.151096894562885917e-03
2.035746473693663891e-03
1.891508779172377088e-03
1.734180131138255516e-03
1.582578285225156277e-03
1.456531146976697581e-03
1.374562351172446120e-03
1.351523137115784746e-03
1.396446378600131252e-03
1.510899385590379730e-03
1.688076757229857103e-03
1.912820317790196257e-03
2.162656592217804957e-03
2.409837438008197164e-03
2.624244989519264673e-03
2.776883591826236845e-03
2.843592443566694914e-03
2.808530030032947537e-03
2.666966606942095756e-03
2.426972830180393077e-03
2.109674181319930609e-03
1.747896289230253114e-03
1.383210333763751181e-03
1.061586452565372110e-03
8.280703722771865947e-04
7.210635109662470472e-04
7.668862310119611229e-04
9.753284050480529564e-04
1.336829633864452345e-03
1.821796105701798101e-03
2.382351950264893683e-03
2.956561512941797455e-03
3.474840006586232301e-03
3.867943597622827082e-03
4.075671253186160733e-03
4.055235055840628045e-03
3.788237166551908404e-03
3.285288008152867194e-03
2.587477573456328783e-03
1.764195004038844215e-03
9.071706885605838790e-04
1.211014801263945930e-04
-4.882438666854411547e-04
-8.271021818741530231e-04
-8.264186745195072938e-04
-4.526325439283583672e-04
2.848139642044410333e-04
1.330373802139337520e-03
2.584576151378812584e-03
3.911965765578722699e-03
5.154571752774061121e-03
6.149722616949531220e-03
6.750119496319640505e-03
6.843607641479248008e-03
6.370237181037689128e-03
5.334656005964249180e-03
3.812185642599132812e-03
1.946998408087548260e-03
-5.888085468750327170e-05
-1.965834156511006049e-03
-3.524220521837551252e-03
-4.505397148431856610e-03
-4.731684042277606653e-03
-4.101686153200456014e-03
-2.608987682009295504e-03
-3.529247910711180193e-04
2.460785192841242162e-03
5.532987934764986397e-03
8.500040122299450454e-03
1.097690804348301456e-02
1.260707572062244944e-02
1.310950938578337062e-02
1.231608917531933599e-02
1.019901212199593107e-02
6.890107536620354405e-03
2.688613866338735413e-03
-1.953570898499451883e-03
-6.478481578006043545e-03
-1.029622291911551704e-02
-1.286795600919271761e-02
-1.377616110116794759e-02
-1.277063646488887753e-02
-9.796264632084597176e-03
-5.019092260887702238e-03
1.147908571123070712e-03
8.044872177550574724e-03
1.482272928671884635e-02
2.056654352212912429e-02
2.445103665341421054e-02
2.586690333176035889e-02
2.447275963659991532e-02
2.019558840730304242e-02
1.325943064889242330e-02
4.261197323297723216e-03
-5.792432884333694083e-03
-1.558384185667449282e-02
-2.372172019368713747e-02
-2.902869843754107837e-02
-3.075352744505685521e-02
-2.858790929363643277e-02
-2.255247136602123517e-02
-1.299612697757434980e-02
-7.470182156809469613e-04
1.274980580585745489e-02
2.550077358499722516e-02
3.540768312476604007e-02
4.093041989459964003e-02
4.145708899533741276e-02
3.708345664344802478e-02
2.826336510326444770e-02
1.579341525424047057e-02
9.817413598201356600e-04
-1.425555525154948225e-02
-2.759578044197229935e-02
-3.689766598744378262e-02
-4.088788591393378163e-02
-3.945144193923431908e-02
-3.325961551754991891e-02
-2.320518175917873557e-02
-1.034906212772297024e-02
3.877922141204316261e-03
1.768768370041454846e-02
2.924175968823561345e-02
3.698017731650476980e-02
3.998479386841871652e-02
3.831618439412195348e-02
3.273229739312365216e-02
2.416703667737167896e-02
1.352098331602766962e-02
1.739567630351777959e-03
-1.004937248548943944e-02
-2.063002892705830676e-02
-2.882194726891354822e-02
-3.359426631515553818e-02
-3.443845876889135155e-02
-3.158766455961397462e-02
-2.566649849745319262e-02
-1.734665680441183078e-02
-7.307923535034095176e-03
3.630739605228151465e-03
1.445451798911830295e-02
2.398096953540677229e-02
3.090158921212980692e-02
3.411693696896385408e-02
3.322965183171632669e-02
2.864984745993075232e-02
2.117621870220459668e-02
1.167750124845957221e-02
1.121222131044451826e-03
-9.381205969381616744e-03
-1.868303256497077028e-02
-2.569147671380194245e-02
-2.946542785209049428e-02
-2.950652838982601583e-02
-2.595310373175807594e-02
-1.944561228756204810e-02
-1.081547874697089302e-02
-9.742556467840893285e-04
9.044231600912125413e-03
1.813328921121473009e-02
2.528373050639751846e-02
2.970199290261442762e-02
3.086377461522047186e-02
2.866668730569814708e-02
2.344234718076874946e-02
1.582056580847931646e-02
6.593209771708982356e-03
-3.314989941381039050e-03
-1.283089184575237317e-02
-2.083211383814630169e-02
-2.634493752870670918e-02
-2.871882007042619520e-02
-2.770418173811903945e-02
-2.347152804391460304e-02
-1.651369791706872384e-02
-7.546390183542934366e-03
2.547899970183804992e-03
1.270696085724342880e-02
2.170574387183739004e-02
2.833000038255326786e-02
3.165217148912837647e-02
3.128426039284519511e-02
2.737420623603195949e-02
2.045507509743328678e-02
1.132189711977595915e-02
9.674651663402122556e-04
-9.472827430499215773e-03
-1.877304345032867333e-02
-2.573863162982283070e-02
-2.943928276693414531e-02
-2.943480276625432684e-02
-2.585107505233793027e-02
-1.920568182599012574e-02
-1.025230122657936824e-02
6.259742609998043773e-05
1.061828217788600252e-02
2.020352547132989868e-02
2.764047593806286465e-02
3.195499644606086126e-02
3.262179333019765010e-02
2.965775818405968697e-02
2.351669736593271082e-02
1.491447163388940136e-02
4.751392856113465825e-03
-5.897954152732765194e-03
-1.582699795186928368e-02
-2.382789643626594470e-02
-2.887649174424759130e-02
-3.033487673373939236e-02
-2.811345288093448219e-02
-2.258538001477740711e-02
