3.504206465612111909e-01
1.076401208265221676e+00
1.833170637360322708e+00
2.662781202635158717e+00
3.538535483503581602e+00
4.407345115934925062e+00
5.353400827950863139e+00
6.321150918315463940e+00
7.287960373126973757e+00
8.319005124584199606e+00
9.358926362881808458e+00
1.041674472784521477e+01
1.150797431478780553e+01
1.261841163695022949e+01
1.375075560169614164e+01
1.489233945345466914e+01
1.607151651327809461e+01
1.725946527745212222e+01
1.845394379411316166e+01
1.969107757956567184e+01
2.092457253795159744e+01
2.217495859936588687e+01
2.345527355971539407e+01
2.473491599667892160e+01
2.603617603227141331e+01
2.735138722959360535e+01
2.867988682801345490e+01
3.002212868654224209e+01
3.137347426822586982e+01
3.274835934469136589e+01
3.412533250215244607e+01
3.551812529197722768e+01
3.693247866286449721e+01
3.834637352627088802e+01
3.978268466274760584e+01
4.123263045582385899e+01
4.269024125095398858e+01
4.416873910542675219e+01
4.565791908577094205e+01
4.716490351651160040e+01
4.868609202924674406e+01
5.022377710528115813e+01
5.178320130500684826e+01
5.335391970834992037e+01
5.494989415064573279e+01
5.656602347411987353e+01
5.819851957766026374e+01
5.986089955493862647e+01
6.154295708626763428e+01
6.325082571314324298e+01
6.498787122991083720e+01
6.675021943253773316e+01
6.854514384216614076e+01
7.036876268518942368e+01
7.222686913666625230e+01
7.411978854396659244e+01
7.604541394504546759e+01
7.801286602356444178e+01
8.001617944002754257e+01
8.205976955577327203e+01
8.414800751410646740e+01
8.627586019798354755e+01
8.845049583504983559e+01
9.067011815456089607e+01
9.293555539378661479e+01
9.524993000351794592e+01
9.761035571611421346e+01
1.000211621476247217e+02
1.024793410056894629e+02
1.049853318235665398e+02
1.075411647643609996e+02
1.101413255067804613e+02
1.127887801858189505e+02
1.154804793822586788e+02
1.182131014067702495e+02
1.209879544691258957e+02
1.237996990697149897e+02
1.266481961178191682e+02
1.295309477539386194e+02
1.324449226120570131e+02
1.353905439475951766e+02
1.383635253941652650e+02
1.413645002453164352e+02
1.443918879885090973e+02
1.474430184377651472e+02
1.505195811250400197e+02
1.536183508355070728e+02
1.567393491926233082e+02
1.598824377690083338e+02
1.630450635619916682e+02
1.662282339734848051e+02
1.694297575187510176e+02
1.726492940952827269e+02
1.758866265997630762e+02
1.791396843207191409e+02
1.824095944038084838e+02
1.856946396809968292e+02
1.889946521419015539e+02
1.923102910889326438e+02
1.956398372211040453e+02
1.989844316064682914e+02
2.023432975138211987e+02
2.057158881552741150e+02
2.091027563073652402e+02
2.125023276077924379e+02
2.159149096944939288e+02
2.193394008661520616e+02
2.227747302834916354e+02
2.262209235253749853e+02
2.296761666225974352e+02
2.331404981547912598e+02
2.366131627809386373e+02
2.400930446639677598e+02
2.435803556584074556e+02
2.470735887381445650e+02
2.505722587002914565e+02
2.540754457186833974e+02
2.575815246025268834e+02
2.610899179500843275e+02
2.645987297720249103e+02
2.681068489929346015e+02
2.716129966768234567e+02
2.751152032006554009e+02
2.786125954921789116e+02
2.821032210997557286e+02
2.855856624074556294e+02
2.890586868267787395e+02
2.925203200336430882e+02
2.959695356396902071e+02
2.994045954284263189e+02
3.028240202105750996e+02
3.062266182823948384e+02
3.096105470178253540e+02
3.129747273557497920e+02
3.163175450724998541e+02
3.196374936711507644e+02
3.229334396257338540e+02
3.262036046686054647e+02
3.294468491693962733e+02
3.326617030354985900e+02
3.358466330433274152e+02
3.390005216009272999e+02
3.421217147770329348e+02
3.452090153307472633e+02
3.482610507497548724e+02
3.512763217128178894e+02
3.542537172540146457e+02
3.571916733378628805e+02
3.600889723238380498e+02
3.629443229729420750e+02
3.657562410749649757e+02
3.685236253616448039e+02
3.712450087231875955e+02
3.739191523388597034e+02
3.765448462322532350e+02
3.791206734528099105e+02
3.816455489102222600e+02
3.841181248450245675e+02
3.865371999672424295e+02
3.889016501333104543e+02
3.912101497923511033e+02
3.934616634267165409e+02
3.956549623476840907e+02
3.977888960733483259e+02
3.998624371000975088e+02
4.018743637843796250e+02
4.038236956188328577e+02
4.057093336776223396e+02
4.075302036747370948e+02
4.092853710328373040e+02
4.109737356647358979e+02
4.125943886992515672e+02
4.141463510927226821e+02
4.156286359397254841e+02
4.170403970191087524e+02
4.183806433989700508e+02
4.196485315426065767e+02
4.208431908477508046e+02
4.219637168290386171e+02
4.230093446879875501e+02
4.239791984254352428e+02
4.248725116747895072e+02
4.256885281210343237e+02
4.264264509929907945e+02
4.270856147012328847e+02
4.276652731669369700e+02
4.281647639684620685e+02
4.285834591919503964e+02
4.289206897313107447e+02
4.291759102364502496e+02
4.293485271601765021e+02
4.294380124501209366e+02
4.294438994379796668e+02
4.293656919707084967e+02
4.292030115823681626e+02
4.289554645772081471e+02
4.286227112230841954e+02
4.282044873585353457e+02
4.277005091545164532e+02
4.271105993055339809e+02
4.267865765425799509e+02
4.267642466744975991e+02
4.267161262193385483e+02
4.266980212419387612e+02
4.266976595287869714e+02
4.266750218221636146e+02
4.267200988221437115e+02
4.267804705516048216e+02
4.268358544431299038e+02
4.269512446183957763e+02
4.270700711812927466e+02
4.272022016735309649e+02
4.273651873718966385e+02
4.275476284985563211e+02
4.277582702940327977e+02
4.279904349350455277e+02
4.282745017876594602e+02
4.285811686291348792e+02
4.289015121091659921e+02
4.292577718095611203e+02
4.295876901353900621e+02
4.298948760673130778e+02
4.301777206512992962e+02
4.303970174346857220e+02
4.305726270332575609e+02
4.306999027742846806e+02
4.307853853865633482e+02
4.308395577037956627e+02
4.308678076121945537e+02
4.308931144456948914e+02
4.309016657552799643e+02
4.309119537704970071e+02
4.309321978782354563e+02
4.309423621836187976e+02
4.309652709614451851e+02
4.309916180285222254e+02
4.310151063812332950e+02
4.310478522680896845e+02
4.310788556926452770e+02
4.311143139831182225e+02
4.311498055869394648e+02
4.311866601133443169e+02
4.312288864200792773e+02
4.312653289596847230e+02
4.313084047379473418e+02
4.313516303952630437e+02
4.313901408701559603e+02
4.314354677707159453e+02
4.314760134597252659e+02
4.315163625329506090e+02
4.315580086724181115e+02
4.315956775414549611e+02
4.316349335002710177e+02
4.316704687917684851e+02
4.317065938437472141e+02
4.317421672682791041e+02
4.317740180516291844e+02
4.318097246368033097e+02
4.318422739211047769e+02
4.318750265043225340e+02
4.319108923821962094e+02
4.319439860446252055e+02
4.319801341343260788e+02
4.320162366505467162e+02
4.320519973901079993e+02
4.320890532393551098e+02
4.321234831099498024e+02
4.321585530433198414e+02
4.321907115242323130e+02
4.322205070680203107e+02
4.322503531136270567e+02
4.322761572842200053e+02
4.323024964819264255e+02
4.323282630536301099e+02
4.323525957007871625e+02
4.323789490706325296e+02
4.324045201891064494e+02
4.324316917057279284e+02
4.324603595606426438e+02
4.324900375068875178e+02
4.325230808566145129e+02
4.325568097084308192e+02
4.325926774419512526e+02
4.326290923716635461e+02
4.326631665136671359e+02
4.326959232863684406e+02
4.327239816858850077e+02
4.327478922796969414e+02
4.327685896375639913e+02
4.327855260145594798e+02
4.328017661230836097e+02
4.328171228859593498e+02
4.328329282738609436e+02
4.328499889462123065e+02
4.328672652430514631e+02
4.328868842581456988e+02
4.329086272888711164e+02
4.329343518928330923e+02
4.329665148053339863e+02
4.330046308626326095e+02
4.330493283754731237e+02
4.330972212345045591e+02
4.331435030850601606e+02
4.331835702659674325e+02
4.332118422191703075e+02
4.332272068405762298e+02
4.332306407823676295e+02
4.332264651755821774e+02
4.332214380680129580e+02
4.332197717874434488e+02
4.332246538146699208e+02
4.332349479364051490e+02
4.332470902538506721e+02
4.332591597356299644e+02
4.332709287212967979e+02
4.332879491903786970e+02
4.333188181053079120e+02
4.333713764366825671e+02
4.334491944893011350e+02
4.335454033189068923e+02
4.336442033004628911e+02
4.337237974996868957e+02
4.337638243788955492e+02
4.337554648723887567e+02
4.337047435214673214e+02
4.336332376009024756e+02
4.335698292631291224e+02
4.335380647286613680e+02
4.335467402471934406e+02
4.335839289344484087e+02
4.336235102121200953e+02
4.336391828654872711e+02
4.336203099943391521e+02
4.335838714881242026e+02
4.335712011667499155e+02
4.336327327762726895e+02
4.338031261376794987e+02
4.340764683219715039e+02
4.343968635315478082e+02
4.346695423633271957e+02
4.347961045227085037e+02
4.347197394823165268e+02
4.344578310006431252e+02
4.341063882788282058e+02
4.338071909487988478e+02
4.336895284368609396e+02
4.338078127110550781e+02
4.341033542456931968e+02
4.344202974993582416e+02
4.345779417870879797e+02
4.344698720115670767e+02
4.341368634773986628e+02
4.337715419546577209e+02
4.336515172647593204e+02
4.340208507298801237e+02
4.349564932108522157e+02
4.362723075169349158e+02
4.375303791126665374e+02
4.382060900733112589e+02
4.379477291146878883e+02
4.367807855950045450e+02
4.351384777001334214e+02
4.337182121171452991e+02
4.332299691957414893e+02
4.340735703052964141e+02
4.360271343247613913e+02
4.381980698221717034e+02
4.394465742812733424e+02
4.390663902775002043e+02
4.372065818912483905e+02
4.347990503329584158e+02
4.331884266277827464e+02
4.336909829466205792e+02
4.370644390377846662e+02
4.428341971653997007e+02
4.489676703695395759e+02
4.526496818933605368e+02
4.519756067845613643e+02
4.471872180092483973e+02
4.404081082362827715e+02
4.345109492132244213e+02
4.325261348554352026e+02
4.369845512991236092e+02
4.475064168629255619e+02
4.591116907588275922e+02
4.650621455953393024e+02
4.622516617744425389e+02
4.531747981506771907e+02
4.429706274575459588e+02
4.362566036715828659e+02
4.375136652967215696e+02
4.503607326075632500e+02
4.724348082200131671e+02
4.930641667174722329e+02
4.994125251759905950e+02
4.891673469474831677e+02
4.714811309690766734e+02
4.547117025232043943e+02
4.444718212830466086e+02
4.491036316661397905e+02
4.688894687413089741e+02
4.919249956765549427e+02
5.027270503990788484e+02
4.946171396243091749e+02
4.763893648932308338e+02
4.608352719380264375e+02
4.519753753740842512e+02
4.532847145699813041e+02
4.641241273368690941e+02
4.800196249816346494e+02
4.920751442077607294e+02
4.921333394257165423e+02
4.802678342430838256e+02
4.647415960180575212e+02
4.531147594335732265e+02
4.485026971865320888e+02
4.500928638558605144e+02
4.545838423799356747e+02
4.608251344426743117e+02
4.671506568506359258e+02
4.698194768962599142e+02
4.654426103703717672e+02
4.565935055141358703e+02
4.468348398245265116e+02
4.400744266399610183e+02
4.378664132798859896e+02
4.400422423580898794e+02
4.456829433483441676e+02
4.537230013850654018e+02
4.619689861830121345e+02
4.665885249941171651e+02
4.648009911236845824e+02
4.572504840914633064e+02
4.467878511717037782e+02
4.401693281615967521e+02
4.401389570847792925e+02
4.449921928308637007e+02
4.522241162439131017e+02
4.591149299603666236e+02
4.618218547426573650e+02
4.586425729810871417e+02
4.508832126213745823e+02
4.423495209886671091e+02
4.357395139857871413e+02
4.352652930395643693e+02
4.395273880410167635e+02
4.463617348879068345e+02
4.538744376733385479e+02
4.590557031233758494e+02
4.587691468847233978e+02
4.539603053043083492e+02
4.463559892537765563e+02
4.393563967137120585e+02
4.359956477107017463e+02
4.380808833431249809e+02
4.435608822496881771e+02
4.506739613627282779e+02
4.568996523527780482e+02
4.587778145944003541e+02
4.545389524770029652e+02
4.473350806557303372e+02
4.392856138611063557e+02
4.340955540547382725e+02
4.341941689420740431e+02
4.395756269592963008e+02
4.477878990926867573e+02
4.565583539865396006e+02
4.620447051881671996e+02
4.614335813793502439e+02
4.544868476886232997e+02
4.455970847847579535e+02
4.385756473409686009e+02
4.374966120144474644e+02
4.425493769872564371e+02
4.510409770481078908e+02
4.589767931399676968e+02
4.633238944136462578e+02
4.606501128326053163e+02
4.525585443442656697e+02
4.428189529815292644e+02
4.361378366247080294e+02
4.349277169288019422e+02
4.397296852195811994e+02
4.482814062381200984e+02
4.573806942469216779e+02
4.630757426033324577e+02
4.632502144152800838e+02
4.570183429818579270e+02
4.479282521218306101e+02
4.400382609601234662e+02
4.374609331110118546e+02
4.407891262993305759e+02
4.483968865156404036e+02
4.568780308353664736e+02
4.629207295168969267e+02
4.626123800510035835e+02
4.563085969340212387e+02
4.466893721345391555e+02
4.384120718382824862e+02
4.346322957777171609e+02
4.370952190831242774e+02
