1.033347411910000062e+02
6.313505041800000583e+01
6.295455767800000046e+01
6.242497218600000508e+01
6.254902095200000645e+01
6.138234885500000360e+01
6.195713088900000542e+01
6.157501724400000143e+01
6.181116458200000352e+01
6.163721622200000638e+01
6.122552856200000093e+01
6.142442445700000064e+01
6.184869041100000686e+01
6.116279481800000184e+01
6.198899065000000519e+01
6.155242827300000386e+01
6.250775904100000702e+01
6.174030622300000459e+01
6.174383257800000280e+01
6.196733028800000653e+01
6.129724374900000328e+01
6.214216132200000686e+01
6.184252264100000218e+01
6.178869532500000616e+01
6.275781056300000671e+01
6.134065390900000381e+01
6.314029749000000180e+01
6.151872194300000274e+01
6.187210248800000301e+01
6.215906947900000290e+01
6.189182355100000166e+01
6.232703191700000644e+01
6.162189586400000252e+01
6.205904308900000643e+01
6.167921120000000457e+01
6.171343357700000354e+01
6.195965181800000465e+01
6.131693682300000603e+01
6.232815021200000416e+01
6.141658462300000565e+01
6.213363924000000083e+01
6.163483432600000356e+01
6.126941879900000032e+01
6.202913615500000333e+01
6.184992477900000551e+01
6.266046644400000076e+01
6.119951928200000424e+01
6.065037004400000598e+01
6.180301898300000119e+01
6.043402870500000290e+01
6.241019951300000201e+01
6.068392851900000551e+01
6.139853734100000082e+01
6.144722135600000712e+01
6.147473486200000536e+01
6.199201209700000703e+01
6.023739792500000334e+01
6.247737487700000258e+01
6.167702015100000068e+01
6.143832304900000452e+01
6.187953305100000279e+01
6.096155879900000230e+01
6.230674038200000098e+01
6.240738126000000108e+01
6.128434232600000087e+01
6.199335028700000549e+01
6.154088687900000565e+01
6.187270299200000068e+01
6.136087839000000344e+01
6.148461027200000473e+01
6.235800084300000634e+01
6.142075710700000712e+01
6.201137040500000097e+01
6.204435768100000104e+01
6.089486777700000175e+01
6.119711414600000410e+01
6.078170627800000148e+01
6.339706938300000161e+01
6.201981368200000588e+01
6.201803251800000538e+01
6.198969312900000261e+01
6.146447349400000348e+01
6.266645631400000127e+01
6.171688747300000699e+01
6.218513143300000223e+01
6.167039749600000675e+01
6.195523931200000334e+01
6.246853135100000287e+01
6.178303421100000037e+01
6.216892951900000241e+01
6.166605695600000558e+01
6.217561844200000110e+01
1.214214506870000037e+02
1.219659745870000052e+02
1.205115345500000075e+02
1.213274181830000060e+02
1.222275870590000011e+02
1.210893186220000075e+02
1.216237214770000037e+02
1.213599589280000117e+02
1.228314222900000061e+02
1.208027967840000088e+02
1.222970026960000069e+02
1.206846769420000101e+02
1.210007781870000088e+02
1.212005995090000141e+02
1.207525278240000119e+02
1.211646766810000031e+02
1.213891497250000100e+02
1.218803911590000126e+02
1.204732230170000093e+02
1.201148516480000126e+02
1.198818405450000029e+02
1.207293400860000077e+02
1.196083057470000028e+02
1.194265240400000039e+02
1.191442363240000049e+02
1.198679122450000136e+02
1.191691475970000056e+02
1.196037170350000025e+02
1.199329497140000029e+02
1.218227376340000063e+02
1.220921184930000010e+02
1.213946541190000090e+02
1.210823631340000048e+02
1.218364617440000046e+02
1.200243530690000142e+02
1.208739390670000091e+02
1.208057785610000110e+02
1.207387012490000018e+02
1.213253782950000073e+02
1.215830025290000123e+02
1.203294164540000111e+02
1.212176203540000046e+02
1.211788179290000045e+02
1.068425360930000068e+02
7.083391977800000916e+01
7.272772861100000341e+01
7.084474527100000785e+01
1.156124332960000061e+02
1.198866762140000048e+02
1.202701455530000061e+02
1.195782448350000067e+02
1.194813612700000078e+02
1.197392602130000085e+02
1.201998663370000031e+02
1.204047460600000079e+02
1.201146067800000026e+02
1.207393301190000017e+02
1.203299457740000094e+02
1.201521478920000021e+02
1.195333944230000043e+02
7.971339814200000262e+01
7.220303670700000964e+01
7.015288076200000944e+01
7.135079202900000439e+01
7.458448351700000956e+01
7.074614947900001027e+01
7.183263566899999830e+01
7.058133803100000137e+01
7.163637590199999750e+01
7.229549819100000718e+01
7.179319854300000259e+01
7.102446402100000000e+01
7.581441600800000913e+01
7.097234487699999761e+01
7.155924036500000796e+01
7.176626878999999803e+01
7.534749960599999952e+01
7.227138029700000743e+01
7.118360788300000763e+01
7.267869050500000583e+01
7.048038530400000923e+01
7.837003108900000825e+01
7.318750514200000623e+01
7.071530579600000976e+01
9.730634684600001094e+01
7.481462769600000229e+01
7.195906131899999991e+01
7.218112949600001116e+01
8.615510538899999915e+01
1.175800646820000139e+02
1.179354056410000027e+02
1.184336222690000113e+02
1.178103543800000068e+02
1.183296858480000111e+02
1.183923292730000014e+02
1.192196308080000051e+02
1.190136396590000061e+02
1.187852106310000124e+02
1.187875500590000115e+02
1.184392982040000106e+02
1.186572419680000081e+02
1.186294228190000126e+02
1.187692362350000082e+02
1.189449441990000054e+02
1.187799082000000084e+02
6.065000417800000321e+01
6.084603056000000265e+01
6.186913070200000675e+01
6.089361847800000049e+01
6.042578346200000539e+01
6.088156755300000356e+01
6.036121466800000235e+01
6.144977004600000470e+01
6.106661014000000165e+01
6.056980496000000613e+01
6.084019104100000419e+01
6.055007167900000553e+01
6.098745329800000547e+01
4.903001901500000059e+01
3.639804078499999918e+01
3.732185169200000274e+01
3.703835244900000134e+01
3.562383915499999887e+01
3.685727035700000442e+01
3.553024912600000107e+01
3.725703311800000250e+01
3.698198716600000324e+01
3.675447961800000485e+01
3.562369592800000362e+01
3.680445320700000167e+01
3.672436827700000350e+01
3.602391480800000068e+01
3.670450702500000517e+01
3.578613816900000444e+01
3.678197959300000264e+01
3.590048610499999882e+01
3.675583010600000478e+01
3.610904480900000380e+01
3.679242061400000097e+01
3.579354130000000112e+01
3.666867317700000228e+01
3.561012997899999988e+01
3.681353063099999900e+01
3.548804829200000199e+01
3.676717197800000037e+01
3.583209276300000568e+01
3.601563836300000077e+01
3.691766018399999894e+01
3.691239004700000237e+01
3.699154641999999882e+01
3.694876459400000357e+01
3.617704664100000400e+01
3.695342306999999948e+01
3.567544729000000103e+01
3.663193244800000059e+01
3.573012657000000303e+01
3.693068013300000274e+01
3.691100107200000480e+01
3.577338606700000412e+01
3.578538078100000064e+01
3.681596601600000440e+01
3.547053537100000398e+01
3.566173244200000170e+01
3.664604177100000015e+01
3.561520700799999872e+01
3.631057116699999909e+01
3.567689444000000520e+01
3.688741253500000283e+01
3.676510046399999965e+01
3.542216282500000091e+01
3.666829986800000540e+01
3.601540031000000397e+01
3.676980611500000151e+01
3.655855483300000230e+01
3.669018315000000285e+01
3.565207864399999949e+01
3.570014355100000358e+01
3.670634288400000145e+01
3.562649173100000155e+01
3.661720891699999925e+01
3.549346465200000011e+01
6.965153956100000698e+01
7.090640943400001106e+01
6.975866801300000475e+01
7.191512781200000859e+01
6.992420151100000680e+01
6.014588831500000055e+01
6.087930575200000050e+01
6.215749622500000271e+01
1.172330504480000144e+02
1.194196830010000099e+02
1.194174277890000013e+02
1.193230058280000065e+02
1.190257200730000022e+02
1.193384067720000132e+02
1.192543298530000015e+02
6.183390668200000562e+01
6.030146654100000347e+01
1.187978646000000111e+02
1.194399683750000065e+02
1.188842097220000085e+02
1.191886348110000142e+02
1.197826538840000126e+02
1.190474451030000012e+02
1.195288679290000005e+02
1.195966289840000059e+02
6.120126624700000662e+01
1.196459756770000098e+02
1.188899418200000042e+02
1.187969638040000007e+02
1.199141196720000124e+02
1.195357400290000101e+02
1.179172182850000041e+02
1.192249854030000051e+02
1.189396456240000077e+02
6.133049068500000089e+01
1.175214440340000124e+02
1.180807185580000009e+02
1.190900149860000141e+02
1.186353075900000107e+02
1.195783145900000051e+02
1.193803476360000104e+02
1.190516149660000025e+02
1.204622513520000098e+02
1.190864592520000116e+02
1.193060564650000117e+02
1.189290330350000033e+02
1.195787747170000017e+02
1.184665151130000140e+02
1.156768728400000015e+02
8.717998251699999912e+01
6.858161529500000597e+01
6.951237670000000435e+01
7.007712132200001065e+01
8.453536272600000245e+01
1.133190075950000022e+02
1.139687472950000000e+02
1.150105141960000026e+02
1.160506215430000054e+02
1.152415983960000005e+02
1.156606054090000129e+02
1.153567973160000122e+02
1.141983193390000082e+02
1.152497166610000079e+02
7.052340747800000997e+01
8.626351310600000488e+01
1.011040667259999992e+02
1.018123998270000072e+02
1.155830146840000054e+02
1.161806594130000008e+02
1.156282984500000026e+02
1.149725687370000031e+02
1.144607339030000048e+02
1.101703382370000099e+02
8.293250610300000858e+01
9.173403543100000945e+01
7.463623259500000984e+01
7.200077900700000555e+01
7.036189077000000225e+01
7.108807630900000163e+01
9.149285648200000765e+01
6.980152890700000512e+01
7.023310160900000199e+01
7.146748310400001003e+01
7.102246788200000083e+01
7.630034400600000311e+01
7.173967756800000473e+01
7.092148027600001114e+01
8.331843713500001058e+01
7.536047042300000953e+01
6.992746749399999828e+01
7.207252977800000338e+01
7.443984379600000523e+01
7.338766705000000456e+01
7.155484589200000300e+01
7.189788162700000385e+01
7.254408262200000479e+01
7.164732691300000056e+01
7.168230110700000068e+01
7.187269611300000349e+01
7.189705940800000405e+01
7.315615717500000414e+01
1.060914173620000014e+02
1.058648097940000099e+02
7.309700915500000917e+01
7.284101207199999806e+01
7.173040242900000862e+01
7.405877579799999921e+01
7.047713659600000824e+01
1.118261333940000100e+02
1.534826672089999988e+02
1.084979011720000130e+02
1.059124913580000111e+02
7.229544634200000530e+01
1.089394917400000082e+02
1.052573031500000127e+02
9.467846359900001119e+01
1.188484879390000089e+02
1.752467600960000027e+02
1.498207696850000161e+02
1.058307367830000061e+02
1.157252789230000047e+02
1.758875489860000130e+02
2.303825357510000060e+02
1.763098696160000145e+02
1.740494359230000043e+02
1.577892082770000002e+02
1.067558534730000019e+02
1.435257258590000049e+02
1.055835224540000041e+02
1.413724688100000151e+02
1.550392414190000068e+02
1.700864771600000154e+02
1.258622798150000079e+02
1.065267173460000123e+02
1.083144894430000136e+02
1.061051809000000077e+02
1.417837228129999971e+02
1.074874738920000112e+02
1.414569066790000136e+02
1.559824641960000235e+02
1.413815392500000030e+02
1.084304503990000086e+02
1.058556692690000034e+02
1.069935910120000102e+02
1.508793495570000118e+02
2.309175167500000043e+02
1.736914425920000156e+02
1.737481153870000128e+02
2.308011252570000238e+02
1.746926179060000095e+02
1.752035256380000021e+02
1.755824106340000128e+02
1.181225524930000006e+02
1.771929256470000098e+02
1.786931130160000123e+02
1.777671883570000091e+02
1.775780055780000168e+02
2.357105622130000029e+02
1.790472029270000007e+02
1.790602252140000132e+02
1.786864347550000218e+02
1.199113918140000123e+02
1.790562080410000192e+02
1.782667567820000158e+02
1.776006904380000151e+02
1.778138699240000165e+02
1.772116873390000080e+02
1.203748603020000019e+02
1.783228263000000027e+02
1.796091927559999988e+02
1.214244348240000022e+02
1.196399729850000142e+02
1.641714042350000113e+02
1.593658861600000023e+02
1.068323954550000110e+02
1.129197734700000098e+02
1.144368459500000057e+02
1.601065490010000190e+02
1.607371245380000175e+02
1.088283296990000082e+02
1.080309685290000061e+02
1.596549563250000006e+02
1.592511633809999978e+02
1.429735559789999968e+02
1.071224135799999999e+02
1.069363352800000087e+02
7.782470516000000771e+01
1.531094612650000215e+02
1.160486604430000028e+02
1.154141428490000010e+02
1.146316224820000116e+02
1.601774862660000167e+02
1.586698887480000053e+02
1.589575246090000178e+02
1.988282200720000219e+02
1.497820763420000105e+02
1.506984371060000001e+02
1.497248971470000072e+02
1.006231227650000051e+02
1.017595541090000069e+02
1.490547499030000154e+02
1.490401945080000132e+02
1.485800276390000079e+02
1.483368980570000133e+02
1.498009870860000206e+02
1.500272641810000209e+02
1.510094368729999985e+02
1.020039576600000117e+02
1.018791792830000134e+02
1.506225999039999977e+02
1.511502127779999967e+02
1.501885182530000122e+02
1.495056395440000188e+02
1.502426319160000219e+02
1.502750834349999991e+02
1.500565758830000220e+02
1.020735173800000126e+02
1.016949758260000038e+02
1.511049119310000037e+02
1.501719599140000128e+02
1.676236132240000245e+02
1.719236317499999984e+02
2.273375393070000143e+02
1.750957469140000171e+02
1.809207083280000177e+02
1.219393095500000044e+02
1.213310708580000039e+02
1.808712951270000246e+02
