-6.001321433042119957e-04
-9.295182499874793391e-04
-1.887773900013378636e-03
-3.061605535288947078e-03
-3.662180265241732346e-03
-5.619642363003274355e-03
-7.076368401156885035e-03
-8.760519110576625579e-03
-1.138191405016675262e-02
-1.343760419363182468e-02
-1.600651522906915147e-02
-1.861139482569407200e-02
-2.142687133036824676e-02
-2.432924626220955844e-02
-2.680821664166188611e-02
-2.999024358119362077e-02
-3.241249452598471414e-02
-3.470099877384602571e-02
-3.747733592323276852e-02
-3.919305056615973726e-02
-4.137839450460290003e-02
-4.352148486419138429e-02
-4.496717746849765440e-02
-4.693231606628112118e-02
-4.856254786726266204e-02
-5.017538799279241957e-02
-5.191160467237709852e-02
-5.363595812541221974e-02
-5.570017651911252088e-02
-5.754806449049576500e-02
-5.979317026119224110e-02
-6.213647720991044565e-02
-6.430218324232050975e-02
-6.699410569258068548e-02
-6.943119551088861030e-02
-7.196144340051535693e-02
-7.473543625765088905e-02
-7.711186371872846834e-02
-7.964950440818041599e-02
-8.197607397746198288e-02
-8.407610470265280966e-02
-8.618694041699548336e-02
-8.787415006339482915e-02
-8.957006164793934744e-02
-9.100021066503893863e-02
-9.212691741017309255e-02
-9.326941655110498886e-02
-9.404491812412629770e-02
-9.482178007094876904e-02
-9.548187795059570604e-02
-9.598336878142266215e-02
-9.660374557213557978e-02
-9.703865320480664636e-02
-9.758479128642161271e-02
-9.814109783325086767e-02
-9.862918836706935366e-02
-9.933807110145220776e-02
-9.991627558523052954e-02
-1.005502518174710147e-01
-1.012159931194016593e-01
-1.016301998163680054e-01
-1.019648085677324900e-01
-1.019146015066842992e-01
-1.013734472690623889e-01
-1.002039004533319400e-01
-9.801251337368022121e-02
-9.466396031335211347e-02
-8.966835572802267507e-02
-8.269826661206192142e-02
-7.337451892721880142e-02
-6.109357959681283035e-02
-4.558917987646182723e-02
-2.626933142487786199e-02
-2.704424647310688101e-03
2.538634682165774592e-02
5.851179850636167856e-02
9.682358011506053685e-02
1.405945768600185275e-01
1.900187502939809647e-01
2.451056708212098201e-01
3.060299815618900965e-01
3.727220617593438590e-01
4.452010525801561869e-01
5.234646221549379419e-01
6.073585384123649789e-01
6.968982798382716837e-01
7.919037116641733931e-01
8.922416242029287403e-01
9.978027096430324150e-01
1.108299127784007965e+00
1.223577832035340762e+00
1.343326460750522422e+00
1.467234572660330194e+00
1.595031628917835675e+00
1.726290121983595327e+00
1.860712976849553613e+00
1.997898305638476479e+00
2.137430031352441695e+00
2.278957738912768427e+00
2.421987277954487539e+00
2.566104153943832955e+00
2.710826415753311736e+00
2.855614820304690937e+00
2.999975119569425530e+00
3.143266191018499356e+00
3.284834915695619806e+00
3.423876967812940819e+00
3.559374915905577197e+00
3.690159205194283309e+00
3.814715965732782266e+00
3.931337653611642224e+00
4.038132032837662422e+00
4.133090325588713476e+00
4.214377034201829630e+00
4.280358731371270764e+00
4.329826274844738698e+00
4.362055191847602487e+00
4.376716179991007927e+00
4.373902430731311242e+00
4.353924156190630335e+00
4.317271666024074861e+00
4.264569955356986242e+00
4.196468890569777344e+00
4.113686947940071725e+00
4.016862266159550998e+00
3.906496749576036542e+00
3.782931673520062876e+00
3.646271682925099622e+00
3.496508986347849124e+00
3.333570194221044947e+00
3.157413277365177517e+00
2.968157664524776251e+00
2.766089173691559377e+00
2.551753771865523657e+00
2.325973880039968744e+00
2.089854104441055238e+00
1.844835431836551631e+00
1.592621178930733183e+00
1.335135748624317831e+00
1.074411706649494480e+00
8.124292515993274399e-01
5.510410057555144014e-01
2.918592896892655553e-01
3.623554542451601357e-02
-2.147231734124046554e-01
-4.601536708148650234e-01
-6.993536111820679579e-01
-9.317397916198482122e-01
-1.156770686619213784e+00
-1.373847567418773785e+00
-1.582277610106659793e+00
-1.781211278402649256e+00
-1.969662167148789500e+00
-2.146574260110885035e+00
-2.310900808859390754e+00
-2.461747592535478812e+00
-2.598463743419030969e+00
-2.720720688688746058e+00
-2.828563110590772034e+00
-2.922384940137095377e+00
-3.002903127214210599e+00
-3.071062626948747543e+00
-3.127919379045173365e+00
-3.174529302025761890e+00
-3.211811024588438812e+00
-3.240469153336231756e+00
-3.260943984573159593e+00
-3.273413421606833573e+00
-3.277867545795356552e+00
-3.274188112212352397e+00
-3.262265522022590236e+00
-3.242096472850576117e+00
-3.213845274069033309e+00
-3.177887914357053312e+00
-3.134788491059900650e+00
-3.085253989639829886e+00
-3.030059987691277268e+00
-2.969953615382828538e+00
-2.905586037486109774e+00
-2.837452121269754990e+00
-2.765879352496758425e+00
-2.691062314690578994e+00
-2.613117704735613778e+00
-2.532174689931613099e+00
-2.448445070809524893e+00
-2.362271729367128703e+00
-2.274142783048472616e+00
-2.184647380075795731e+00
-2.094409386280124963e+00
-2.003989347325371373e+00
-1.913786416200375928e+00
-1.823970901045979254e+00
-1.734444270681959388e+00
-1.644863500330834505e+00
-1.554712335996233818e+00
-1.463412171923133442e+00
-1.370462940824622500e+00
-1.275565713513991728e+00
-1.178720093346753650e+00
-1.080264541065548034e+00
-9.821491300524436419e-01
-8.843632165954971036e-01
-7.879529998276719738e-01
-6.945369790355044870e-01
-6.032988237362335582e-01
-5.164254723199110941e-01
-4.342488445675072306e-01
-3.552885222428776579e-01
-2.801324554962216773e-01
-2.077580330942527809e-01
-1.364250070862818021e-01
-6.599335722139532123e-02
3.685140689786869928e-03
7.336453026300837621e-02
1.425478499608487937e-01
2.097066199886117310e-01
2.748923178333124717e-01
3.373037188738794434e-01
3.973111170224004063e-01
4.598913861484015264e-01
5.305304491916098542e-01
6.169687836522923519e-01
7.274327594581966316e-01
8.636002201298658143e-01
1.021472363910055137e+00
1.189756698476093444e+00
1.350996436513367094e+00
1.488375735156023616e+00
1.589011687682610585e+00
1.647193904566470302e+00
1.665521186610845028e+00
1.653013482883109120e+00
1.622953391056793926e+00
1.590771876632863346e+00
1.573394744195262263e+00
1.586925128757627590e+00
1.645033127150850039e+00
1.757285510659051031e+00
1.924647490310963605e+00
2.139981368472246182e+00
2.388871894787540917e+00
2.651238860799622010e+00
2.907885190233994166e+00
3.142228019616007728e+00
3.342343690488335461e+00
3.502486777980710730e+00
3.620281605783041368e+00
3.697096173620195714e+00
3.737670440762318691e+00
3.749849300963949084e+00
3.745369950134295856e+00
3.738729939753471676e+00
3.746234027964824076e+00
3.783605660545217297e+00
3.864781905657812544e+00
4.001168186857427145e+00
4.199977418058103318e+00
4.464905505240912120e+00
4.793957862987729968e+00
5.177421749363513293e+00
5.598001652383963744e+00
6.029352820397654966e+00
6.438909397172876581e+00
6.792477404388431950e+00
7.058329643728511904e+00
7.213568049721080122e+00
7.247955822587762498e+00
7.166259951272214046e+00
6.989506588058064906e+00
6.753370594720522035e+00
6.505566773169573658e+00
6.300588238647788941e+00
6.193389868233770024e+00
6.231712648903943830e+00
6.447847224751200201e+00
6.853414250403442765e+00
7.435241427722941054e+00
8.155729478135912203e+00
8.957222508491607726e+00
9.767544029146401741e+00
1.050912058741026378e+01
1.110799465181419343e+01
1.150227350754194156e+01
1.165101050083046275e+01
1.154009115422087461e+01
1.118611724700458510e+01
1.063709763632872018e+01
9.968652192479263263e+00
9.277208463963308560e+00
8.669614809220034246e+00
8.251468930339537877e+00
8.114637237646022072e+00
8.325510527950253703e+00
8.915794797193303367e+00
9.875132358197614479e+00
1.114866795641609443e+01
1.263901806999650645e+01
1.421292520029518514e+01
1.571422104765808569e+01
1.698008236494581169e+01
1.786019699754505652e+01
1.823707497292270929e+01
1.804353617392958498e+01
1.727652587751520485e+01
1.600438423110196950e+01
1.436560103679473244e+01
1.255918956897351713e+01
1.082600518148830560e+01
9.423013170399926253e+00
8.592322215610114000e+00
8.528725483630829274e+00
9.349764414121892742e+00
1.107210733769955624e+01
1.359977487825453579e+01
1.672563678516085872e+01
2.014768544774366177e+01
2.349922001585854758e+01
2.638831780445874742e+01
2.844388888167523533e+01
2.936358630738149955e+01
2.895790532839982134e+01
2.718587704759642065e+01
2.417531064322255219e+01
2.022241390435933184e+01
1.576949087094908819e+01
1.136212804121275077e+01
7.591310841762167527e+00
5.025979278295125141e+00
4.141666937238079882e+00
5.250955595510964358e+00
8.444846228373780406e+00
1.355740163967862877e+01
2.016332576847768721e+01
2.761329056583355523e+01
3.510052206221001114e+01
4.174573480877846521e+01
4.669088683834117148e+01
4.919727585574479889e+01
4.874656866288917456e+01
4.513692902715101241e+01
3.855203128182041183e+01
2.957748227538067809e+01
1.915325437906396644e+01
8.474337281777692965e+00
-1.131879493187389230e+00
-8.333058862879211048e+00
-1.193029836372833508e+01
-1.102415588958985992e+01
-5.199879984465177074e+00
5.321116871321331487e+00
1.963925836957681526e+01
3.628552290542705094e+01
5.343765646445442030e+01
6.914112842120279367e+01
8.146183170001314977e+01
8.860310678770653681e+01
8.909768379654477144e+01
8.212968091082794331e+01
6.787637494131362814e+01
4.764366557913217548e+01
2.365082332710703383e+01
-1.419156007717269574e+00
-2.478543082598966052e+01
-4.364780237486623804e+01
-5.514311061430321814e+01
-5.658496970746465138e+01
-4.620298705174099041e+01
-2.408748659282875693e+01
7.372542167570728111e+00
4.409757451844947695e+01
8.168518417378346896e+01
1.164848669339262841e+02
1.454436013205216227e+02
1.650168301277475962e+02
1.707451193750172536e+02
1.587432153889896824e+02
1.283615603885826886e+02
8.366340174494990833e+01
3.187165217170854703e+01
-2.037834230824872606e+01
-6.943455635633429779e+01
-1.128214045444425295e+02
-1.451745195864955633e+02
-1.572113603361230219e+02
-1.400371405681782164e+02
-9.229080555440319245e+01
-2.388312623731900430e+01
4.873086272826965626e+01
1.134968831838162515e+02
1.703348045874851948e+02
2.244769191035308040e+02
2.717079892058542328e+02
2.936553460890620499e+02
2.706264337523051609e+02
2.012501871629314110e+02
1.082212900291965809e+02
2.144650144863173580e+01
-4.768070369229005223e+01
-1.105247350319816348e+02
-1.752830807023641455e+02
-2.253631262591375162e+02
-2.309593266247946701e+02
-1.793766883304671182e+02
-9.005174337054280898e+01
-1.201323499984511045e+00
5.608013775777610022e+01
9.068960176940140627e+01
1.313405040226330129e+02
1.818558813029340797e+02
2.154234766712930025e+02
2.048853357057579956e+02
1.562652007036634245e+02
9.943741978533681447e+01
4.800744252456037486e+01
6.970007166783858565e+00
-2.031164732142697460e+01
-4.818202941078644130e+01
-8.013578999808615322e+01
-9.764736133470240986e+01
-8.737244413138033394e+01
-6.008331249539284613e+01
-3.438344800856510375e+01
-1.223172607968768943e+01
7.621682656919290366e+00
2.603245778562265400e+01
5.089111651697528771e+01
8.878850849828526748e+01
1.339872272442000849e+02
1.589933027864233281e+02
1.459224276034178160e+02
1.131776574990210236e+02
7.789365885676502899e+01
4.275484315624832732e+01
1.175293607113637506e+01
-1.785106525169976521e+01
-5.726517649741654736e+01
-1.086714068826243249e+02
-1.491194920961322623e+02
-1.483919027119386556e+02
-1.071657334055678916e+02
-5.470881992885913547e+01
-1.113973753237995368e+01
2.194246902973851832e+01
4.587877642460210836e+01
6.683467742865302341e+01
9.512184277840117375e+01
1.277014478328753455e+02
1.434417150012841944e+02
1.278038388419693234e+02
8.951113419121293191e+01
4.700051708651696458e+01
9.196250210410141790e+00
-2.445310506974158216e+01
-5.476520353458735713e+01
-8.242780052495555765e+01
-1.074520568505551807e+02
-1.233394928765550276e+02
-1.173944438804305719e+02
-8.751710339764275659e+01
-4.711074968590340006e+01
-8.633432264794805633e+00
2.546131905463215617e+01
5.865474447184547557e+01
9.416764944469105103e+01
1.281197968513570800e+02
1.506581939295299719e+02
1.518964255335742735e+02
1.265586115243529974e+02
8.314255591740915463e+01
3.716336511508659868e+01
-2.946510637436091429e+00
-3.990536184075867254e+01
-8.095192396339393781e+01
-1.236260846808910117e+02
-1.519946844542312192e+02
-1.504401455407638082e+02
-1.184386019057832868e+02
-6.906792868667167795e+01
-1.901134366932072339e+01
2.074277533125115269e+01
5.064616103184617657e+01
8.058575734535250490e+01
1.152919082311490371e+02
1.447526744583507536e+02
1.524721689882057092e+02
1.307159243634985728e+02
8.910566407075002360e+01
4.245139794167924663e+01
1.363937520287521465e-01
-3.549943907904787466e+01
-6.942966707527128278e+01
-1.062017618117044293e+02
-1.378758287822088846e+02
-1.477176815466843038e+02
-1.275872415093169536e+02
-8.566956358928484860e+01
-3.804380323922420359e+01
3.446891074960063861e+00
3.653938305254537511e+01
6.758363040058384286e+01
1.021878320276005638e+02
