9.999945672145379438e-01
9.999865256581040862e-01
9.999819379728235313e-01
9.999748099333534146e-01
9.999684272580678934e-01
9.999629426324151416e-01
9.999555728716454928e-01
9.999503798608849747e-01
9.999434038764499766e-01
9.999371639729048855e-01
9.999316811240379632e-01
9.999242029395127851e-01
9.999190511439830509e-01
9.999124538868999768e-01
9.999058089126340310e-01
9.999005525031755548e-01
9.998934628560325333e-01
9.998878517036078328e-01
9.998816848107991984e-01
9.998751771969291990e-01
9.998697732925141413e-01
9.998629915060147644e-01
9.998574472017643933e-01
9.998514246356028368e-01
9.998449782327609725e-01
9.998397701768245716e-01
9.998332326910118750e-01
9.998275882924186897e-01
9.998219621663365642e-01
9.998049441332871323e-01
9.997861559676827214e-01
9.997662021937282484e-01
9.997452344871482488e-01
9.997232329764207392e-01
9.997000685526857833e-01
9.996760244832789688e-01
9.996506978927104381e-01
9.996244390045881945e-01
9.995972005087158108e-01
9.995687386245919459e-01
9.995395244684892599e-01
9.995092518616892630e-01
9.994780857939515872e-01
9.994462104191141893e-01
9.994134848286819750e-01
9.993802093840919998e-01
9.993463164102862617e-01
9.993119826781096116e-01
9.992773503308691740e-01
9.992423530711119772e-01
9.992073333960685977e-01
9.991722213082753212e-01
9.991371255157599496e-01
9.991023022391608555e-01
9.990676158810959384e-01
9.990332477230000618e-01
9.989991466917813590e-01
9.989654932567352263e-01
9.989324627796908329e-01
9.988999844561250452e-01
9.988682163838626948e-01
9.988371468179093604e-01
9.988067769291698594e-01
9.987772434494642804e-01
9.987484230562253540e-01
9.987204245188215923e-01
9.986932394989594952e-01
9.986667885177794579e-01
9.986411663590447629e-01
9.986162609620775621e-01
9.985920888779956650e-01
9.985686319074886796e-01
9.985458075217147345e-01
9.985236602159480723e-01
9.985020977669283315e-01
9.984811361398454599e-01
9.984607855312195301e-01
9.984409875282536095e-01
9.984218376231165371e-01
9.984033189534156083e-01
9.983854841651040868e-01
9.983684396069850697e-01
9.983522011087939685e-01
9.983369131185234613e-01
9.983226442819295166e-01
9.983094935347618382e-01
9.982975996244188854e-01
9.982870141139842390e-01
9.982778804482960178e-01
9.982702602267226055e-01
9.982642177913558790e-01
9.982598498048920188e-01
9.982571581718874265e-01
9.982562124996853248e-01
9.982570387890770114e-01
9.982596538543334619e-01
9.982641362276126751e-01
9.982705238175294538e-01
9.982789425536169325e-01
9.982895519877750257e-01
9.983025677560375399e-01
9.983183492513978408e-01
9.983373203484576797e-01
9.983600900075871865e-01
9.983874226139963781e-01
9.984202232542527256e-01
9.984596037375611521e-01
9.985067565970578984e-01
9.985629683344962038e-01
9.986295287484603378e-01
9.987076109992347739e-01
9.987982604606981951e-01
9.989022522097029677e-01
9.990162263842096158e-01
9.991421708032955928e-01
9.992816553471117746e-01
9.993585493372537654e-01
9.992759041551698695e-01
9.991811577874006867e-01
9.990840705357034723e-01
9.989754803651563764e-01
9.988553092500327413e-01
9.987323658806819271e-01
9.986033025700342680e-01
9.984589947141214727e-01
9.983120351493547373e-01
9.981305620968191628e-01
9.979385344069887642e-01
9.977272377782323565e-01
9.974743392250241536e-01
9.972069246766964712e-01
9.969341688182442596e-01
9.966568734167423615e-01
9.963760208758783987e-01
9.960927690514149724e-01
9.958083706195395290e-01
9.955241409265005448e-01
9.952338502417926724e-01
9.949441238677541044e-01
9.946580385737727736e-01
9.943766047195241597e-01
9.941006695496610313e-01
9.938309185026357184e-01
9.935678966092837960e-01
9.933120750195651993e-01
9.930638832738707400e-01
9.928237734712433982e-01
9.925922534830650124e-01
9.923698869865987815e-01
9.921551324168847996e-01
9.919486053656345614e-01
9.917532006571714298e-01
9.915694201172802202e-01
9.913975680287389070e-01
9.912377097013846949e-01
9.910896267704302209e-01
9.909528213101113092e-01
9.908265551147626971e-01
9.907099039897102610e-01
9.906018594617704842e-01
9.905014179701185917e-01
9.904076750628068027e-01
9.903199034758443098e-01
9.902375839813590819e-01
9.901604210537359174e-01
9.900883071082955400e-01
9.900212649342752247e-01
9.899593792798893066e-01
9.899027102449571291e-01
9.898512333032191135e-01
9.898047892082861843e-01
9.897630632206417811e-01
9.897256014845166039e-01
9.896918385771323878e-01
9.896611535558877959e-01
9.896329234987801815e-01
9.896065682088939219e-01
9.895815883085962161e-01
9.895575718909963570e-01
9.895341928438843304e-01
9.895111925807241748e-01
9.894883537141926366e-01
9.894654865635875707e-01
9.894424163283739304e-01
9.894189916757262226e-01
9.893951050309759410e-01
9.893707159923690320e-01
9.893458819134397508e-01
9.893207694603846081e-01
9.892956515154320840e-01
9.892708799430849353e-01
9.892468296381904391e-01
9.892238323492006380e-01
9.892020983422940006e-01
9.891816495255830732e-01
9.891622765980168097e-01
9.891435251745591684e-01
9.891247269992302638e-01
9.891050644891523635e-01
9.890836659317440160e-01
9.890586273251390503e-01
9.890296292193339056e-01
9.889980667576989681e-01
9.889626991807721756e-01
9.889238719941071398e-01
9.888828241519703743e-01
9.888397495551674021e-01
9.887960020935713246e-01
9.887520109192159401e-01
9.887092023311121469e-01
9.886679133792547480e-01
9.886282414216143177e-01
9.885918213726002657e-01
9.885582995791135641e-01
9.885291933056076230e-01
9.885066247220397617e-01
9.884917970412490096e-01
9.884873610106363895e-01
9.884942360398017991e-01
9.885119722551899413e-01
9.885380447258297343e-01
9.885670682875274951e-01
9.885925290021939649e-01
9.886061091770709242e-01
9.885995957446767068e-01
9.885685892182480838e-01
9.885110871734537064e-01
9.884280248952440617e-01
9.883218599588186049e-01
9.882025455578894446e-01
9.880822919060138210e-01
9.879742406062631543e-01
9.878915865999478019e-01
9.878445669685665953e-01
9.878387275881639340e-01
9.878740323457068095e-01
9.879437085911703109e-01
9.880363990142762010e-01
9.881298551697915711e-01
9.882124367401715626e-01
9.882705437192027542e-01
9.882912066695933584e-01
9.882661152147445005e-01
9.881923511633452506e-01
9.880726869167036908e-01
9.879160102655851761e-01
9.877357837921336703e-01
9.875490633710027888e-01
9.873742354669543531e-01
9.872289453117291114e-01
9.871252944819803865e-01
9.870785283189635884e-01
9.870972716882711051e-01
9.871818634513325197e-01
9.873165492181178449e-01
9.874932074863292941e-01
9.876927804413343503e-01
9.878918165839354337e-01
9.880647123497752204e-01
9.881860238203702407e-01
9.882339208178106960e-01
9.881927313140426161e-01
9.880557204871194266e-01
9.878269841065294710e-01
9.875219022697010463e-01
9.871671230148018061e-01
9.867982389706717594e-01
9.864565067129615894e-01
9.861843663980424113e-01
9.860196733803443525e-01
9.859903803929813693e-01
9.861103498932681788e-01
9.863745125395565472e-01
9.867594932677690167e-01
9.872238475310691763e-01
9.877122379876741576e-01
9.881533949228602509e-01
9.884502058967828964e-01
9.885986213648956245e-01
9.885619299754700995e-01
9.883234141021770558e-01
9.878900668925519879e-01
9.872935566492480053e-01
9.865660125237403211e-01
9.857538385476825038e-01
9.849873985747903404e-01
9.843603404799690093e-01
9.839363946888896040e-01
9.838056406329519499e-01
9.840155036347633111e-01
9.845653812570108743e-01
9.853818440419602753e-01
9.863859540609081211e-01
9.874544100098194832e-01
9.883848363831791994e-01
9.891427099700363934e-01
9.894161153696399147e-01
9.893174856638033976e-01
9.889920208972203808e-01
9.884514331328307923e-01
9.874608646986517968e-01
9.860218030878763473e-01
9.844162984407131001e-01
9.826955834302254500e-01
9.811660102619618185e-01
9.800277620042878723e-01
9.795205877833326191e-01
9.797644731971888454e-01
9.807966770739665607e-01
9.825585618911040209e-01
9.848410686488494603e-01
9.872770021386394479e-01
9.893074281843825535e-01
9.897218471275586182e-01
9.893920373624036646e-01
9.888928397147411786e-01
9.883136044183622460e-01
9.877102446262937541e-01
9.870994507100838700e-01
9.858478221547795073e-01
9.826664863274361394e-01
9.787916944076207049e-01
9.749929359505462578e-01
9.720523953275357343e-01
9.704722466751731780e-01
9.705807970270212692e-01
9.725225161011372688e-01
9.762201093561450049e-01
9.813631991865713333e-01
9.871992888553345891e-01
9.901973074135761443e-01
9.896179454415883203e-01
9.884725555552784648e-01
9.870887644673128625e-01
9.858405839443138419e-01
9.848553307429431802e-01
9.840337277216263390e-01
9.833242397749771824e-01
9.807443367639356868e-01
9.719817469675775534e-01
9.627419277101206818e-01
9.552429111693925279e-01
9.506347902538431205e-01
9.498043138277110220e-01
9.532362097743931617e-01
9.609005923042083230e-01
9.722003844081770207e-01
9.859973869940599212e-01
9.920789963171775527e-01
9.839480246469385349e-01
9.716052017355699677e-01
9.635907444228899443e-01
9.614154657774827140e-01
9.659758959456388183e-01
9.768576893750573475e-01
9.765640188060921156e-01
9.758833331057086280e-01
9.604496231051791177e-01
9.382198101662166945e-01
9.192741186869550774e-01
9.064812005962112895e-01
9.021926858118890502e-01
9.078644711130333667e-01
9.237591693969476880e-01
9.487394717674048072e-01
9.802167989130202708e-01
9.849635228350551719e-01
9.492362120530954961e-01
9.182275772596114605e-01
8.966318022155298495e-01
8.882811001038560805e-01
8.955100910354908406e-01
9.185985968604447605e-01
9.563480566149782369e-01
9.622866971652996870e-01
9.426859009624193320e-01
8.916666802791882729e-01
8.466118965055926537e-01
8.149173997726437690e-01
8.021410459857755137e-01
8.116070022254247007e-01
8.442463797139773130e-01
8.976483540457956822e-01
9.662148688562801624e-01
9.571732118106008880e-01
8.789013560500630318e-01
8.108408380738959531e-01
7.642422089368048344e-01
7.466718890840179368e-01
7.617224743855804947e-01
8.094820662132088396e-01
8.871141888154248090e-01
9.337697687362828125e-01
9.097142555280289811e-01
8.130923882190487229e-01
7.330891292656931402e-01
6.855903753622060171e-01
6.768961269776664347e-01
7.072159252991565559e-01
7.730365729713809531e-01
8.695286443167745682e-01
9.338904158823161383e-01
8.952568275856543911e-01
7.875436653316719715e-01
7.077093647980955415e-01
6.694961233819957114e-01
6.754190262080665974e-01
7.213252252794275510e-01
7.999344046945000564e-01
9.034653517110755594e-01
9.085088349848374767e-01
8.728711659977620441e-01
7.874153520619275870e-01
7.242237420555226457e-01
6.960184449402178064e-01
7.039141820908255687e-01
7.430993471574467435e-01
8.050524672287795447e-01
8.851963022461535324e-01
9.283744087219530927e-01
9.150610504972847004e-01
8.450159645216147597e-01
7.766075939130245853e-01
7.335343447397112415e-01
7.219822471612793446e-01
7.411953049820411144e-01
7.866242021829336073e-01
8.518461053521489967e-01
9.314818929432053807e-01
9.296801642123408982e-01
8.968630072122775188e-01
8.253020344752187709e-01
7.689844878104130643e-01
7.400162021315914718e-01
7.432733777361014704e-01
7.763868242864322422e-01
8.319373238405345372e-01
9.039765928740863821e-01
9.449743182016998588e-01
9.285361320041400912e-01
8.583568935922414322e-01
7.997796343156282628e-01
7.654172200488996713e-01
7.610625463574635097e-01
7.869068608757626704e-01
8.379071573448503285e-01
9.061721836806166941e-01
9.397624167717429922e-01
9.303114935998234580e-01
8.694960334184768103e-01
8.133378483461894959e-01
7.763444441304327981e-01
7.638609526858211041e-01
7.778742675379617388e-01
8.159470193425817364e-01
8.730311474898633239e-01
9.432061548873870160e-01
9.496722232724220669e-01
9.044424502559152979e-01
8.395194075225550501e-01
7.923172663307123109e-01
7.695369137858479869e-01
7.744388751580419950e-01
8.065205491352902545e-01
8.613534528232306142e-01
9.326930575264243961e-01
9.424710872230182002e-01
9.096701313028628944e-01
8.414135873669041921e-01
7.879884556035581245e-01
7.588934447507563741e-01
7.584726794597718147e-01
7.864818173570781168e-01
8.379317638001462232e-01
9.073648380885435127e-01
9.490360737333524144e-01
9.288640326056518681e-01
8.569747591017663479e-01
7.985621674239551382e-01
7.649340086081112267e-01
7.611959840196412808e-01
7.874180841539903941e-01
8.395615274214376367e-01
9.106098824166203309e-01
9.397795383471916342e-01
9.225862730788546573e-01
8.537110733185817590e-01
7.946271054400694256e-01
7.579256745238266424e-01
7.491290448379428479e-01
7.692075527214889963e-01
8.143801658979610281e-01
8.793718682733465686e-01
9.472170443007671414e-01
9.436997630326819930e-01
8.810113363641814965e-01
8.151918299089413456e-01
7.709766848720901455e-01
7.551952781796859027e-01
7.698558448023963274e-01
8.126968588953104033e-01
