1.044771034390000040e+02
6.326238879300000661e+01
6.311770123300000535e+01
6.256847673700000456e+01
6.271514142900000621e+01
6.156553462500000506e+01
6.209059393800000493e+01
6.171836961600000393e+01
6.194979241600000108e+01
6.178136134800000434e+01
6.136120631500000400e+01
6.156044708400000331e+01
6.197062787600000178e+01
6.130192556400000115e+01
6.213031037600000417e+01
6.168853767600000282e+01
6.264320054300000606e+01
6.190909040200000391e+01
6.189628262300000472e+01
6.209906307800000036e+01
6.143521960500000034e+01
6.227752975000000646e+01
6.201233744200000331e+01
6.194199301000000446e+01
6.289860416200000515e+01
6.148125187700000538e+01
6.327927641900000566e+01
6.166004762300000408e+01
6.199872615100000672e+01
6.249991331700000075e+01
6.202635156400000227e+01
6.246718905000000177e+01
6.179597718300000508e+01
6.220338737300000531e+01
6.183138610600000362e+01
6.183672125900000083e+01
6.209766158700000460e+01
6.145605957300000455e+01
6.249509825100000171e+01
6.155217287900000400e+01
6.226637346500000092e+01
6.178702012700000523e+01
6.141701299100000710e+01
6.220767449100000590e+01
6.198865724200000216e+01
6.279767462200000239e+01
6.135744419900000679e+01
6.079571193100000670e+01
6.194651890600000144e+01
6.056548759700000062e+01
6.255004781500000632e+01
6.083221802600000672e+01
6.154181598500000661e+01
6.159836746800000640e+01
6.162094327600000554e+01
6.212720501600000489e+01
6.037502065600000378e+01
6.260968953300000095e+01
6.180534690000000353e+01
6.157837271200000373e+01
6.201789031500000249e+01
6.110594001500000161e+01
6.244665635600000542e+01
6.253747217400000125e+01
6.141924991000000489e+01
6.215276570000000333e+01
6.167704282800000470e+01
6.200102561000000634e+01
6.149240917400000228e+01
6.162289213500000074e+01
6.249931799900000584e+01
6.156298335700000735e+01
6.214619123800000722e+01
6.220418622800000463e+01
6.103823473100000285e+01
6.134283751200000268e+01
6.093770264100000134e+01
6.354019367200000090e+01
6.218029029600000257e+01
6.215731713800000335e+01
6.214898965200000447e+01
6.160714909200000733e+01
6.280703984600000211e+01
6.186856766200000379e+01
6.232124360300000632e+01
6.181546935600000126e+01
6.211721683900000102e+01
6.260804243700000171e+01
6.192651121100000466e+01
6.230786579000000103e+01
6.183678261000000731e+01
6.230067765400000468e+01
1.215672831530000053e+02
1.221015954160000092e+02
1.206559663250000085e+02
1.214543597920000053e+02
1.223705290520000091e+02
1.212499660680000062e+02
1.217617103710000066e+02
1.215020148810000080e+02
1.229657020480000114e+02
1.209482014730000117e+02
1.224602405860000118e+02
1.208408489230000100e+02
1.211409365290000011e+02
1.213727762160000054e+02
1.208777010460000128e+02
1.213018242330000049e+02
1.215339942570000034e+02
1.220007334580000133e+02
1.206336634740000022e+02
1.202310359070000061e+02
1.199997412860000026e+02
1.208783042740000013e+02
1.197354040620000006e+02
1.195424170450000076e+02
1.192818897950000121e+02
1.199876240060000043e+02
1.192906532980000094e+02
1.197223217260000041e+02
1.200667758510000027e+02
1.219542205940000059e+02
1.222190204020000124e+02
1.215445999400000119e+02
1.212023343210000093e+02
1.219677559740000135e+02
1.201518489100000124e+02
1.210005730270000015e+02
1.209401055040000017e+02
1.208678105760000108e+02
1.214498807550000095e+02
1.217082620350000042e+02
1.204764049990000103e+02
1.213351937480000089e+02
1.213170888260000027e+02
1.069219051770000135e+02
7.090596511799999746e+01
7.280483104400001082e+01
7.092345592700000623e+01
1.157567410710000075e+02
1.200106280050000009e+02
1.204104175630000100e+02
1.197061165580000051e+02
1.196075606270000122e+02
1.198608500830000025e+02
1.203106487750000042e+02
1.205519122920000115e+02
1.202804905430000133e+02
1.208637517620000068e+02
1.204515736530000112e+02
1.202688200130000098e+02
1.196631350890000078e+02
7.979364067299999874e+01
7.228042388800000140e+01
7.022932428200000743e+01
7.142207372500000417e+01
7.466402416900000105e+01
7.082240915200000586e+01
7.190633294600000625e+01
7.065265385400000753e+01
7.171312040000000820e+01
7.237302843800000574e+01
7.187169749000000252e+01
7.109435073200000943e+01
7.589410579300000848e+01
7.104929006100000777e+01
7.164059930300000190e+01
7.183841603599999814e+01
7.542173083000000133e+01
7.234628170400000613e+01
7.125854792600000565e+01
7.276123619700000233e+01
7.055340952800000309e+01
7.844145127200000900e+01
7.326826885600000594e+01
7.079177111399999944e+01
9.738247656500000460e+01
7.489432917999999972e+01
7.203605687700000715e+01
7.225633433000000139e+01
8.627275254100000268e+01
1.176845419040000138e+02
1.180418636450000065e+02
1.185507320820000103e+02
1.179253411990000018e+02
1.184472224260000104e+02
1.185104849960000024e+02
1.193347684930000128e+02
1.191308899980000007e+02
1.188919672600000013e+02
1.189007459570000123e+02
1.185473918600000047e+02
1.187726490880000085e+02
1.187390793000000144e+02
1.188902188270000124e+02
1.190506750060000059e+02
1.189012722240000102e+02
6.076932597400000446e+01
6.095054533800000485e+01
6.198647699100000352e+01
6.100507628300000107e+01
6.053372433600000591e+01
6.098729229000000629e+01
6.046599787800000314e+01
6.157715184600000669e+01
6.117381366600000092e+01
6.068022693300000725e+01
6.095892443700000030e+01
6.066620312700000284e+01
6.110800073800000121e+01
4.910687946800000248e+01
3.646903847400000132e+01
3.739210573000000437e+01
3.711323198500000586e+01
3.569524965400000127e+01
3.693314357300000239e+01
3.560079284300000069e+01
3.733556548600000013e+01
3.705201113300000060e+01
3.682373626200000416e+01
3.569310462400000006e+01
3.687614006300000113e+01
3.680112022900000568e+01
3.609954664199999996e+01
3.678277133299999946e+01
3.585807151499999890e+01
3.685812582900000223e+01
3.597179904700000463e+01
3.682908680700000303e+01
3.617948701099999909e+01
3.686157856700000224e+01
3.586534759900000324e+01
3.674557321099999996e+01
3.567933584800000091e+01
3.689446702200000061e+01
3.555740515400000135e+01
3.684094782400000412e+01
3.590270366400000057e+01
3.609344452900000277e+01
3.699443029400000427e+01
3.698924079500000062e+01
3.706957608600000498e+01
3.701782828500000022e+01
3.624595909800000015e+01
3.703115335200000402e+01
3.575107523000000498e+01
3.671144831400000186e+01
3.579899320200000545e+01
3.700648038199999945e+01
3.698783579400000576e+01
3.584370763500000123e+01
3.585612981399999910e+01
3.689285382300000293e+01
3.553985271700000226e+01
3.573383381400000047e+01
3.672330259200000313e+01
3.568710490400000168e+01
3.638724701099999947e+01
3.574684678399999882e+01
3.696327051300000477e+01
3.684283343999999971e+01
3.549298690900000253e+01
3.674367002500000012e+01
3.608950031599999875e+01
3.684687071600000507e+01
3.662823323700000344e+01
3.676766153100000167e+01
3.572246783500000333e+01
3.577147335600000133e+01
3.678544451100000146e+01
3.569583236100000079e+01
3.669355116300000219e+01
3.556335993100000081e+01
6.972385892700000909e+01
7.098687986000000194e+01
6.983148444399999732e+01
7.199263762100000008e+01
6.999718968300000199e+01
6.026789680000000260e+01
6.099154542600000184e+01
6.228546648800000440e+01
1.173594655840000058e+02
1.195395526420000039e+02
1.195511696600000136e+02
1.194847726250000051e+02
1.191365250710000083e+02
1.194654451140000049e+02
1.193807933180000020e+02
6.196500989900000178e+01
6.042830727200000496e+01
1.189508357940000138e+02
1.195638375490000129e+02
1.189999146660000093e+02
1.193320354680000008e+02
1.199220824630000095e+02
1.191710894660000122e+02
1.196476172070000104e+02
1.197425902090000136e+02
6.133321022400000544e+01
1.197936148830000036e+02
1.190360418230000050e+02
1.189214867510000033e+02
1.200503933340000060e+02
1.196910554560000008e+02
1.180583172110000021e+02
1.193407652270000057e+02
1.190594175120000102e+02
6.145546069200000261e+01
1.176343178500000022e+02
1.182050978630000060e+02
1.192132408680000140e+02
1.187562690860000032e+02
1.197083463250000079e+02
1.194933329910000026e+02
1.191805182200000104e+02
1.205859341640000082e+02
1.192135716940000094e+02
1.194397208440000071e+02
1.190757383250000032e+02
1.197127449520000084e+02
1.185926407310000030e+02
1.157944580130000105e+02
8.725566138400000682e+01
6.865455522500000995e+01
6.958778130400000350e+01
7.015162934100000314e+01
8.464936772200000803e+01
1.134563545050000073e+02
1.140901529490000001e+02
1.151509798990000064e+02
1.161696830330000125e+02
1.153578649830000131e+02
1.157822847590000066e+02
1.154719036870000082e+02
1.143355166500000024e+02
1.153750331910000142e+02
7.059616368000000364e+01
8.636719007100001022e+01
1.012210197030000103e+02
1.019263568470000081e+02
1.157120068380000077e+02
1.163140959030000090e+02
1.157564912150000112e+02
1.150924228290000002e+02
1.145823322900000107e+02
1.102428655560000124e+02
8.300761040800000501e+01
9.180485116000001256e+01
7.471714751900000806e+01
7.207936913000000345e+01
7.043966244100001006e+01
7.116757825900000967e+01
9.157397454899999900e+01
6.987990704500001016e+01
7.031132751900000244e+01
7.154492443700000592e+01
7.110023424000000603e+01
7.637924250400000403e+01
7.181143546799999910e+01
7.099911135600000023e+01
8.344551269800000171e+01
7.543609621699999934e+01
7.000094584600000758e+01
7.215269039300000031e+01
7.451854248400000813e+01
7.346641689199999803e+01
7.163502165100000241e+01
7.197698110800000393e+01
7.262237558500000034e+01
7.172544350000001145e+01
7.176308904700000824e+01
7.195126871000000790e+01
7.197694405700001141e+01
7.323565411799999936e+01
1.061704007480000058e+02
1.059435383500000114e+02
7.317502577300000155e+01
7.292010188599999765e+01
7.180952798900000289e+01
7.413722325000000524e+01
7.054956081400000301e+01
1.119560901030000082e+02
1.536189256819999969e+02
1.085708796669999998e+02
1.059896791150000013e+02
7.237497757200000592e+01
1.090204486770000045e+02
1.053299896680000103e+02
9.480885788000000503e+01
1.189690802680000132e+02
1.753795620320000239e+02
1.499008888740000032e+02
1.059032892390000029e+02
1.158712100090000092e+02
1.760219996130000197e+02
2.305171986260000097e+02
1.764753542530000061e+02
1.741940044640000167e+02
1.578681899170000236e+02
1.068354685070000016e+02
1.436050819090000061e+02
1.056618038390000009e+02
1.414453816950000089e+02
1.551704227369999955e+02
1.701670479180000086e+02
1.259346063150000106e+02
1.066179067050000100e+02
1.083933673710000107e+02
1.061796903110000017e+02
1.418628563260000135e+02
1.075684877180000001e+02
1.415280732909999983e+02
1.560609489690000089e+02
1.414598489280000138e+02
1.085041887890000112e+02
1.059272097810000020e+02
1.070717810120000024e+02
1.510051640439999971e+02
2.310585196600000017e+02
1.738391628820000108e+02
1.738770659860000194e+02
2.309382791770000267e+02
1.748370409210000105e+02
1.753359594940000079e+02
1.757105107750000172e+02
1.182427761570000087e+02
1.773065021290000232e+02
1.788033828500000197e+02
1.778762397880000208e+02
1.776872642430000155e+02
2.358253566350000199e+02
1.791540162840000221e+02
1.791686379600000123e+02
1.788001999680000154e+02
1.200163265570000135e+02
1.791635118100000170e+02
1.783814643489999980e+02
1.777113213210000140e+02
1.779205587630000025e+02
1.773198365000000081e+02
1.204810556230000032e+02
1.784388621160000241e+02
1.797281102060000251e+02
1.215312409750000029e+02
1.197700529140000043e+02
1.642902865770000176e+02
1.594827525919999971e+02
1.069039752740000040e+02
1.129939087150000034e+02
1.145709048550000091e+02
1.602309983460000069e+02
1.608570403370000008e+02
1.089508230150000117e+02
1.081478670770000008e+02
1.597685684110000182e+02
1.593718527030000018e+02
1.430524553129999958e+02
1.071972894900000028e+02
1.070218731580000053e+02
7.795115770200000327e+01
1.532427238670000236e+02
1.161683972910000051e+02
1.155703614100000038e+02
1.147513694700000002e+02
1.602917316490000132e+02
1.587873345499999971e+02
1.590752555720000032e+02
1.989448864960000094e+02
1.498974150960000031e+02
1.508068913179999981e+02
1.498368763310000134e+02
1.007428527779999996e+02
1.018646333730000038e+02
1.491728815710000049e+02
1.491598455330000093e+02
1.486996328750000202e+02
1.484551791709999975e+02
1.499207358620000150e+02
1.501544349560000171e+02
1.511299217540000086e+02
1.021261947490000068e+02
1.019999065360000117e+02
1.507428776499999969e+02
1.512691196780000098e+02
1.503059479580000186e+02
1.496205899699999975e+02
1.503625223060000167e+02
1.503919197320000194e+02
1.501712886400000002e+02
1.021920940020000046e+02
1.018087221930000084e+02
1.512235243840000010e+02
1.502884163140000169e+02
1.677531446020000203e+02
1.720546500300000048e+02
2.274781419370000037e+02
1.752136612449999973e+02
1.810406710060000250e+02
1.220558181740000094e+02
1.214497767290000070e+02
1.809862181260000114e+02
