2.533098716300000319e+01
3.259289851000000127e+00
3.269946181000000340e+00
3.242089616000000341e+00
3.408839071000000054e+00
3.293091469000000160e+00
3.359693389000000252e+00
3.311094378000000393e+00
3.486928025000000098e+00
3.329201948000000133e+00
3.340416386000000237e+00
4.572165531000000449e+00
5.141995492000000390e+00
3.373727107000000114e+00
3.342695636000000192e+00
3.353874788000000162e+00
4.770913461000000133e+00
4.303997284000000256e+00
4.692936584999999994e+00
4.531896886000000180e+00
4.629564169000000007e+00
4.546630278000000303e+00
4.601087064000000559e+00
4.515669585000000374e+00
4.791026122999999970e+00
4.582068786000000671e+00
4.612984320000000693e+00
4.587243782000000714e+00
4.643732457000000480e+00
4.584167891999999966e+00
4.644327148000000349e+00
4.611757481000000602e+00
4.663615848000000064e+00
4.662079463000000423e+00
4.606526573000000013e+00
4.615565950000000583e+00
4.701331989000000711e+00
4.595780509999999985e+00
4.798214515000000624e+00
4.752054679000000448e+00
4.662912909000000106e+00
4.609938837000000511e+00
4.635381048000000170e+00
4.610832542999999895e+00
4.666034202000000519e+00
4.694197122000000277e+00
4.647361956000000127e+00
4.635223662000000466e+00
4.647942990000000663e+00
4.589926765000000408e+00
4.628624868000000170e+00
4.665887338000000106e+00
4.620397244000000292e+00
4.589043226000000253e+00
4.620891489999999990e+00
4.560587400000000180e+00
4.619135425000000517e+00
4.549637602999999864e+00
4.685777462999999976e+00
4.609763584000000414e+00
4.581727833000000416e+00
4.615522219000000703e+00
4.640555941000000573e+00
4.576609298000000159e+00
4.797234840000000666e+00
4.621382329000000233e+00
4.672556666000000192e+00
4.570900728999999885e+00
4.602999577000000286e+00
4.517812009000000018e+00
4.685683115000000676e+00
4.649997842000000325e+00
4.630407063999999906e+00
4.587136114999999847e+00
4.586145089000000397e+00
4.607698346000000278e+00
4.639275132999999940e+00
4.671765945000000642e+00
4.594255862999999884e+00
4.594152584000000594e+00
4.696241801000000216e+00
4.573525091000000486e+00
4.664814483000000678e+00
4.732926666000000004e+00
4.693677115999999927e+00
4.559412387000000066e+00
4.712315272000000554e+00
4.582519826000000407e+00
4.674273839000000486e+00
4.663001126000000163e+00
4.692510701000000672e+00
4.597327405000000589e+00
4.706189970000000500e+00
4.622667622999999892e+00
4.640330695000000283e+00
4.622157001000000598e+00
4.661186513000000531e+00
4.715125462000000489e+00
4.659884368000000165e+00
4.543228165000000374e+00
4.624164704000000015e+00
4.567403974000000311e+00
4.789115537000000700e+00
4.757636102000000200e+00
4.644546226000000111e+00
4.598928673000000522e+00
4.638115623000000021e+00
4.587683317000000649e+00
4.681604191999999998e+00
4.585231633000000251e+00
4.713458798000000449e+00
4.613016410000000178e+00
4.576303965000000140e+00
4.571470254000000288e+00
4.642306048000000018e+00
4.660210704000000703e+00
4.737224104000000047e+00
4.580459938000000619e+00
4.651721924000000286e+00
4.597473996000000618e+00
4.645822729000000706e+00
4.751468245999999951e+00
5.859186114999999972e+00
5.268527878000000442e+00
5.351803717000000127e+00
5.583003405000000363e+00
5.420097214000000108e+00
5.438530359000000480e+00
5.553404786000000648e+00
5.629988907000000431e+00
5.251579549000000569e+00
5.169897068000000040e+00
5.662305732000000091e+00
5.471079969999999904e+00
5.490329126000000670e+00
5.579158387000000552e+00
5.478360825000000212e+00
5.228429910000000014e+00
5.531940699000000627e+00
5.769894317000000328e+00
5.270368272000000687e+00
5.200286736999999881e+00
5.704382902000000755e+00
5.392753557000000697e+00
5.484564057000000048e+00
5.570349597999999958e+00
5.467748296999999980e+00
5.264218001000000591e+00
5.569340718000000301e+00
5.697610339000000579e+00
5.411759974000000639e+00
4.916620759000000618e+00
4.995736473000000011e+00
5.482790753000000628e+00
5.114374154000000061e+00
5.317149312000000627e+00
5.360771295000000158e+00
5.174119036000000449e+00
4.995317474000000146e+00
4.976023005000000055e+00
5.341435490000000286e+00
5.228089336000000031e+00
5.272031709000000177e+00
5.206745599000000446e+00
5.399279632000000717e+00
4.918542697000000352e+00
4.915083015000000444e+00
5.339116760000000461e+00
5.150491401000000025e+00
5.157865002000000310e+00
5.149486263000000008e+00
5.304973090999999918e+00
5.198161279000000690e+00
5.009394089000000605e+00
5.261910435999999969e+00
5.081580504000000609e+00
5.112237546000000243e+00
5.481449400000000693e+00
5.591465753000000483e+00
3.948954957000000210e+00
4.978851989999999894e+00
5.169033706000000450e+00
5.270389334000000758e+00
5.649339488999999936e+00
5.349452123000000725e+00
5.515246258000000346e+00
5.663064834000000047e+00
5.492298968000000059e+00
5.178197791000000549e+00
5.124243501000000478e+00
5.506236340000000062e+00
5.490074983000000408e+00
5.480659522999999922e+00
5.438637572000000198e+00
5.582597751000000663e+00
5.116699898000000246e+00
5.099170835000000679e+00
5.814854844000000078e+00
5.437641055000000279e+00
5.477171271000000452e+00
4.651286038000000289e+00
4.652614714000000262e+00
4.630319378000000263e+00
4.690858317000000000e+00
4.641520666999999989e+00
4.565457460000000189e+00
4.624919869000000183e+00
4.591387523999999942e+00
4.599402463000000552e+00
4.641549852999999892e+00
4.704505135000000671e+00
4.592258962999999916e+00
4.634474239000000217e+00
4.580163149000000544e+00
4.745408283000000615e+00
4.594903511000000051e+00
4.699229349000000333e+00
4.607684141000000011e+00
4.707667994000000355e+00
4.633022519000000727e+00
4.607879897000000113e+00
4.618804413000000331e+00
4.696048155000000612e+00
4.562441386000000598e+00
4.626467906000000241e+00
4.611480499999999871e+00
4.655071287000000169e+00
4.642064731000000499e+00
4.612716833000000349e+00
4.613258855999999852e+00
4.607369601000000259e+00
4.712819528000000702e+00
4.610301286000000331e+00
4.624402283000000224e+00
4.636336151000000072e+00
4.740488000000000035e+00
4.609879012000000387e+00
4.581140663000000224e+00
4.656334524000000030e+00
4.660404742999999961e+00
4.631094062999999927e+00
4.581982932999999925e+00
4.590231190999999988e+00
4.632119076000000391e+00
4.659854451000000175e+00
4.670168030000000137e+00
4.645965812000000028e+00
4.647700100000000667e+00
4.782006249000000153e+00
4.656240667000000499e+00
4.638836297000000108e+00
4.656357278999999849e+00
4.684648811000000634e+00
4.685759645000000084e+00
4.655368254999999955e+00
4.606681887000000586e+00
4.745383022000000395e+00
4.664791790000000660e+00
4.636103591000000357e+00
4.665228202999999851e+00
4.586785158000000528e+00
4.727680251999999861e+00
4.592625481000000676e+00
4.653116132000000071e+00
4.582503120000000152e+00
4.671074900999999890e+00
5.087091232000000574e+00
5.570816388000000785e+00
5.639771099999999926e+00
4.612831590999999953e+00
4.582775940000000325e+00
4.799444561000000498e+00
3.340156929000000385e+00
3.238992111000000396e+00
3.329918605000000031e+00
3.257522228000000020e+00
3.244304293000000339e+00
3.377399962000000144e+00
3.219200651000000413e+00
3.461448556000000121e+00
3.248768171000000038e+00
3.373052204000000387e+00
3.398416086000000114e+00
3.476044920000000094e+00
3.383993453000000429e+00
3.370283936000000313e+00
3.386930965000000349e+00
3.276011751000000416e+00
3.395233457000000232e+00
3.369226103000000361e+00
3.392890222000000122e+00
4.061599203000000102e+00
5.266312635000000242e+00
5.215703256000000287e+00
5.488000315999999934e+00
4.810242911000000454e+00
4.824596499000000094e+00
4.780431628000000543e+00
4.918677714000000201e+00
4.804526242000000558e+00
5.116789397999999878e+00
5.129100777000000555e+00
5.313847207000000239e+00
5.030838265999999948e+00
5.192921701000000390e+00
5.373855041000000554e+00
5.168776391000000636e+00
5.082289138000000150e+00
5.155608456000000395e+00
5.379362897000000032e+00
5.234887830999999991e+00
5.153651265000000592e+00
5.305386137000000168e+00
4.823890401999999966e+00
4.848065625000000267e+00
4.795899653000000207e+00
4.953816694000000354e+00
4.819978707000000639e+00
4.872998574000000360e+00
4.826099017000000657e+00
4.823933269000000301e+00
4.823098439999999876e+00
4.825853118000000386e+00
5.031276387000000128e+00
4.931585499000000539e+00
4.830446110000000459e+00
4.838541789000000648e+00
4.797808792000000544e+00
4.813607700000000378e+00
4.827573289000000045e+00
4.811878079000000419e+00
4.881271220000000355e+00
4.837555736000000550e+00
4.816373255000000242e+00
4.836329948000000378e+00
4.817412405999999869e+00
5.325894986000000664e+00
4.882781000000000482e+00
4.840550197000000665e+00
4.813562718000000018e+00
4.831769478000000007e+00
4.818481328999999924e+00
4.848401619000000551e+00
4.839768889000000129e+00
4.974268601000000345e+00
4.787434594000000487e+00
4.875866051000000034e+00
4.803015894000000507e+00
5.454086074000000117e+00
5.267072855000000331e+00
5.125384321000000298e+00
5.396469534000000401e+00
5.191420498000000272e+00
5.129288394000000473e+00
5.106494771000000377e+00
5.452066757999999957e+00
5.206759366000000000e+00
5.113654147000000094e+00
5.261490473000000279e+00
5.294093271000000378e+00
5.002437065000000516e+00
5.003140491999999995e+00
5.388764233999999931e+00
5.118158844000000762e+00
5.227991832000000727e+00
5.276992036000000219e+00
5.416876951000000773e+00
4.963713038000000743e+00
4.982136501000000273e+00
5.382622941000000161e+00
5.136642311000000127e+00
5.181528488000000543e+00
5.147123217000000750e+00
5.418229554000000725e+00
5.154189281000000733e+00
5.079637401000000274e+00
5.264652241000000288e+00
5.136021685000000225e+00
5.073416107999999980e+00
5.135300763000000046e+00
5.503553233999999961e+00
5.104780370000000289e+00
5.082584449000000504e+00
5.182817336000000275e+00
5.316530156000000673e+00
5.043180880000000421e+00
4.957525888000000158e+00
5.262928298000000282e+00
5.087229972000000267e+00
5.223701708000000110e+00
5.074901113000000130e+00
5.276813803000000469e+00
5.041428910000000485e+00
4.991043018000000053e+00
5.274604570000000159e+00
5.213216008999999929e+00
5.112776407000000134e+00
5.088112697000000573e+00
5.302854681000000348e+00
5.115039176000000687e+00
5.071186551000000264e+00
5.320729687000000041e+00
5.081260488000000741e+00
5.023295099000000263e+00
5.004259036000000549e+00
5.371384213000000685e+00
5.039262933999999916e+00
5.213749875000000422e+00
5.437499289000000680e+00
5.210125125000000246e+00
4.902240330000000590e+00
4.994143055000000331e+00
5.337665834000000054e+00
5.133759598000000146e+00
5.220831379000000716e+00
5.222057908000000026e+00
5.327545473000000698e+00
5.018063855000000295e+00
4.929535753000000575e+00
5.273455922000000129e+00
5.123791778000000186e+00
5.087557551000000622e+00
5.048439209000000538e+00
5.263482221000000294e+00
5.123333609000000344e+00
5.115915026000000587e+00
5.301460002000000671e+00
5.184655360000000712e+00
4.865898277000000327e+00
4.918527265000000703e+00
5.282390666000000401e+00
5.096625771000000249e+00
5.195313189000000165e+00
5.103179404000000474e+00
5.245328918000000229e+00
5.045630319999999891e+00
4.995907854000000370e+00
5.188387248000000618e+00
5.118982063999999887e+00
4.943652926000000392e+00
4.972876664000000169e+00
5.332996086000000524e+00
5.148528696000000515e+00
5.173427766000000538e+00
5.187158151000000217e+00
5.335309089999999976e+00
4.979033655000000280e+00
4.995314706000000271e+00
5.253100577000000548e+00
5.130863449000000465e+00
5.063862652000000075e+00
5.252793452000000585e+00
5.033377063000000540e+00
5.004011223000000008e+00
5.053328184000000611e+00
5.076367443000000534e+00
5.223161814000000014e+00
5.322337360000000572e+00
5.452991506000000044e+00
5.474991754000000377e+00
5.351586880000000157e+00
5.365152503000000017e+00
5.556810186000000762e+00
5.307383276000000372e+00
5.239323587000000337e+00
5.634538594000000344e+00
5.422223509000000163e+00
5.419704698000000320e+00
5.453529918000000087e+00
5.692552213999999999e+00
5.358088505000000445e+00
5.248487692000000315e+00
5.534512164000000567e+00
5.403549130000000034e+00
5.560484302999999962e+00
5.593756514000000735e+00
5.728565445000000089e+00
5.237782139000000114e+00
5.250147587000000726e+00
5.642996043000000128e+00
5.417606200999999899e+00
5.641968407000000241e+00
5.469192872000000705e+00
5.638138207000000790e+00
5.277006400000000319e+00
5.230106780999999927e+00
5.563458197000000105e+00
5.603693550000000023e+00
5.338839220000000552e+00
5.415384912000000384e+00
5.533399539000000367e+00
5.397084082000000116e+00
5.285816091000000050e+00
5.656819698000000507e+00
5.462486136999999964e+00
5.279040053000000121e+00
5.264623821999999898e+00
5.696635303000000761e+00
5.422089732999999967e+00
5.394348111000000223e+00
5.524237817000000383e+00
5.581975876000000447e+00
5.516177697000000713e+00
5.235274748000000145e+00
5.371989778000000548e+00
5.686809949000000586e+00
5.281599869999999974e+00
5.410692980000000318e+00
5.607230573999999912e+00
5.339188522000000603e+00
5.462807396000000537e+00
5.315063044000000403e+00
5.728962117000000021e+00
5.345442055000000359e+00
5.280534799000000667e+00
4.424350424000000004e+00
5.693380171000000267e+00
5.278827145000000165e+00
5.205470472000000015e+00
5.591890217000000440e+00
5.223534869000000747e+00
5.256729613000000079e+00
5.738560889000000387e+00
5.246920036000000565e+00
5.266107122000000196e+00
5.672712801000000304e+00
5.241059937000000168e+00
5.347346958000000150e+00
5.745206518000000706e+00
5.217322872000000444e+00
5.211894668000000230e+00
5.687392720000000068e+00
5.291638772000000657e+00
5.326621367000000440e+00
5.706191221000000091e+00
5.344110960000000077e+00
5.296485857000000408e+00
5.703610420000000403e+00
5.277209172000000059e+00
5.235469125000000723e+00
5.719718324000000464e+00
5.390936014000000220e+00
5.140628304000000703e+00
5.709160745000000148e+00
5.435226536000000053e+00
5.333139028000000614e+00
5.726263407000000250e+00
5.398645362000000780e+00
5.276798242999999999e+00
5.744519928000000775e+00
5.477488682000000608e+00
5.460981016000000743e+00
5.726299609000000679e+00
5.325110066000000586e+00
5.270592383000000325e+00
5.736318434000000188e+00
5.322168191000000270e+00
5.277256750000000274e+00
5.578097761000000432e+00
5.383838861000000087e+00
5.275539709000000244e+00
5.922333592000000202e+00
5.370201353000000566e+00
5.285665085000000651e+00
5.682036189000000626e+00
5.208068948000000198e+00
5.266435071000000079e+00
5.686777387000000239e+00
5.224696719000000655e+00
5.184634469000000578e+00
5.549604385000000306e+00
5.252134232000000402e+00
5.378031027000000464e+00
5.716778789000000138e+00
5.588910573000000603e+00
5.410336087000000127e+00
5.430171265000000247e+00
5.630390985000000015e+00
5.470237588000000706e+00
5.217696121000000353e+00
5.693295072000000623e+00
5.309248868000000066e+00
5.339016737000000568e+00
5.843353086000000474e+00
5.369852210000000348e+00
5.327138864000000140e+00
5.646042501000000158e+00
5.359988584999999972e+00
5.294728274000000567e+00
5.799074355000000125e+00
5.416021985000000427e+00
5.427942522000000380e+00
5.677787848000000359e+00
5.403766075000000058e+00
5.345127238999999975e+00
5.798994702999999973e+00
5.392392125000000647e+00
5.461501090000000502e+00
5.672627499000000739e+00
5.229930964000000237e+00
5.244447620000000754e+00
5.776550438000000121e+00
5.391161327999999919e+00
5.397017396000000744e+00
5.684010497000000051e+00
5.434256721000000567e+00
5.587552559000000585e+00
5.671096187000000732e+00
5.398219311000000076e+00
5.411762296000000028e+00
5.591468232000000427e+00
5.429863974000000759e+00
5.548524626999999931e+00
5.701278852000000619e+00
5.431191651000000675e+00
5.482001117000000256e+00
5.620576382000000315e+00
5.419189787000000535e+00
5.481268252000000452e+00
5.637238709000000014e+00
5.406126165000000761e+00
5.455658521000000150e+00
5.660153851000000458e+00
5.439550388000000680e+00
5.428700038000000561e+00
5.657189317000000273e+00
5.409979607000000357e+00
5.406601572000000466e+00
5.675089398000000784e+00
5.641791795000000498e+00
5.365588233000000429e+00
5.728029166000000671e+00
5.470182880000000303e+00
5.347076455999999922e+00
5.689846295000000609e+00
5.528012436000000029e+00
5.271622847000000611e+00
5.730484118000000571e+00
5.499784468000000537e+00
5.298766435000000108e+00
5.798376788000000559e+00
5.388425339000000314e+00
5.276977871000000597e+00
5.669091601999999952e+00
5.407309227000000718e+00
5.266076604000000216e+00
5.878243445000000733e+00
5.391358360999999988e+00
5.232392884000000244e+00
5.735414150000000433e+00
5.422233787000000582e+00
5.329906350999999987e+00
5.803190542000000285e+00
5.472539095000000131e+00
5.312395566000000180e+00
5.744267063000000562e+00
5.276736523000000290e+00
5.398723619000000085e+00
5.773905560000000214e+00
5.254371369000000236e+00
5.247978567000000538e+00
5.671754264000000489e+00
5.175880808000000499e+00
5.305700708999999904e+00
5.667685846000000360e+00
5.301428664000000346e+00
5.251783541000000000e+00
5.659427445000000390e+00
5.276315705000000023e+00
5.336403812000000357e+00
5.616721584000000433e+00
5.264070139000000204e+00
5.187360576000000556e+00
5.671382393000000022e+00
5.340501180000000403e+00
5.423288792000000136e+00
5.721430415000000380e+00
5.135850029000000205e+00
5.212499124000000705e+00
5.635215934000000537e+00
5.314357307000000752e+00
5.377112470000000144e+00
5.613067909000000633e+00
5.263314191000000086e+00
5.211934454000000549e+00
5.516448625000000661e+00
5.245525748000000377e+00
5.212557510999999977e+00
5.596878927000000559e+00
5.342716267000000130e+00
5.356321732000000502e+00
5.665035332000000423e+00
5.515774750000000282e+00
4.017351138000000432e+00
3.241981624000000117e+00
3.454687612000000296e+00
3.488038184000000097e+00
5.241190109000000596e+00
5.393150761000000237e+00
5.803193590000000235e+00
5.354783302000000411e+00
5.370437463000000022e+00
5.530740218000000041e+00
5.388362082000000441e+00
5.330914310999999906e+00
5.550428311000000114e+00
5.475852902000000633e+00
5.075205781000000194e+00
5.141747077000000665e+00
5.760910080000000377e+00
5.349514977000000115e+00
5.594364844000000225e+00
5.535705952999999901e+00
5.446692327000000056e+00
5.233217645000000751e+00
5.377579404000000451e+00
5.707234158000000335e+00
5.399751196000000419e+00
5.222246526000000166e+00
5.662002203000000122e+00
5.472507649000000640e+00
5.407641274000000386e+00
5.445188109000000054e+00
5.303902098000000009e+00
5.233543478000000526e+00
5.162650521000000658e+00
5.680218071000000535e+00
5.425203434000000158e+00
5.666771178000000297e+00
5.611503082000000475e+00
5.655968486999999989e+00
5.183128868999999916e+00
5.239576542000000003e+00
5.728078850000000166e+00
5.615200885000000142e+00
5.510167548000000082e+00
5.600041453000000224e+00
5.440886798000000191e+00
5.296604755000000608e+00
5.283542280000000702e+00
5.834183231000000802e+00
5.514442096000000681e+00
5.429857768000000640e+00
5.656808596000000300e+00
5.494825336999999976e+00
5.452688990000000402e+00
5.361362491000000396e+00
5.785413899000000804e+00
5.285806707999999965e+00
5.329960135000000321e+00
5.531764210000000404e+00
5.546088326000000457e+00
5.521206474000000419e+00
5.446330581000000670e+00
5.640227807000000482e+00
5.352213590000000742e+00
5.216900891999999956e+00
5.761824329000000411e+00
5.460339934000000284e+00
5.636494313000000034e+00
5.571994075000000102e+00
5.606728131000000559e+00
5.172350090000000122e+00
5.202434985000000012e+00
5.738214660000000578e+00
5.291320047000000137e+00
5.478929690000000186e+00
5.544442071000000638e+00
5.717600052000000765e+00
5.279106431000000654e+00
5.172117129000000091e+00
5.650766854000000450e+00
5.446123541000000401e+00
5.539200139000000078e+00
5.473309324000000586e+00
5.584641036999999919e+00
5.237841522000000083e+00
5.131950763999999943e+00
5.642124817000000014e+00
5.493112863000000345e+00
5.546051624000000402e+00
5.558537304000000567e+00
5.546704244000000728e+00
5.200716141000000015e+00
5.270755834000000029e+00
5.767722683000000572e+00
5.423676297000000091e+00
5.407467950000000023e+00
5.552319227999999995e+00
5.479251493000000472e+00
5.505315455999999941e+00
5.455624079000000570e+00
5.665144531000000150e+00
5.269545307000000456e+00
5.206192652000000365e+00
5.826208400000000509e+00
5.421064302000000446e+00
5.602775335000000467e+00
5.509033032000000496e+00
5.644344379000000522e+00
5.084452285000000238e+00
5.219644908000000250e+00
5.570330532999999917e+00
5.494482161000000531e+00
5.499665137000000037e+00
5.459786076000000321e+00
5.651712875000000302e+00
5.316253337000000023e+00
5.335434529000000481e+00
5.500295641000000124e+00
5.456650792000000472e+00
5.181700772000000121e+00
5.401284447000000100e+00
5.671026257000000292e+00
5.334206063999999969e+00
5.334736716000000101e+00
5.550963212000000091e+00
5.416441922000000631e+00
5.537220000000000475e+00
5.478563677000000354e+00
5.647201909000000519e+00
5.281991453000000725e+00
5.088180165000000699e+00
5.623328211000000465e+00
5.371912415000000607e+00
5.624932363000000102e+00
5.473272965000000490e+00
5.517835972000000311e+00
5.106726656000000197e+00
5.268845520000000171e+00
5.734458472000000029e+00
5.428562517000000476e+00
5.398517887000000570e+00
5.621490149000000436e+00
5.425720040000000743e+00
5.399674907000000523e+00
5.397048728000000573e+00
5.658003264000000421e+00
5.268435938000000540e+00
5.454986190000000512e+00
5.669412224000000222e+00
5.518315729000000225e+00
5.451181897000000554e+00
5.504730856000000117e+00
5.650426135000000016e+00
5.370697118000000714e+00
5.266670809999999925e+00
5.649294664000000132e+00
5.406390297000000622e+00
5.459170448000000064e+00
5.500793225000000675e+00
5.605882173000000357e+00
5.322401046000000413e+00
5.342982201999999958e+00
5.674020513000000321e+00
5.427233672999999925e+00
5.468395212000000782e+00
5.506282625000000763e+00
5.524421373000000024e+00
5.309203663999999989e+00
5.311609462999999920e+00
5.697542040000000085e+00
5.343857480000000493e+00
5.435476434999999995e+00
5.685861324000000216e+00
5.523638846000000768e+00
5.507619294000000387e+00
5.516145306000000303e+00
5.604888224000000641e+00
5.239841618999999895e+00
5.145028624000000050e+00
5.661451845000000205e+00
5.465733076000000246e+00
5.542203956000000709e+00
5.632668828000000794e+00
5.681712856000000755e+00
5.171502346000000472e+00
5.166543214999999911e+00
5.632925621000000049e+00
5.513692717000000520e+00
5.672028302000000188e+00
5.502432604000000005e+00
5.548180931000000093e+00
5.272202451000000067e+00
5.173661053000000010e+00
5.798852677000000178e+00
5.400784786000000004e+00
5.625048143000000778e+00
5.587686928000000108e+00
5.587406246000000465e+00
5.313833096000000644e+00
5.376346445000000251e+00
5.700017107999999944e+00
5.441114723000000097e+00
5.479852544000000769e+00
5.635155346000000343e+00
5.470692471000000445e+00
5.307362937000000613e+00
5.347512764000000196e+00
5.722454524000000653e+00
5.511186276000000106e+00
5.347338788000000065e+00
5.729361102000000372e+00
5.425446765000000227e+00
5.417644905000000399e+00
5.554431720000000183e+00
5.670729839000000716e+00
5.232290289999999899e+00
5.228915686000000562e+00
5.709541447000000325e+00
5.528189997000000133e+00
5.550314961000000658e+00
5.694492429000000300e+00
5.639365324999999984e+00
5.241914433999999900e+00
5.430974822000000479e+00
5.725481051000000043e+00
5.368715019000000588e+00
5.303701549000000348e+00
5.585664004999999932e+00
5.596112602999999908e+00
5.438298429000000489e+00
5.400883416000000103e+00
5.845554880000000786e+00
5.324778744000000508e+00
5.350210011000000598e+00
5.411742401000000591e+00
5.381797996000000417e+00
3.390196415000000130e+00
3.350403029000000199e+00
3.273588829000000366e+00
5.671714764000000741e+00
5.376479376000000698e+00
5.407700103999999897e+00
5.467798701000000428e+00
5.588062823000000456e+00
5.289181634000000187e+00
5.157609482999999884e+00
5.618992093000000132e+00
5.363720150000000686e+00
5.392479683000000357e+00
5.626623076000000445e+00
5.396305735000000325e+00
5.407191732000000250e+00
5.207562355000000309e+00
5.716379189000000416e+00
5.373003385000000520e+00
5.427335255000000025e+00
5.475089743999999925e+00
5.364041952000000002e+00
5.495809212000000166e+00
5.303430609000000295e+00
5.517435255000000538e+00
5.298936133000000659e+00
5.238198545000000372e+00
5.620048002999999959e+00
5.386532073000000587e+00
5.622177661000000271e+00
5.507351809000000209e+00
5.471922565999999932e+00
5.116006750000000380e+00
5.209184561000000713e+00
5.732433755000000630e+00
5.341684779000000383e+00
5.319783947000000346e+00
5.668024872000000158e+00
5.458226085000000616e+00
5.588697570999999975e+00
5.535679192999999998e+00
5.556197814999999984e+00
5.212435040999999991e+00
5.352973443000000664e+00
5.753839726000000709e+00
5.411524212000000666e+00
5.293827231000000744e+00
5.569487260000000717e+00
5.423867119000000514e+00
5.646799700999999949e+00
5.532622158000000567e+00
5.603040565000000583e+00
5.364688552000000499e+00
5.262244453000000100e+00
5.798386716000000440e+00
5.356864521000000323e+00
5.195338941000000155e+00
5.575176880999999973e+00
5.435262604000000053e+00
5.514860211000000234e+00
5.525719207000000743e+00
5.616674694000000301e+00
5.212929824000000600e+00
5.395336379000000626e+00
5.699502794000000705e+00
5.472902948000000656e+00
5.326415622999999933e+00
5.607524843000000203e+00
5.495159236000000114e+00
5.492340435000000021e+00
5.401082763000000675e+00
5.560825445999999950e+00
5.283281741000000586e+00
5.228979159000000543e+00
5.632773105000000058e+00
5.437213889000000577e+00
5.407543974000000198e+00
5.378303246000000648e+00
5.435548801000000374e+00
5.304425870000000209e+00
5.551482151000000087e+00
5.663830933000000734e+00
5.441517486000000403e+00
5.473093234000000251e+00
5.511309084000000524e+00
5.667259077000000644e+00
5.248471217000000522e+00
5.238726831000000139e+00
5.657267819000000308e+00
5.430426803000000469e+00
5.376998799000000773e+00
5.677409798000000229e+00
5.444883560000000067e+00
5.377664263000000666e+00
5.368896367000000502e+00
5.603272078000000711e+00
5.306057307000000556e+00
5.433020219000000317e+00
5.467125735000000653e+00
5.409848519000000522e+00
5.478241835000000393e+00
5.341855156000000271e+00
5.796290627000000306e+00
5.346966774000000200e+00
5.316403626000000493e+00
5.293074490000000409e+00
5.526603723000000024e+00
5.309306431000000437e+00
5.397253667000000199e+00
5.677972792000000268e+00
5.377053502999999957e+00
5.495804891000000580e+00
5.576909335000000745e+00
5.625339326000000639e+00
5.299552411000000518e+00
5.243908259000000349e+00
5.687945019000000713e+00
5.320217849000000498e+00
5.509223801000000087e+00
5.865324382000000725e+00
5.582855971000000750e+00
5.264913420000000066e+00
5.244314995999999951e+00
5.722512027000000501e+00
5.576661513000000348e+00
5.464070637999999924e+00
5.572146953999999930e+00
5.498479356000000706e+00
5.549177343000000207e+00
5.327791268000000358e+00
5.775060583000000136e+00
5.451111839000000181e+00
5.446251458000000767e+00
5.560830222000000767e+00
5.538018910999999989e+00
5.203064408000000363e+00
5.407943909000000104e+00
5.676231253000000088e+00
5.410404766000000087e+00
5.427939875000000747e+00
5.121378455000000329e+00
5.879883345000000539e+00
5.409620072000000057e+00
5.510196693000000145e+00
5.597293776000000776e+00
5.674852665000000407e+00
5.241868890000000114e+00
5.416313611000000527e+00
5.705869301999999976e+00
5.482189709000000022e+00
5.260584285000000193e+00
5.331691245000000023e+00
5.682402663000000409e+00
5.455216330000000724e+00
5.155899079000000107e+00
5.134462816000000096e+00
5.740011942000000644e+00
5.527991064000000065e+00
5.446817948000000520e+00
5.350540499000000061e+00
5.880101074000000594e+00
5.444264224000000318e+00
5.395903722999999985e+00
5.158984102000000682e+00
5.737666352000000636e+00
5.502759058000000536e+00
5.449476523000000405e+00
5.507410820000000484e+00
5.624505069000000468e+00
5.447005608000000443e+00
5.484016748000000163e+00
5.507558205000000484e+00
5.705105933000000462e+00
5.169375310000000390e+00
5.388909439000000745e+00
5.762848854000000465e+00
5.428703497999999961e+00
5.118412895000000518e+00
5.146450010000000574e+00
5.567583272000000250e+00
5.372349086000000717e+00
5.376429991000000186e+00
5.177064467000000114e+00
5.664345491000000621e+00
5.492314481000000193e+00
5.562942413000000030e+00
5.606952049000000216e+00
5.551520234000000720e+00
5.195278734000000398e+00
5.466723433000000298e+00
5.538190809000000492e+00
5.598510994000000629e+00
5.424876451000000266e+00
5.522956305000000121e+00
5.403197658000000736e+00
5.784141464000000177e+00
5.291335663999999994e+00
5.341569093000000379e+00
5.686422123000000717e+00
5.576574643000000719e+00
5.492457324000000085e+00
5.528456113999999921e+00
5.726141080000000549e+00
5.380721850000000472e+00
5.249070391000000058e+00
5.653188990000000302e+00
5.460977155000000138e+00
5.508669559000000326e+00
5.633897043000000160e+00
5.486393679999999939e+00
5.161965864999999987e+00
5.506982375000000651e+00
5.675338054000000021e+00
5.551727592000000655e+00
5.517213865000000439e+00
5.303306521000000551e+00
5.588458022000000192e+00
5.601215212000000498e+00
5.524457960000000334e+00
5.566389668000000235e+00
5.562547261000000631e+00
5.215757884000000288e+00
5.563805080999999930e+00
5.661347555000000753e+00
5.594370422000000787e+00
5.553394446000000428e+00
5.559676892000000592e+00
5.252886719000000149e+00
5.543381129000000129e+00
5.592476078000000683e+00
5.532947221000000582e+00
5.640901917000000765e+00
5.554593000000000558e+00
5.283965074000000151e+00
5.541737356000000503e+00
5.649555098000000442e+00
5.555668644000000711e+00
5.568877582999999909e+00
5.565482226000000310e+00
5.417872330000000680e+00
5.529505545000000133e+00
5.551857380000000397e+00
5.546620268000000742e+00
5.573084888000000348e+00
5.528619190000000572e+00
5.462937080000000556e+00
5.557360022000000122e+00
5.602541682000000023e+00
5.546445150000000268e+00
5.514773740000000757e+00
5.508564284000000200e+00
5.516442013000000699e+00
5.551392434000000264e+00
5.623327122000000067e+00
5.552001365000000632e+00
5.566791233000000005e+00
5.502372891000000266e+00
5.498056544000000656e+00
5.549306006000000124e+00
5.655771952000000269e+00
5.523253476000000717e+00
5.571610190000000351e+00
5.454660578000000370e+00
5.550518935000000376e+00
5.553494703000000143e+00
5.663128835000000194e+00
5.531033716000000489e+00
5.559486018000000307e+00
5.424215897999999925e+00
5.552778763000000062e+00
5.555963608999999970e+00
5.700994528999999922e+00
5.520205954000000581e+00
5.558355882999999942e+00
5.302417619000000748e+00
5.581986715000000210e+00
5.547839510000000196e+00
5.701052216999999978e+00
5.578236621000000284e+00
5.557868897000000530e+00
5.208656455999999935e+00
5.560599101000000211e+00
5.568961956999999963e+00
5.548688231999999942e+00
5.555387218999999988e+00
5.554508180000000017e+00
5.196674062000000482e+00
5.609673433000000209e+00
5.524435292000000608e+00
5.566320291000000253e+00
5.533537098000000043e+00
5.582284689000000633e+00
5.228620492000000120e+00
5.493314330000000467e+00
5.544087929000000692e+00
5.573088364000000183e+00
5.554864676000000223e+00
5.564822408000000387e+00
5.274231563000000733e+00
5.562583892000000141e+00
5.533665087000000149e+00
5.565174516999999987e+00
5.538452866000000085e+00
5.564960609999999974e+00
5.304499980000000114e+00
5.618393484000000271e+00
5.571095526000000575e+00
5.564608388999999988e+00
5.567903851000000515e+00
5.560629148000000299e+00
5.370338414999999976e+00
5.648486002000000283e+00
5.521752532000000713e+00
5.527087773999999953e+00
5.520283263000000495e+00
5.539598860999999985e+00
5.446932842999999913e+00
5.711407180000000139e+00
5.483019368999999976e+00
5.601119118000000618e+00
5.550224012000000151e+00
5.583095623000000174e+00
5.579711738000000310e+00
5.684979956000000278e+00
5.562281353000000372e+00
5.593535499000000577e+00
5.563629975000000449e+00
5.494752101000000444e+00
5.557167427000000437e+00
5.757435437000000711e+00
5.561977163999999973e+00
5.566974070000000552e+00
5.553563462000000506e+00
5.377152154000000017e+00
5.564334314000000781e+00
5.736066280000000184e+00
5.513392967000000588e+00
5.518587684000000770e+00
5.512765957000000050e+00
5.295161228000000442e+00
5.550043067999999913e+00
5.723626521000000800e+00
5.549141350000000195e+00
5.592735689000000399e+00
5.538656288000000316e+00
5.198202452000000306e+00
5.520821416000000426e+00
5.679195890999999996e+00
5.513756593000000095e+00
5.572968366000000451e+00
5.546799489000000527e+00
5.196204408000000718e+00
5.538451671000000687e+00
5.651212933000000049e+00
5.538684356000000086e+00
5.570643454999999911e+00
5.562287248000000517e+00
5.230675697000000568e+00
5.507402179000000508e+00
5.558958899000000287e+00
5.544757398000000670e+00
5.575273742000000254e+00
5.536633432000000354e+00
5.299348905000000443e+00
5.564445284000000491e+00
5.564739655000000340e+00
5.576942878000000547e+00
5.444136817000000406e+00
5.522135698000000481e+00
5.362413076000000167e+00
5.525891331000000406e+00
5.583581610000000417e+00
5.452927290999999954e+00
5.361097956000000053e+00
5.448275567000000486e+00
5.423237750000000190e+00
5.564676049000000013e+00
5.572192242999999934e+00
5.561944159000000276e+00
5.510881589000000247e+00
5.466363532999999997e+00
5.432889604000000539e+00
5.531799792000000160e+00
5.556894039000000340e+00
5.590180478000000619e+00
5.535180559000000500e+00
5.553143164000000631e+00
5.527994371000000129e+00
5.565211277000000401e+00
5.546613404000000358e+00
5.582319185000000239e+00
5.551274647000000506e+00
5.400142202000000502e+00
5.478976342000000166e+00
5.507342304000000688e+00
3.821612941000000152e+00
4.439727386000000386e+00
3.436260222000000031e+00
3.423503353000000082e+00
3.328991886000000289e+00
3.284550658000000123e+00
3.309270068000000009e+00
3.596880289000000008e+00
3.341260622000000069e+00
3.354709577000000387e+00
3.427117446000000012e+00
3.356982880000000335e+00
3.349863425000000117e+00
3.359397039000000085e+00
3.374052234000000094e+00
4.498742508000000306e+00
5.236681040000000564e+00
5.640104605000000326e+00
5.518430666000000429e+00
5.480633189000000627e+00
5.481831067000000779e+00
5.440421751000000583e+00
5.157203997999999956e+00
5.296067508000000146e+00
5.650394509000000731e+00
5.436255411000000315e+00
5.438258503000000132e+00
5.529038240000000215e+00
5.448153075000000456e+00
5.466782360999999923e+00
5.335156972000000053e+00
5.609218550000000469e+00
5.438883987000000531e+00
5.313716864000000761e+00
5.407801040000000725e+00
5.465600056000000428e+00
5.254867442000000111e+00
5.282504061000000029e+00
5.607236566000000089e+00
5.375872973000000776e+00
5.377043865000000089e+00
5.536299127000000375e+00
5.479073675000000421e+00
5.412166834000000648e+00
5.427698906999999906e+00
5.703285071000000706e+00
5.545908681000000229e+00
5.356211136000000650e+00
5.587439934000000719e+00
5.466586414000000005e+00
5.475100575999999997e+00
5.391530898000000072e+00
5.696207971000000647e+00
5.238763848000000500e+00
5.280525888000000556e+00
5.486580142000000215e+00
5.384004371000000511e+00
5.497633270000000572e+00
5.615189366000000071e+00
5.510061727000000076e+00
5.227594942000000522e+00
5.090261604000000162e+00
5.854346403000000088e+00
5.482923862000000703e+00
5.474581000000000586e+00
5.598383304000000393e+00
5.542654414000000251e+00
5.251727114000000363e+00
5.184064885000000622e+00
5.699642402000000274e+00
5.465230968000000189e+00
5.398906680000000513e+00
5.595722294000000652e+00
5.543594404000000253e+00
5.286494410000000421e+00
5.251630464000000664e+00
5.729977479000000429e+00
5.363535664000000480e+00
5.356619763000000312e+00
5.547942252000000352e+00
5.599334386000000663e+00
5.417777424000000508e+00
5.262515540999999963e+00
5.692270166000000131e+00
5.371364326000000133e+00
5.422778026000000473e+00
5.649294008000000034e+00
5.339737530000000731e+00
5.283434675000000524e+00
5.304819703000000608e+00
5.546994798000000060e+00
5.377531767000000684e+00
5.358500788000000625e+00
5.479305284000000498e+00
5.301321766000000046e+00
5.301396838000000500e+00
5.399865543000000656e+00
5.632975027000000523e+00
5.106999263000000511e+00
5.067167317000000004e+00
5.617209991000000180e+00
5.398404705999999997e+00
5.600066006000000485e+00
5.587467793000000071e+00
5.673553982000000495e+00
5.216327283000000037e+00
5.185079456000000420e+00
5.662008523000000793e+00
5.469861992000000228e+00
5.422473008000000760e+00
5.514632119000000721e+00
5.364139513000000470e+00
5.370389531999999910e+00
5.136663686000000340e+00
5.648905351000000685e+00
5.336537240000000182e+00
5.225539062000000179e+00
5.566530288000000048e+00
5.380379668000000670e+00
5.564172179000000718e+00
5.549838523000000023e+00
5.495707021000000303e+00
5.200610990000000378e+00
5.212953871000000738e+00
5.616923201000000532e+00
5.381491321000000383e+00
5.378339161000000423e+00
5.511980772000000250e+00
5.442296911000000570e+00
5.338206880000000432e+00
5.441111098000000368e+00
5.625417805000000548e+00
5.286047067000000155e+00
5.188701725000000486e+00
5.549271040000000710e+00
5.288489592000000350e+00
5.517230831000000002e+00
5.473273049000000334e+00
5.747733223000000002e+00
5.178165595000000287e+00
5.237342396999999927e+00
5.670438478000000337e+00
5.356016050000000028e+00
5.509857054000000254e+00
5.516143978000000558e+00
5.613419696000000236e+00
5.272464444000000583e+00
5.204243340000000551e+00
5.701489411999999923e+00
5.536261423000000015e+00
5.526063340000000323e+00
5.622876117000000562e+00
5.563572606000000143e+00
5.178961765000000383e+00
5.125259930000000352e+00
5.848170202000000373e+00
5.370589714000000292e+00
5.470792245000000165e+00
5.613841381000000297e+00
5.544349799999999995e+00
5.301676267000000387e+00
5.351593641000000012e+00
5.606364166000000537e+00
5.466390775000000701e+00
5.345420830000000123e+00
5.739417959000000735e+00
5.586792618000000488e+00
5.159823107000000242e+00
5.291323312000000278e+00
5.664794529999999995e+00
5.546185708000000325e+00
5.329415326000000341e+00
5.680701726000000562e+00
5.449550717000000155e+00
5.530698109000000251e+00
5.587872877000000571e+00
5.646365665000000256e+00
5.151350023000000000e+00
5.356839116000000622e+00
5.663619441000000698e+00
5.469630260000000632e+00
5.387790028000000397e+00
5.563244877000000699e+00
5.462890537000000712e+00
5.510989300000000313e+00
5.434870684999999924e+00
5.615118717000000537e+00
5.167510455000000391e+00
5.088931793000000425e+00
5.358831015999999892e+00
5.375542410000000437e+00
5.511348377000000021e+00
5.532215114000000433e+00
5.515434694000000526e+00
5.193500396000000130e+00
5.343125172000000589e+00
5.608229562000000001e+00
5.345812578000000315e+00
5.214672748999999996e+00
5.538763343000000283e+00
5.523535309000000559e+00
5.720819769000000221e+00
5.542085998000000124e+00
5.592671995000000784e+00
5.194124408000000415e+00
5.169659837000000202e+00
5.554057349000000698e+00
5.501078146000000224e+00
5.474955598000000201e+00
5.477191529000000614e+00
5.671153546000000212e+00
5.069940102000000337e+00
5.386341468000000354e+00
5.022192700000000620e+00
4.073153289000000399e+00
3.339663488000000235e+00
3.361626422000000058e+00
3.312684821000000390e+00
3.237300769000000411e+00
3.295434255000000423e+00
4.589585292999999844e+00
5.434202988000000012e+00
5.415140456000000491e+00
5.339950331000000716e+00
5.312516251999999994e+00
5.340746315000000521e+00
5.244530603000000291e+00
5.295658582000000614e+00
5.363273230999999974e+00
5.505359260000000532e+00
5.439023547000000569e+00
5.258254856000000643e+00
5.026141634000000025e+00
5.233450112999999959e+00
5.361313219000000352e+00
5.478170623000000461e+00
5.426731476000000498e+00
5.391710021000000630e+00
5.003782746000000614e+00
5.098625175000000453e+00
5.315749739000000140e+00
5.310980659000000159e+00
5.480988560000000120e+00
5.464859366000000662e+00
5.207218001000000207e+00
5.371845526000000426e+00
5.368819385000000111e+00
5.227985184000000451e+00
5.202043545000000435e+00
5.144901516000000008e+00
5.143130687000000201e+00
5.274363287999999983e+00
5.398500719000000281e+00
5.416949392000000252e+00
5.475075290000000372e+00
5.351618476000000513e+00
5.286446133000000103e+00
5.157686907000000431e+00
5.174961485000000749e+00
5.222982554000000555e+00
5.257852054000000663e+00
5.352133345000000375e+00
5.475437235000000236e+00
5.113587590000000738e+00
5.363396126000000486e+00
5.315091171000000614e+00
5.143939462000000518e+00
5.136664464999999957e+00
5.213255314000000418e+00
5.033918295000000320e+00
5.397386859000000037e+00
5.485314033000000755e+00
5.497513971000000055e+00
5.362111235000000420e+00
5.245454790000000145e+00
5.027682647000000671e+00
5.123284061000000555e+00
5.198159068000000715e+00
5.553796810000000583e+00
5.355077538000000636e+00
5.459459304000000124e+00
5.463123300000000349e+00
5.372736849000000703e+00
5.405832415000000779e+00
5.300536604000000374e+00
5.219903382000000036e+00
5.244462541000000755e+00
5.173428802000000104e+00
5.025132091000000578e+00
5.321377260000000220e+00
5.450324170000000024e+00
5.478631645000000105e+00
5.450185251000000619e+00
5.330685069000000276e+00
5.004654691000000710e+00
5.164402840000000161e+00
5.137049588000000000e+00
5.261007159000000044e+00
5.268981665000000092e+00
5.333815004999999942e+00
5.308916545000000653e+00
5.485395905999999933e+00
5.532531128000000464e+00
5.413858301000000317e+00
5.407721837000000420e+00
5.268412231000000112e+00
5.169603790000000032e+00
5.116751426000000436e+00
5.192963659000000121e+00
5.233744141000000738e+00
5.288425125999999921e+00
5.385808225999999976e+00
5.496037811999999967e+00
5.138253104000000349e+00
5.443170310000000178e+00
5.332709523000000118e+00
5.235582361000000517e+00
5.219503057000000723e+00
5.149841453000000513e+00
4.971847655000000366e+00
5.257706379000000041e+00
5.358797706000000716e+00
5.419516988000000701e+00
5.453938155000000343e+00
5.510137972000000772e+00
5.167959935999999921e+00
5.363966557000000357e+00
5.305365686000000025e+00
5.225762186000000753e+00
5.146041280000000384e+00
5.175119579000000414e+00
5.198453538000000762e+00
5.197155217000000604e+00
5.277173422000000613e+00
5.321341716000000055e+00
5.370369832000000621e+00
5.452812154000000078e+00
5.469221971000000515e+00
5.366249795999999961e+00
5.425453669000000367e+00
5.360226997000000715e+00
5.308117794000000167e+00
5.292522826999999985e+00
5.317843862000000144e+00
4.928404447000000133e+00
5.195998187999999907e+00
5.210258146000000146e+00
5.287678133000000003e+00
5.319983784000000604e+00
5.337008921000000683e+00
5.201072185000000125e+00
5.462681031000000687e+00
5.448018822999999955e+00
5.392218966000000613e+00
5.314851900000000740e+00
5.199536741000000184e+00
5.205361114000000455e+00
5.173672465000000109e+00
5.158390033000000763e+00
5.167918591000000283e+00
5.204144615000000584e+00
5.292370333000000038e+00
5.417750382000000364e+00
5.077067315000000747e+00
5.471100410000000025e+00
5.489114604000000064e+00
5.444312630000000652e+00
5.381553634000000308e+00
5.314337345000000212e+00
4.990327509000000106e+00
5.239283144000000725e+00
5.127311796000000754e+00
5.143753078000000478e+00
5.161801757000000102e+00
5.269784040000000225e+00
5.298518507999999905e+00
5.324016064000000270e+00
5.416061130000000112e+00
5.434415357000000668e+00
5.442913454000000151e+00
5.388894934000000525e+00
5.324596992000000029e+00
5.252065911000000753e+00
5.246925215000000087e+00
5.191338146000000542e+00
5.123829165000000074e+00
5.138912927000000685e+00
5.237815550000000542e+00
5.040862944000000567e+00
5.332843871000000568e+00
5.478560666999999995e+00
5.442100605000000257e+00
5.481901189000000230e+00
5.402504747000000052e+00
5.005003969000000552e+00
5.268173050000000579e+00
5.304848985000000461e+00
5.359411846000000423e+00
5.394085106000000351e+00
5.268368971000000123e+00
5.043866422000000682e+00
5.143304528999999903e+00
5.176320909000000192e+00
5.213942442000000455e+00
5.303382586000000565e+00
5.408267091999999998e+00
5.438394318000000283e+00
5.329059093000000580e+00
5.470538737000000040e+00
5.441624913000000063e+00
5.458743143000000408e+00
5.328691906000000422e+00
5.265732453000000035e+00
5.098608872999999875e+00
5.129690751000000049e+00
5.147392974000000621e+00
5.239274847999999984e+00
5.267916173000000590e+00
3.507552827000000040e+00
3.246891020000000072e+00
3.244112218000000158e+00
3.366317449000000295e+00
3.108795467000000201e+00
3.358645694000000237e+00
3.277608765000000091e+00
3.096549718000000340e+00
3.351623940000000079e+00
3.176939131000000138e+00
3.251114296999999986e+00
4.746598897000000150e+00
3.468399699000000336e+00
3.142225986000000137e+00
5.151081149000000359e+00
5.316692536000000580e+00
5.309009158000000284e+00
5.260988746000000660e+00
5.198306892000000623e+00
5.160515499000000617e+00
5.366554916000000119e+00
5.144679529000000251e+00
5.203319965000000380e+00
5.054545688000000148e+00
5.487216011000000115e+00
5.131654640999999906e+00
5.101181246000000336e+00
5.061854806000000373e+00
5.274459197000000543e+00
5.069085514000000181e+00
5.237091595000000765e+00
5.205197325000000319e+00
5.224850773000000004e+00
5.024490766000000441e+00
5.208180120000000635e+00
3.188893340999999992e+00
4.029452426999999837e+00
4.326120114000000072e+00
3.465909936000000080e+00
3.977944279000000360e+00
3.182009587000000028e+00
3.888337649000000340e+00
3.899264903000000171e+00
5.375403189000000026e+00
5.243916250000000723e+00
5.519675490000000018e+00
5.277141224000000186e+00
5.230427784000000635e+00
5.122823590000000316e+00
5.077006625000000106e+00
5.139071043000000394e+00
5.155917532000000136e+00
5.113904092000000290e+00
5.078846530999999942e+00
5.025725884000000754e+00
5.077537868000000287e+00
5.037553600999999937e+00
5.005856962000000188e+00
5.043027380999999920e+00
4.965326208000000463e+00
4.978097877000000615e+00
4.984233399999999925e+00
5.069957292000000670e+00
5.142955740000000553e+00
5.141970013999999978e+00
5.155919130000000017e+00
5.243319157000000175e+00
5.270053436000000424e+00
5.342636333000000626e+00
5.381401150000000300e+00
5.433221735000000052e+00
5.324793775000000728e+00
5.264080086999999963e+00
5.170000822000000440e+00
5.175984735000000114e+00
5.043144622000000687e+00
5.140306093000000409e+00
5.182325700999999896e+00
5.136975722999999938e+00
5.158872640000000231e+00
5.208953821000000595e+00
5.265206548000000097e+00
3.386802988000000347e+00
3.189983274000000257e+00
3.339339425000000361e+00
3.260038471000000104e+00
3.151214382000000036e+00
3.275582194000000058e+00
3.333399473000000057e+00
3.601744936000000230e+00
3.630628199000000222e+00
5.118001897000000078e+00
5.427602363000000096e+00
5.217727316000000393e+00
5.411419899000000200e+00
5.342497030000000535e+00
5.058495849999999905e+00
5.434427975000000188e+00
5.552236351000000347e+00
5.523556141000000252e+00
5.390696834000000770e+00
5.333741040000000488e+00
4.466387955000000076e+00
5.157496069000000460e+00
3.088963885000000076e+00
3.409810131000000410e+00
4.495623957000000281e+00
3.320889762000000189e+00
3.259376594999999988e+00
3.460577918000000253e+00
3.115195524000000216e+00
3.295288605000000093e+00
3.462610500000000258e+00
3.101612287000000023e+00
5.009436655000000016e+00
5.115958175000000274e+00
5.237802990000000491e+00
5.442702823000000301e+00
5.304407842000000706e+00
5.237151330000000549e+00
5.273289047000000451e+00
5.290647315000000184e+00
5.345364077000000158e+00
5.489841467000000641e+00
5.567071611000000253e+00
5.559896782000000037e+00
5.609357764000000302e+00
5.356583888000000293e+00
5.694156031000000340e+00
5.354448416000000321e+00
5.452704513000000475e+00
5.808640567000000310e+00
5.309079344000000589e+00
5.005774212000000389e+00
5.733360429000000202e+00
5.013516573000000420e+00
5.305711368999999955e+00
5.640725724000000163e+00
5.435231131000000104e+00
5.452278006000000232e+00
5.802176135000000734e+00
5.455620193000000562e+00
5.533545195000000305e+00
5.757137005000000585e+00
5.565910983000000201e+00
5.482248836000000125e+00
5.443412584000000720e+00
5.487812670000000281e+00
5.368727079000000124e+00
5.190294317000000213e+00
5.579407283000000106e+00
5.273297516000000407e+00
5.080519720000000738e+00
5.458816032000000540e+00
5.064218545000000127e+00
5.091829434000000099e+00
5.394210777000000512e+00
5.149676855000000053e+00
4.991977023000000457e+00
5.347754004000000450e+00
4.968432550000000170e+00
5.002654534000000375e+00
5.342411525000000161e+00
4.974166765000000545e+00
5.124358535000000714e+00
5.241764521000000343e+00
5.372365062000000080e+00
5.269863071000000510e+00
5.174333286000000420e+00
5.581137245999999941e+00
5.157429281000000643e+00
5.269014387000000355e+00
5.710654060000000420e+00
5.257965529999999887e+00
5.414154826999999948e+00
5.732539518000000278e+00
5.392978478000000742e+00
5.404634817999999896e+00
5.881535444000000723e+00
5.446802955999999973e+00
5.469183092000000634e+00
5.832115254000000526e+00
5.525056360000000666e+00
5.428015833999999984e+00
5.907357551000000484e+00
5.444205667000000304e+00
5.504994291000000040e+00
5.859408576000000757e+00
5.516439083000000743e+00
5.416609897999999923e+00
5.861172575000000329e+00
5.341948069999999937e+00
5.318142926000000159e+00
5.699804709000000358e+00
5.225827117000000577e+00
5.136207541000000099e+00
5.454493431000000392e+00
5.123845688000000287e+00
5.227514849000000297e+00
5.332870044999999948e+00
5.280357689000000576e+00
5.223617782000000709e+00
5.017924009000000574e+00
5.267535887000000194e+00
4.906945347000000623e+00
4.945700389000000641e+00
5.413209636000000380e+00
5.167117994999999908e+00
5.313813804000000474e+00
5.494701363999999977e+00
5.583544953000000532e+00
5.319885669000000483e+00
5.227570564000000530e+00
5.747065055000000200e+00
5.241500143000000556e+00
5.280039664000000244e+00
5.771181353000000236e+00
5.374307410000000118e+00
5.412098261000000576e+00
5.782869684000000454e+00
5.418655627000000585e+00
5.455701514000000252e+00
5.794484545000000431e+00
5.451303874000000604e+00
5.503158664000000755e+00
5.781283192000000071e+00
5.416920117000000090e+00
5.387200465000000271e+00
5.598353030000000174e+00
5.378164632999999917e+00
5.379395182000000553e+00
5.589331579000000438e+00
5.399211780999999988e+00
5.392739646999999970e+00
5.109773409000000655e+00
5.421973437000000118e+00
5.056291831000000236e+00
5.030882308999999886e+00
5.350956317000000517e+00
5.087622070000000107e+00
4.925825952000000285e+00
5.231481109000000629e+00
5.134714565000000341e+00
5.264767479000000527e+00
5.313540009000000452e+00
5.582485156000000615e+00
5.264962123000000105e+00
5.331648028000000039e+00
5.540343934000000026e+00
5.249964669000000583e+00
5.255655042999999971e+00
5.574403812999999985e+00
5.142176065000000129e+00
5.149871539000000276e+00
5.517801230000000778e+00
5.233572442999999907e+00
5.345542685999999932e+00
5.506472956000000529e+00
5.559862114000000410e+00
5.347493216000000160e+00
5.481223771000000689e+00
5.563637100000000224e+00
5.423405105000000503e+00
5.134402612000000587e+00
5.611235431999999967e+00
5.304038744000000527e+00
5.161948077999999995e+00
5.675184092000000291e+00
5.072475692000000258e+00
5.283233245999999994e+00
5.424201452000000145e+00
5.269712677000000234e+00
5.247379001000000542e+00
5.599012117000000011e+00
5.327240963000000384e+00
5.462136854000000596e+00
5.323282533000000427e+00
5.569725616000000379e+00
5.404582218000000715e+00
5.366065046000000116e+00
5.551839339000000706e+00
5.177411637000000511e+00
5.205732264999999970e+00
5.633275498000000603e+00
5.427064002999999914e+00
5.311737191000000635e+00
5.844547090000000722e+00
5.412042068999999955e+00
5.406521012000000681e+00
5.764152873000000454e+00
3.465966722000000111e+00
3.927457967000000050e+00
3.173669965000000204e+00
3.676649180000000072e+00
5.297120192000000394e+00
5.411211152999999996e+00
3.589604200000000134e+00
5.144918232000000202e+00
5.346943807000000604e+00
5.224108811000000685e+00
5.361413313999999986e+00
4.987760259999999946e+00
5.111814445000000262e+00
5.360198698000000483e+00
5.179225965000000542e+00
5.111376529000000168e+00
5.153041374000000729e+00
5.343772580000000438e+00
5.045741053000000420e+00
4.934574593000000675e+00
5.261771734000000755e+00
5.031324193000000555e+00
5.134610513000000154e+00
4.992884373999999958e+00
5.290953771999999944e+00
4.984055619000000270e+00
4.941343445000000223e+00
5.326713591999999942e+00
5.181584218000000241e+00
5.044948902000000679e+00
5.038953169000000010e+00
5.333413086000000192e+00
5.013182199000000061e+00
4.978020212000000555e+00
5.330281778000000692e+00
5.100229114000000230e+00
5.082080828000000494e+00
5.014318419000000304e+00
5.344843051000000678e+00
5.065628414999999940e+00
5.132349782000000360e+00
5.321051263000000198e+00
5.119619076000000213e+00
5.090437295000000084e+00
5.108119619000000000e+00
5.413877014000000543e+00
5.312822446000000198e+00
5.185303983999999922e+00
5.697521209000000475e+00
5.616275985000000581e+00
5.663339249999999936e+00
5.566819399999999973e+00
5.522705615000000456e+00
5.128385966000000629e+00
5.050926758000000127e+00
5.465240206999999906e+00
5.075882109000000142e+00
5.150885086000000612e+00
5.361765480999999944e+00
5.335177346000000043e+00
5.112870073999999931e+00
5.380604930000000508e+00
5.740010645999999994e+00
5.443143754000000278e+00
5.350604327000000104e+00
5.644608762000000723e+00
5.322792373000000410e+00
5.399161732000000491e+00
5.401730723000000012e+00
5.449039882000000112e+00
4.908615639000000641e+00
4.857982303000000002e+00
5.328756001000000353e+00
5.109419706000000616e+00
5.236800171000000503e+00
5.231982282000000595e+00
5.506252133000000271e+00
5.295488750000000522e+00
5.282196311999999949e+00
5.552044489000000027e+00
5.617075995000000432e+00
5.513851159000000557e+00
5.506014877000000141e+00
5.709233300000000177e+00
5.438905812000000672e+00
5.299661573000000736e+00
5.452863008000000455e+00
5.330795179000000772e+00
5.231602030000000347e+00
4.331827510000000103e+00
4.394590549000000124e+00
5.677714583000000204e+00
5.292177812000000259e+00
5.403258424000000559e+00
5.668233847000000658e+00
5.366228082000000121e+00
5.488632675999999933e+00
5.284166960000000302e+00
5.550641120999999956e+00
5.072672548999999975e+00
5.011114644000000062e+00
5.418824852000000192e+00
4.855913409000000236e+00
4.982358131999999884e+00
5.352320777000000085e+00
5.132822093000000585e+00
5.155263130999999888e+00
5.642297377000000225e+00
5.206310248000000307e+00
5.278974404000000398e+00
5.749293302000000772e+00
5.320273509000000622e+00
5.349731103000000765e+00
5.554615091000000504e+00
5.043908606000000461e+00
4.996048522000000602e+00
4.457631238000000273e+00
5.101724872000000133e+00
5.230432425000000052e+00
5.109055279000000560e+00
5.341092919000000272e+00
5.200908037000000483e+00
5.186732774000000212e+00
5.751001100000000754e+00
5.613627742000000254e+00
5.530511483000000617e+00
5.845471487000000188e+00
5.532221879000000619e+00
5.499945760000000128e+00
5.728068659999999923e+00
5.547953707000000456e+00
5.438932707000000200e+00
5.530853259000000577e+00
5.389085177000000115e+00
5.368407533000000065e+00
5.589487401000000411e+00
5.534966138000000591e+00
5.329030734000000713e+00
5.598063926000000023e+00
5.176407999000000260e+00
5.146122220000000524e+00
5.693037703999999977e+00
5.230838946000000433e+00
5.276189768000000058e+00
5.651629461000000632e+00
5.114268757000000498e+00
5.411077305000000059e+00
5.498722969000000127e+00
5.283057910000000135e+00
5.245717897000000463e+00
5.611746768000000607e+00
5.111991297000000323e+00
5.139719514000000267e+00
5.573086325000000230e+00
5.014120287999999981e+00
5.074680794999999911e+00
5.419209492000000239e+00
5.038733943000000437e+00
5.057388863999999984e+00
5.598937644000000269e+00
4.997581549000000400e+00
5.171564191000000754e+00
5.389253182000000031e+00
4.980911278000000664e+00
4.978478495000000059e+00
5.260923313000000157e+00
4.954197576000000325e+00
4.922316763000000428e+00
5.554143608000000398e+00
5.010641955000000536e+00
5.188739303000000191e+00
5.333450908000000545e+00
5.464300439000000509e+00
5.321119653000000227e+00
5.399870663000000626e+00
5.622980362000000731e+00
5.468029416000000253e+00
5.316235857000000564e+00
5.632419952000000229e+00
5.317526022000000019e+00
5.246926120000000360e+00
5.529717493000000594e+00
5.178614894999999940e+00
5.199346385000000126e+00
5.544661277000000332e+00
5.010724671000000185e+00
4.996800250000000609e+00
5.549132120000000334e+00
5.099118409999999990e+00
5.072326472000000308e+00
5.465010859000000387e+00
5.080622671000000423e+00
5.030345985000000297e+00
5.515109058000000175e+00
4.968552840000000081e+00
4.975688400000000122e+00
5.382123347000000280e+00
4.994927582000000754e+00
5.049557882000000220e+00
5.398902083000000296e+00
5.095557831999999898e+00
5.074314241000000614e+00
5.455660992000000320e+00
5.069373741000000599e+00
5.084881327000000617e+00
5.364113554000000228e+00
5.312241517000000357e+00
5.146712296000000464e+00
5.362103639000000754e+00
5.179603822999999885e+00
5.322250806000000445e+00
5.314042128000000531e+00
5.520840874000000120e+00
5.315787012000000367e+00
5.223723503000000434e+00
5.546256920000000257e+00
5.263414481999999950e+00
5.241328811000000698e+00
5.686272924000000728e+00
5.208393252000000473e+00
5.279541878999999938e+00
5.631939032000000012e+00
5.302504266000000577e+00
5.360746712000000080e+00
5.342093283000000525e+00
5.455166388000000310e+00
5.559831906000000323e+00
5.499662605000000148e+00
5.905937474999999992e+00
5.520008495999999987e+00
5.458032283000000540e+00
5.911358760000000601e+00
5.400080616000000333e+00
5.471680105999999988e+00
5.671871444000000650e+00
5.053272247000000661e+00
4.963762616000000349e+00
5.428445038000000444e+00
5.152418993000000391e+00
5.234021948000000535e+00
5.677589768000000703e+00
5.403158186000000640e+00
5.369030551999999901e+00
5.673384171000000364e+00
5.051544450000000630e+00
4.917026750000000668e+00
5.193114224000000334e+00
5.004692224000000245e+00
5.264390382000000201e+00
5.573157821000000567e+00
5.578375605000000625e+00
5.630526886000000175e+00
5.645808904999999989e+00
5.386148664000000252e+00
5.173360746000000177e+00
4.881422804000000504e+00
5.337216479000000291e+00
4.972405106000000075e+00
5.201424632000000159e+00
5.789848779000000611e+00
5.395997841000000683e+00
5.320150350000000472e+00
5.572601302000000700e+00
5.005566700000000147e+00
5.148077035000000024e+00
5.187837408000000039e+00
5.293909479999999945e+00
5.470687932000000586e+00
5.629326887000000390e+00
5.711968657999999976e+00
5.378863581000000060e+00
5.128296339000000259e+00
5.341021111000000765e+00
4.842544156000000655e+00
4.994985279000000666e+00
5.561164789000000219e+00
5.264613753999999979e+00
5.372490159000000709e+00
5.694026564000000512e+00
5.122866882000000288e+00
5.167458180000000567e+00
5.298852343000000076e+00
5.051824375000000700e+00
5.347027488000000162e+00
5.516904744000000527e+00
5.405270613000000779e+00
5.504270774000000088e+00
5.314449351000000377e+00
5.632425901000000401e+00
5.253714416000000220e+00
5.153440613999999975e+00
5.724754167000000393e+00
5.003614831000000152e+00
5.322041974000000231e+00
5.448584992000000682e+00
5.009055588000000725e+00
5.064922739000000007e+00
5.246374837000000291e+00
5.071346321000000046e+00
5.202306966000000088e+00
5.220778338000000574e+00
5.410295357000000749e+00
5.160514142000000248e+00
5.126353933000000751e+00
5.573769657000000599e+00
5.023503923999999898e+00
5.077390736999999987e+00
