-3.325999372903015979e-10
1.118435364756258690e-12
1.434305517062595496e-09
2.789765191568764008e-09
3.989315185419881003e-09
1.690651254099962204e-09
-8.301196726719211799e-09
-2.983893414101705486e-08
-7.108974234116850005e-08
-1.402728105122183467e-07
-2.468670694285574265e-07
-4.026435207666792408e-07
-6.175087903766395859e-07
-9.034331049138562441e-07
-1.271775448233574128e-06
-1.729708865907653620e-06
-2.288448257549903541e-06
-2.957714816254118387e-06
-3.742448933882466345e-06
-4.650543579715683116e-06
-5.687606502229847105e-06
-6.855873769865440568e-06
-8.158170380536668856e-06
-9.596786255453952031e-06
-1.117235776036114694e-05
-1.288558844913018373e-05
-1.473877636200735631e-05
-1.673085736662150271e-05
-1.886214699570668352e-05
-2.113529690257921287e-05
-2.354855727056741503e-05
-2.610355089784828180e-05
-2.880301435851128600e-05
-3.164644373963802619e-05
-3.463566117206158144e-05
-3.777129812245833473e-05
-4.105241743744200022e-05
-4.447833431398229661e-05
-4.804671477632313173e-05
-5.175434722902655729e-05
-5.559652183683980647e-05
-5.956755724015141588e-05
-6.365980924444345054e-05
-6.786351524194261439e-05
-7.216916191836493934e-05
-7.656462624509344196e-05
-8.103714337830153101e-05
-8.557424978312673600e-05
-9.016142997283368402e-05
-9.478506822204396188e-05
-9.943088491811768006e-05
-1.040843808989316192e-04
-1.087325950864459831e-04
-1.133620331262102742e-04
-1.179606021255959946e-04
-1.225171379473835706e-04
-1.270207715635064856e-04
-1.314623032977859437e-04
-1.358328032344441642e-04
-1.401247021657447804e-04
-1.443316335347765442e-04
-1.484478492466665442e-04
-1.524692377832237412e-04
-1.563921167856837605e-04
-1.602143041219087759e-04
-1.639345804982287431e-04
-1.675522744792386654e-04
-1.710686701929093299e-04
-1.744852929194186408e-04
-1.778047518379883717e-04
-1.810306888669451419e-04
-1.841664505323160287e-04
-1.872161480216394923e-04
-1.901833894386498582e-04
-1.930710833702253370e-04
-1.958815732707809337e-04
-1.986155107622719900e-04
-2.012721903406846811e-04
-2.038488412011418014e-04
-2.063406865945953937e-04
-2.087411078022632905e-04
-2.110411528103384128e-04
-2.132304855970576984e-04
-2.152971099810535160e-04
-2.172277503102976019e-04
-2.190087479012018268e-04
-2.206257663888503947e-04
-2.220649572462477699e-04
-2.233132364235494336e-04
-2.243584522069704597e-04
-2.251902808179758375e-04
-2.257997661874090885e-04
-2.261795890301335785e-04
-2.263236273413097134e-04
-2.262260676556627007e-04
-2.258809290752790031e-04
-2.252804051837807987e-04
-2.244136803105384206e-04
-2.232651147134854803e-04
-2.218118364531792436e-04
-2.200215687957501778e-04
-2.178493230029368913e-04
-2.152344808949298814e-04
-2.120978637215054899e-04
-2.083391712258676168e-04
-2.038365135211785335e-04
-1.984474730275827671e-04
-1.920133696358105051e-04
-1.843665079978279290e-04
-1.753394202846378987e-04
-1.647760608389788701e-04
-1.525422747802927348e-04
-1.385347182999277017e-04
-1.226871374420194214e-04
-1.049728683764152330e-04
-8.540451743360905935e-05
-6.403028288776737827e-05
-4.092774623723110979e-05
-1.619566884398174883e-05
1.005623356024727702e-05
3.771758821438198577e-05
6.668703906782591289e-05
9.687947831360562020e-05
1.282294000484065870e-04
1.606908611482440845e-04
1.942337181012381226e-04
2.288376701891180328e-04
2.644851383477825704e-04
3.011532174799069349e-04
3.388059058151976629e-04
3.773865301737870420e-04
4.168116445585101399e-04
4.569677928787055799e-04
4.977116318875886595e-04
5.388743180066187096e-04
5.802689036684018217e-04
6.216995856749652025e-04
6.629716599623820990e-04
7.039004268480885925e-04
7.443186923044732952e-04
7.840817426267405413e-04
8.230692418458181690e-04
8.611841496064906887e-04
8.983482860521686993e-04
9.344957097446757134e-04
9.695649727707666239e-04
1.003491803714803062e-03
1.036204253530994147e-03
1.067620999395001245e-03
1.097653605748953902e-03
1.126212352615427225e-03
1.153214497331609984e-03
1.178594065026129919e-03
1.202311277320826637e-03
1.224360233570877124e-03
1.244773356850058851e-03
1.263621270634455963e-03
1.281008083005657616e-03
1.297062233536052560e-03
1.311924251756517229e-03
1.325733322350517319e-03
1.338614495208956864e-03
1.350668847078198781e-03
1.361967847999915032e-03
1.372552652916662549e-03
1.382438302481252658e-03
1.391621644684443854e-03
1.400091691812916641e-03
1.407840412537037563e-03
1.414872059412688055e-03
1.421209655547295584e-03
1.426897487039940167e-03
1.431999622045854051e-03
1.436594998483378465e-03
1.440770267158642936e-03
1.444612165290323595e-03
1.448200807826478418e-03
1.451605213704063903e-03
1.454881595549169324e-03
1.458074154179205386e-03
1.461217771338298469e-03
1.464341306635401612e-03
1.467470359716933990e-03
1.470628533368587660e-03
1.473836595997701782e-03
1.477109824108144894e-03
1.480454172426178341e-03
1.483862532416071155e-03
1.487312524819596384e-03
1.490766939035059269e-03
1.494177647448794192e-03
1.497492859603084033e-03
1.500666826642565272e-03
1.503670456176655831e-03
1.506500726588446987e-03
1.509186996914311119e-03
1.511792594386365948e-03
1.514410872865903793e-03
1.517156000181736977e-03
1.520149547490812388e-03
1.523500833646309867e-03
1.527293993599497047e-03
1.531579431125458177e-03
1.536357794966056872e-03
1.541583233399439548e-03
1.547174209561741343e-03
1.553014407825127315e-03
1.558969346738999168e-03
1.564911416590728920e-03
1.570728580853586335e-03
1.576323917471412128e-03
1.581623016173571480e-03
1.586561263773383565e-03
1.591040873585610480e-03
1.594915610551144499e-03
1.597985647254418582e-03
1.599987956649512625e-03
1.600667144319160851e-03
1.599879484593520057e-03
1.597677735334861182e-03
1.594411111559908452e-03
1.590753977881542540e-03
1.587629658765131761e-03
1.586086575260432611e-03
1.587128402457687769e-03
1.591521552786917407e-03
1.599639185846018184e-03
1.611363469256389376e-03
1.626022159456948918e-03
1.642406473669713379e-03
1.658900536216879971e-03
1.673670411144174194e-03
1.684944989215347941e-03
1.691337497920293110e-03
1.692098262636998907e-03
1.687286003457565695e-03
1.677797301878811631e-03
1.665241305588166564e-03
1.651717505344298988e-03
1.639528675310204580e-03
1.630878448261392950e-03
1.627591606277543424e-03
1.630883806871002593e-03
1.641197375497495566e-03
1.658117251719928072e-03
1.680398659782421020e-03
1.706093124258219922e-03
1.732764503472474784e-03
1.757771902520549601e-03
1.778555103357839454e-03
1.792907960120234886e-03
1.799204709794185444e-03
1.796566576826341992e-03
1.784989614265592882e-03
1.765406100127370551e-03
1.739681464235715925e-03
1.710529525799038770e-03
1.681314047991295342e-03
1.655752811371309684e-03
1.637532918448171386e-03
1.629874572623681234e-03
1.635099318836416137e-03
1.654248755487163153e-03
1.686810320311512516e-03
1.730588829031152022e-03
1.781770786444534724e-03
1.835202801132510128e-03
1.884877402276877254e-03
1.924613511116860139e-03
1.948843389413917795e-03
1.953411651726992201e-03
1.936279750324811132e-03
1.898003618132691403e-03
1.841913605578730101e-03
1.773945063820098157e-03
1.702108774088729667e-03
1.635654277515979438e-03
1.584002076435702322e-03
1.555562114592937487e-03
1.556580283123089326e-03
1.590161748953709906e-03
1.655614183900470287e-03
1.748216077316632183e-03
1.859478785770292712e-03
1.977897699678410424e-03
2.090127381814076233e-03
2.182473717691265670e-03
2.242530920791433943e-03
2.260789491940899502e-03
2.232028166724647159e-03
2.156302889512655939e-03
2.039396830338559372e-03
1.892624631259715810e-03
1.731955264779153764e-03
1.576500621231826391e-03
1.446486687409637975e-03
1.360905769354911086e-03
1.335100701137866604e-03
1.378560611923825875e-03
1.493210687804705792e-03
1.672444797385467261e-03
1.901096419336487315e-03
2.156446714388055453e-03
2.410262546852484557e-03
2.631730261635572242e-03
2.791008765969167638e-03
2.863032075248372801e-03
2.831104035495459522e-03
2.689809159830685182e-03
2.446812786602619878e-03
2.123204321344547389e-03
1.752193967887665394e-03
1.376160631131653203e-03
1.042252635335547432e-03
7.969570603463700924e-04
6.802262072334044028e-04
7.198558806810915686e-04
9.268398628357646905e-04
1.292366025614635284e-03
1.786984779305901419e-03
2.362270304194831732e-03
2.955029822285207015e-03
3.493790029695635364e-03
3.906952680129108409e-03
4.131739907065883934e-03
4.122862324127069510e-03
3.859816621428537389e-03
3.351811889469816057e-03
2.639499514564050235e-03
1.792964325038414993e-03
9.058162154226813640e-04
8.571773346287856008e-05
-5.577610224558501558e-04
-9.266043315698628546e-04
-9.475318012405019438e-04
-5.833045436427356303e-04
1.592545413399005898e-04
1.225707436601905813e-03
2.515846348075137691e-03
3.891479763048236781e-03
5.189995134812600518e-03
6.242548199019979857e-03
6.894765016032629833e-03
7.027313744072267651e-03
6.573834805414070261e-03
5.534192441729475324e-03
3.981342300882266712e-03
2.060151770860341354e-03
-2.324887804785944872e-05
-2.021836860887896506e-03
-3.675919770726466737e-03
-4.745269019617827204e-03
-5.040436301470085576e-03
-4.449431371420700838e-03
-2.957663992186055670e-03
-6.598931676661662620e-04
2.238019147894191631e-03
5.431194412170549726e-03
8.544550056889546608e-03
1.117688066723364175e-02
1.295280534982158616e-02
1.357220876285309547e-02
1.284979847125227934e-02
1.074404833425248069e-02
7.378117807793778057e-03
3.049901584372116930e-03
-1.780439830824036068e-03
-6.536453534088370980e-03
-1.060168463883081821e-02
-1.340702796428667326e-02
-1.450578417124971306e-02
-1.362291617594262733e-02
-1.068370367114045150e-02
-5.840359596605309254e-03
4.991932723168257622e-04
7.666134905956858807e-03
1.478439359628099144e-02
2.089551702599969432e-02
2.512344702118967515e-02
2.681419997653110635e-02
2.559568295705128005e-02
2.137391124632613548e-02
1.435541571023513270e-02
5.127092918051596310e-03
-5.294196828359465368e-03
-1.554913112576448639e-02
-2.417510623885246041e-02
-2.991456571613394094e-02
-3.195811843363537824e-02
-2.997630920111578334e-02
-2.398979795833564369e-02
-1.434614276466628785e-02
-1.865759455625305534e-03
1.200268475653204145e-02
2.522205699165564960e-02
3.560839673443016995e-02
4.153020280637527428e-02
4.232715329075287941e-02
3.810986457676276279e-02
2.937486865720601720e-02
1.694180423776473279e-02
2.103815380039044270e-03
-1.326293207305340172e-02
-2.686965960053320362e-02
-3.656185693357614369e-02
-4.098453545759856570e-02
-3.993445315230573917e-02
-3.407359082817394691e-02
-2.433332876088196289e-02
-1.177923811896734556e-02
2.226146067256031501e-03
1.600671793135320653e-02
2.781637269762339201e-02
3.610475042233612236e-02
3.982670928237229402e-02
3.886028222892898287e-02
3.387008100585214843e-02
2.579358029971071456e-02
1.553401035058732046e-02
3.988289654425207498e-03
-7.794209189556428573e-03
-1.866512433300504190e-02
-2.746690132287686950e-02
-3.307817884827158467e-02
-3.478333337866219149e-02
-3.264560548366900183e-02
-2.725125263468879122e-02
-1.930095106058489843e-02
-9.479356590155486526e-03
1.423312362227502044e-03
1.242463781422345134e-02
2.237818547528678398e-02
2.997386108878653116e-02
3.399806241722942018e-02
3.386250758872198785e-02
2.986160682337565819e-02
2.278854885087414073e-02
1.353274538368470607e-02
3.047442951327336818e-03
-7.580086803653997285e-03
-1.721112638988387886e-02
-2.475853421351980818e-02
-2.924044343431177889e-02
-3.003530608611241354e-02
-2.714228508742960733e-02
-2.113972533488401098e-02
-1.284519451963467805e-02
-3.143902211916932421e-03
6.975844807438953514e-03
1.642388801389254790e-02
2.415827634515805081e-02
2.932457145015790120e-02
3.129772541553634685e-02
2.985230009191765579e-02
2.522931384825409171e-02
1.802190815269977958e-02
8.998939597811492219e-03
-9.529711410431317576e-04
-1.079677773015493523e-02
-1.939632584234924836e-02
-2.569749771221574441e-02
-2.892876115084437247e-02
-2.871123196470866043e-02
-2.512644394272105577e-02
-1.862636482302905752e-02
-9.913205596767164784e-03
1.518956716142915873e-04
1.054290066057665329e-02
2.005484241818003902e-02
2.743540838661774270e-02
3.164076073092306207e-02
3.213354908110646613e-02
2.895179826388807887e-02
2.257607825724773989e-02
1.377064635457412277e-02
3.504369385308219158e-03
-7.118498462242592306e-03
-1.689328273779682615e-02
-2.460094099349821942e-02
-2.921787335954885781e-02
-3.015249386381941427e-02
-2.740009404173105942e-02
-2.141252616750099688e-02
-1.290823488466622676e-02
-2.785312118662143337e-03
7.884502180886170455e-03
1.791900685152181955e-02
2.612597553065382910e-02
3.143564089074303569e-02
3.315913622557789542e-02
3.115535599524146132e-02
2.578546255274088289e-02
1.772073676793603503e-02
7.823769589377799552e-03
-2.884941566445267669e-03
-1.323516490603927898e-02
-2.200384852400986621e-02
-2.808149793709955114e-02
-3.066401369056610468e-02
-2.948173869961834281e-02
-2.480004015361670158e-02
