-3.946391765774970785e-07
-1.282842749354880108e-06
-1.734227948385571733e-06
-1.947457028841524654e-06
-2.675856214602432978e-06
-3.122923194921968106e-06
-3.269487636962731544e-06
-3.836608230287254528e-06
-4.270487724339263763e-06
-4.396491159110825763e-06
-4.806532444788324259e-06
-5.220999794638102490e-06
-5.337040497843845292e-06
-5.614979975084402088e-06
-5.993303796621810776e-06
-6.102375861461158414e-06
-6.275573152794083770e-06
-6.602514959238097198e-06
-6.700208726977680499e-06
-6.798163280433428640e-06
-7.057200515985255409e-06
-7.140908248492010053e-06
-7.186903709146995336e-06
-7.363513486704874452e-06
-7.437812367964038517e-06
-7.437507602196407236e-06
-7.534206740200174318e-06
-7.596078664498139758e-06
-7.548943688034812130e-06
-7.581801399483032901e-06
-7.613453814959412616e-06
-7.530070512989293705e-06
-7.507039463163126665e-06
-7.494448957287818632e-06
-7.387082886530865972e-06
-7.307172772618582247e-06
-7.248884958688122819e-06
-7.118947034325606114e-06
-6.985188894859818275e-06
-6.881907230928192565e-06
-6.726365857357742471e-06
-6.544366474324513262e-06
-6.397042224540812512e-06
-6.211700289413472204e-06
-5.987845452315848210e-06
-5.798045406428558834e-06
-5.577778529568517211e-06
-5.321180606544137494e-06
-5.086527517831398518e-06
-4.832523898831317921e-06
-4.547684236149162167e-06
-4.267922576468011099e-06
-3.985153708255660568e-06
-3.670798852368823701e-06
-3.353183073547813731e-06
-3.042602965626941127e-06
-2.700210031195820111e-06
-2.353306542977739657e-06
-2.014475695070317258e-06
-1.649776215879180893e-06
-1.279597214892150424e-06
-9.153238966454828514e-07
-5.348904305088895253e-07
-1.466837998816136271e-07
2.367547178826914302e-07
6.267438650217585331e-07
1.026616381705155635e-06
1.420638124403854952e-06
1.813939580153813892e-06
2.217281244458235586e-06
2.611701484746852035e-06
3.001657185362426345e-06
3.397573251924487694e-06
3.782214909433309184e-06
4.160094970254374536e-06
4.536038756071542778e-06
4.901307467281130304e-06
5.254782544471950941e-06
5.599541915841252825e-06
5.933751319143331487e-06
6.249410918792138273e-06
6.552254472094090909e-06
6.840964350196846941e-06
7.106099810327651379e-06
7.353816136840931651e-06
7.581621552043743119e-06
7.782100460728834553e-06
7.958747346699854343e-06
8.109152092067003345e-06
8.228409827553832527e-06
8.316444245510003615e-06
8.372540964232092782e-06
8.393800291138048898e-06
8.377393741034163055e-06
8.325998075893658188e-06
8.236939997324929462e-06
8.107848198915408239e-06
7.943442325545530035e-06
7.740856699311170704e-06
7.500209467688237487e-06
7.224841793324356166e-06
6.913268341951791211e-06
6.566316736282733526e-06
6.184681200166512955e-06
5.768826898513037366e-06
5.317720294599264860e-06
4.830979907368981162e-06
4.310012865936859735e-06
3.752522223223531047e-06
3.159404751064126916e-06
2.532485223132459618e-06
1.870572584549500770e-06
1.175690445487873601e-06
4.490878963597276376e-07
-3.096991184152202133e-07
-1.099858296916970515e-06
-1.921635009511137156e-06
-2.775345673366497081e-06
-3.661961146887328559e-06
-4.581965634892182329e-06
-5.535519851091930916e-06
-6.524560748074019337e-06
-7.548772411621292336e-06
-8.608865982760177676e-06
-9.706342645300082743e-06
-1.084066300391972274e-05
-1.201283899516205063e-05
-1.322320586707177088e-05
-1.447172025954665704e-05
-1.575869239893861007e-05
-1.708390813765523356e-05
-1.844764887242529485e-05
-1.984929638251773667e-05
-2.128864045248979211e-05
-2.276559819035851748e-05
-2.427891501660689404e-05
-2.582823993347584893e-05
-2.741262131129592434e-05
-2.903044153656228824e-05
-3.068074640253297896e-05
-3.236174014700706907e-05
-3.407171767236717860e-05
-3.580891492137889957e-05
-3.757123232741767661e-05
-3.935683904850360263e-05
-4.116331749433051434e-05
-4.298871258694307492e-05
-4.483083457647976574e-05
-4.668706938446312257e-05
-4.855540406732344270e-05
-5.043306580010722127e-05
-5.231741364924285680e-05
-5.420591895257398238e-05
-5.609559848318541815e-05
-5.798388240116790542e-05
-5.986801086132985113e-05
-6.174549342008469710e-05
-6.361403977177925828e-05
-6.547136411107543465e-05
-6.731570909181060713e-05
-6.914512528728033623e-05
-7.095778884442233820e-05
-7.275199222915992782e-05
-7.452556129626013094e-05
-7.627646939478184562e-05
-7.800247746396092238e-05
-7.970117334128993169e-05
-8.137035669000632272e-05
-8.300766603325507775e-05
-8.461103878644364118e-05
-8.617848892671768916e-05
-8.770818064141590960e-05
-8.919864473688766655e-05
-9.064832797242306775e-05
-9.205601191867173892e-05
-9.342050044645292418e-05
-9.474052283443082378e-05
-9.601500416055010006e-05
-9.724267393586718373e-05
-9.842235979379823022e-05
-9.955294625302813438e-05
-1.006333136788453329e-04
-1.016625677192852688e-04
-1.026397945650282383e-04
-1.035642522252467918e-04
-1.044352971513236333e-04
-1.052522675312885327e-04
-1.060146774437519251e-04
-1.067219399495351542e-04
-1.073734703993348307e-04
-1.079687331091807364e-04
-1.085071300479553653e-04
-1.089882898395908934e-04
-1.094120111617393273e-04
-1.097783753868070389e-04
-1.100878256297008423e-04
-1.103409903398589516e-04
-1.105387808727735109e-04
-1.106821599566925669e-04
-1.107720949935839380e-04
-1.112080608598721513e-04
-1.120909253576440320e-04
-1.124854902099880853e-04
-1.125960110144853755e-04
-1.131794818834786989e-04
-1.134348387439401852e-04
-1.133489626518579261e-04
-1.136433114147234450e-04
-1.137617245139481957e-04
-1.135327324075833220e-04
-1.135420599567845101e-04
-1.135053205898472903e-04
-1.131119029270695605e-04
-1.128049737140439780e-04
-1.125083938362076520e-04
-1.118389606652505643e-04
-1.111238394914585125e-04
-1.104627752792431208e-04
-1.095042574641915008e-04
-1.085241489717927397e-04
-1.077353154287220122e-04
-1.068590519136218266e-04
-1.060750993137643961e-04
-1.055742848186710242e-04
-1.051364179081749482e-04
-1.047799824648151307e-04
-1.046545492306859737e-04
-1.046053253618330623e-04
-1.045296944804948147e-04
-1.045875865417475377e-04
-1.046741181936899505e-04
-1.046562939985773232e-04
-1.046902761022791984e-04
-1.047138880448032734e-04
-1.046191413844818494e-04
-1.045255362713035070e-04
-1.044332697103103001e-04
-1.042633836869898145e-04
-1.040943684234846419e-04
-1.039739487243460613e-04
-1.038330523127943756e-04
-1.037045564745914722e-04
-1.036536917842124797e-04
-1.036103150553396109e-04
-1.035729432227489331e-04
-1.036078245310026778e-04
-1.036446600004451644e-04
-1.036687544624870433e-04
-1.037229626174030459e-04
-1.037530145774546617e-04
-1.037336008447849411e-04
-1.036865558533136368e-04
-1.035978028519316961e-04
-1.034394105700427906e-04
-1.032467815839024775e-04
-1.030452236156117996e-04
-1.028162839450084422e-04
-1.026070299323887636e-04
-1.024460617766002890e-04
-1.023120358564598697e-04
-1.022299846537741522e-04
-1.022105343560968452e-04
-1.022315482977183894e-04
-1.022992875318659968e-04
-1.024236127591776591e-04
-1.025889367170470287e-04
-1.027782323654454725e-04
-1.029812373708076975e-04
-1.031549887885104292e-04
-1.032445873058760404e-04
-1.032289851309531803e-04
-1.030826814939261919e-04
-1.028042866956990146e-04
-1.024489477620706937e-04
-1.020722530431229352e-04
-1.017339203865303326e-04
-1.014898645602577799e-04
-1.013603391329573447e-04
-1.013321315352116216e-04
-1.013795702946986921e-04
-1.014866890428448595e-04
-1.016442979752416807e-04
-1.018742546111952804e-04
-1.022160004089871466e-04
-1.026764498196665993e-04
-1.032257287956375019e-04
-1.037797178154248269e-04
-1.041996021843907816e-04
-1.043482839551304028e-04
-1.041412247796021356e-04
-1.035866703216425336e-04
-1.028046887570465816e-04
-1.019995041462874849e-04
-1.013895158552093664e-04
-1.011200288931094838e-04
-1.012141982538141869e-04
-1.015595669235993956e-04
-1.019575462707556808e-04
-1.022372551147571770e-04
-1.023458203162009092e-04
-1.023987305465330486e-04
-1.026499086123413846e-04
-1.033629436032984885e-04
-1.046520562603768235e-04
-1.063570353839649621e-04
-1.080320515598972870e-04
-1.090766470358894640e-04
-1.089815701369856155e-04
-1.075969402338142997e-04
-1.052769938750815719e-04
-1.028242178344567344e-04
-1.012099892045322105e-04
-1.011561542553121693e-04
-1.027748906116539805e-04
-1.054420241564156622e-04
-1.080105534935445400e-04
-1.093253127313809265e-04
-1.088257874574521255e-04
-1.069508256267794792e-04
-1.050941514188582804e-04
-1.050471968965634243e-04
-1.081121188268332448e-04
-1.142698347042803717e-04
-1.218588364661794544e-04
-1.280297640609453624e-04
-1.299112986631737246e-04
-1.260516325333991021e-04
-1.174531405212789138e-04
-1.076024146693786997e-04
-1.012713697448613964e-04
-1.024425006184539783e-04
-1.122292925553463754e-04
-1.278300365256966663e-04
-1.432410574248347776e-04
-1.517009052203178673e-04
-1.489736036135954928e-04
-1.359911516779053900e-04
-1.193889551631489084e-04
-1.092320398594876456e-04
-1.144996514584018611e-04
-1.381732767726160359e-04
-1.743899392405356887e-04
-2.095571562263973510e-04
-2.276663484506610781e-04
-2.179544937830488129e-04
-1.815275188336736001e-04
-1.333880399265705040e-04
-9.783714377321650916e-05
-9.816173588316921741e-05
-1.447140515724759419e-04
-2.272070568250855662e-04
-3.159651576269743812e-04
-3.731210124799368101e-04
-3.700201480206757247e-04
-3.034680147053735177e-04
-2.025724359560055734e-04
-1.206685327635224843e-04
-1.129331609623938156e-04
-2.080610923251874518e-04
-3.879195261820236494e-04
-5.877388494028536929e-04
-7.202564712846876637e-04
-7.154934728699360131e-04
-5.597047092721436825e-04
-3.147689967822295026e-04
-1.034615156372424490e-04
-5.883155489517170850e-05
-2.565324513120896045e-04
-6.651239388262887315e-04
-1.144267659525677371e-03
-1.496267643531523552e-03
-1.552156242423515355e-03
-1.259352022036466009e-03
-7.320085053422068031e-04
-2.300108473980501693e-04
-5.530515940359971512e-05
-3.982572393076697147e-04
-1.213402058763010877e-03
-2.206034317308139779e-03
-2.949270754656175587e-03
-3.076989533026066887e-03
-2.467326742482049522e-03
-1.348743151792308010e-03
-2.691601068136675076e-04
1.252024506315969367e-04
-5.599579231159575133e-04
-2.205431671371135653e-03
-4.189332231598448357e-03
-5.662983154815936886e-03
-5.939154700756807057e-03
-4.810336530652783125e-03
-2.719248195485791247e-03
-6.834253391981514290e-04
1.426891374455764203e-04
-8.758315078107155533e-04
-3.378038067917012166e-03
-6.153887023039286870e-03
-7.871325519236761423e-03
-7.742018116096954783e-03
-5.789345441771400272e-03
-2.908808132445972732e-03
-5.241340929215849162e-04
1.520271475246088753e-04
-1.257407809502735343e-03
-4.053020993894815467e-03
-6.786489748907276187e-03
-8.136814919215024436e-03
-7.611746419515957526e-03
-5.554100499822330408e-03
-2.912619018007887688e-03
-8.490676002863561120e-04
-2.042435424841704348e-04
-1.156778592671639213e-03
-3.164068362768998350e-03
-5.169148183283424174e-03
-6.204449655733256658e-03
-5.928553551310659052e-03
-4.588572446073599896e-03
-2.740772669563303933e-03
-1.063899863682609033e-03
-1.816126357340256119e-04
-4.307241164396913898e-04
-1.733083204290156469e-03
-3.538169847387640388e-03
-4.992332684148916705e-03
-5.463388327615718854e-03
-4.855942253207447441e-03
-3.476617188178130185e-03
-1.843911745881138915e-03
-5.610143332181792650e-04
-1.303570816220602922e-04
-7.721192657735298503e-04
-2.280063129403459444e-03
-3.928305728564185535e-03
-4.830764753754074325e-03
-4.592599163979521962e-03
-3.440422645351143022e-03
-1.903594058225391078e-03
-5.982362977256716272e-04
-3.981207755840950789e-05
-4.414383305284273252e-04
-1.633724936072904329e-03
-3.103773297354533566e-03
-4.136631098897796191e-03
-4.228614701075745531e-03
-3.407397315228467404e-03
-2.089393995729674214e-03
-8.305756632396039257e-04
-1.520190075556093322e-04
-3.269368892650876754e-04
-1.273603434418533152e-03
-2.608421759172802404e-03
-3.750575181464033386e-03
-4.158999839971691190e-03
-3.660760449501948132e-03
-2.505842138218731911e-03
-1.178737960912372039e-03
-2.253726440325274998e-04
-6.564274180541157749e-05
-7.819608009812168466e-04
-2.080432214004167800e-03
-3.400591984276808612e-03
-4.133808593476875383e-03
-3.943364789242297802e-03
-2.943214530068368525e-03
-1.587872382956969242e-03
-4.579604425006565454e-04
-6.406331159135236970e-05
-6.404748309469159104e-04
-1.978337914191212032e-03
-3.474489031528250373e-03
-4.410769938387027952e-03
-4.342237103803901765e-03
-3.332782790546981889e-03
-1.865828300461217035e-03
-5.732697867752850618e-04
-2.386330066415251903e-06
-4.199230987470897129e-04
-1.664954642347635542e-03
-3.172250741020022410e-03
-4.230323100640575977e-03
-4.347976337073675319e-03
-3.499832341257876588e-03
-2.101400080036683240e-03
-7.793411423282210586e-04
-1.052996066400684294e-04
-3.954684093385367558e-04
-1.569081547335582621e-03
-3.129168380002060081e-03
-4.352549884035251948e-03
-4.665716257603817925e-03
-3.949432455900557006e-03
-2.550661673718424872e-03
-1.072804525338702129e-03
-1.328825820242513509e-04
-1.344144996504386899e-04
-1.098914512091078623e-03
-2.614940941659221578e-03
-3.983296883683881164e-03
-4.557562851757129482e-03
-4.091183289490389098e-03
