9.999945667247784886e-01
9.999865226337708579e-01
9.999819338173125960e-01
9.999748073356733435e-01
9.999684225713789676e-01
9.999629370031737352e-01
9.999555694750695833e-01
9.999503745868081328e-01
9.999433984006692588e-01
9.999371602101380097e-01
9.999316764238173061e-01
9.999241985192913740e-01
9.999190475991561744e-01
9.999124509820755957e-01
9.999058059319023695e-01
9.999005504856686155e-01
9.998934625068146564e-01
9.998878509844685292e-01
9.998816857797320212e-01
9.998751799083714920e-01
9.998697761097885550e-01
9.998629963116620889e-01
9.998574536172978311e-01
9.998514319522948668e-01
9.998449873145650590e-01
9.998397809008210402e-01
9.998332448994671218e-01
9.998276017843893415e-01
9.998219774837946439e-01
9.998156733731446977e-01
9.998104436850255849e-01
9.997950665870077858e-01
9.997748516663205187e-01
9.997536155184123530e-01
9.997311689937811163e-01
9.997078025119632283e-01
9.996832837601393740e-01
9.996577154978492086e-01
9.996311508750796992e-01
9.996034987061509502e-01
9.995749527625140685e-01
9.995453847635101807e-01
9.995149773963820650e-01
9.994837856956035882e-01
9.994517593272549405e-01
9.994191818031550323e-01
9.993859835391603053e-01
9.993522970743762279e-01
9.993183075855286424e-01
9.992839746637488529e-01
9.992495231094470354e-01
9.992149943559953673e-01
9.991804810965523309e-01
9.991461384869472218e-01
9.991119562568382406e-01
9.990781254680973777e-01
9.990446518600956116e-01
9.990116009628611238e-01
9.989791197768169706e-01
9.989471473351496655e-01
9.989158225650078826e-01
9.988851640577656177e-01
9.988551619107622903e-01
9.988259215700453497e-01
9.987973841603692282e-01
9.987696121020376294e-01
9.987425992902572158e-01
9.987163104398905089e-01
9.986907995796261428e-01
9.986659798274628574e-01
9.986418768165441495e-01
9.986184689964194838e-01
9.985956879247566143e-01
9.985735756233640181e-01
9.985520663274525255e-01
9.985311655213688908e-01
9.985108922611718452e-01
9.984912179848774993e-01
9.984722124348556216e-01
9.984538834614593572e-01
9.984362938629145479e-01
9.984195317587405416e-01
9.984036378546433665e-01
9.983887474939961981e-01
9.983749339160176151e-01
9.983623005294290920e-01
9.983504431277918645e-01
9.983397417445334376e-01
9.983305101173252094e-01
9.983228372676221651e-01
9.983167971306059485e-01
9.983124683405975031e-01
9.983098952162523521e-01
9.983091381980820911e-01
9.983102339032553507e-01
9.983132260725505747e-01
9.983181869684071286e-01
9.983251799485052258e-01
9.983343326596393341e-01
9.983458142981547212e-01
9.983598531265956977e-01
9.983767930409203073e-01
9.983970707255926946e-01
9.984212724824018670e-01
9.984501366298385028e-01
9.984845534416333379e-01
9.985255772038368338e-01
9.985743636780572974e-01
9.986321478454511791e-01
9.987001590117526861e-01
9.987795317671938067e-01
9.988712574924885068e-01
9.989719677079670346e-01
9.990849606200287170e-01
9.992113151143493521e-01
9.993509308633465871e-01
9.993086613837034449e-01
9.992191904524437840e-01
9.991276079309385771e-01
9.990340237024505354e-01
9.989237004443157764e-01
9.988068214837931835e-01
9.986874455243857085e-01
9.985606764724648254e-01
9.984198119281659789e-01
9.982655222976198894e-01
9.980863552565207852e-01
9.979040403785671698e-01
9.977019009684189310e-01
9.974709322452414151e-01
9.972089020846369722e-01
9.969419536481654021e-01
9.966708849411795024e-01
9.963966664559374964e-01
9.961204248082785595e-01
9.958433807291587891e-01
9.955668072618557574e-01
9.952919626799212605e-01
9.950162015562385998e-01
9.947387293447921275e-01
9.944660601893242635e-01
9.941990109210052662e-01
9.939382405088857952e-01
9.936842754050306814e-01
9.934375621638604770e-01
9.931985090611700207e-01
9.929675404482395384e-01
9.927451278733296913e-01
9.925317963564671553e-01
9.923281175797313836e-01
9.921346640997322774e-01
9.919519589276611926e-01
9.917804125037141816e-01
9.916199362513548055e-01
9.914680633982232427e-01
9.913276296300862489e-01
9.911981335871992149e-01
9.910788421562669592e-01
9.909688505874361120e-01
9.908671727034793486e-01
9.907728311762410423e-01
9.906849475732899535e-01
9.906028129162153251e-01
9.905259229289229417e-01
9.904539867868064063e-01
9.903868953603999215e-01
9.903246656524867797e-01
9.902673707410628579e-01
9.902150612040711009e-01
9.901677028631118427e-01
9.901251303521669822e-01
9.900870292365978598e-01
9.900529487329035039e-01
9.900223333975278761e-01
9.899945753823032879e-01
9.899690671324593572e-01
9.899452471681601251e-01
9.899226335119557518e-01
9.899008332347005723e-01
9.898795382373277718e-01
9.898585062854401428e-01
9.898375365991946007e-01
9.898164522972476842e-01
9.897950896802216736e-01
9.897733048389950605e-01
9.897509923820718702e-01
9.897281108603201982e-01
9.897047105079693763e-01
9.896809472845427003e-01
9.896570802811426315e-01
9.896334449941069922e-01
9.896104015284592492e-01
9.895882683835267590e-01
9.895672476059739209e-01
9.895466021911959453e-01
9.895264295689726319e-01
9.895066883137030311e-01
9.894867584446567221e-01
9.894658856837776906e-01
9.894432702667286250e-01
9.894181186016652862e-01
9.893900817710340467e-01
9.893587380140292931e-01
9.893238006545245211e-01
9.892862647261769782e-01
9.892462654341824813e-01
9.892043145076967470e-01
9.891621267744827861e-01
9.891198577355098109e-01
9.890783740422113279e-01
9.890386970817135470e-01
9.890008729565515910e-01
9.889655390347334984e-01
9.889332468750620109e-01
9.889050041863729490e-01
9.888819625442044625e-01
9.888657168387186003e-01
9.888582289416294469e-01
9.888600005797344439e-01
9.888708866123002705e-01
9.888888456546116590e-01
9.889091288639658694e-01
9.889260499249542535e-01
9.889327037641794105e-01
9.889223708340035834e-01
9.888901323236197749e-01
9.888334134497547279e-01
9.887531006696189673e-01
9.886535658953645722e-01
9.885428903262911682e-01
9.884318639677461826e-01
9.883323380924957657e-01
9.882561122602957493e-01
9.882121277595796727e-01
9.882050064522476251e-01
9.882343714834380677e-01
9.882939779950979942e-01
9.883731079163152744e-01
9.884578467721067963e-01
9.885329177936568179e-01
9.885839423579770857e-01
9.885989767139760076e-01
9.885704144166572727e-01
9.884957093756677748e-01
9.883779514863180182e-01
9.882258569519407621e-01
9.880524144466404923e-01
9.878738104418185451e-01
9.877074392868161468e-01
9.875698499085417970e-01
9.874752831661087749e-01
9.874339496015724915e-01
9.874511091598818791e-01
9.875262877670860640e-01
9.876528291208036547e-01
9.878181886779218157e-01
9.880043042580873847e-01
9.881891159588819251e-01
9.883484954551869928e-01
9.884585677571086082e-01
9.884987936249359786e-01
9.884545243641813528e-01
9.883195076755095787e-01
9.880977163089406101e-01
9.878039656731013585e-01
9.874636120210509294e-01
9.871105656475476220e-01
9.867841144587451430e-01
9.865245036916849841e-01
9.863676557452168980e-01
9.863401256835803155e-01
9.864544189256974072e-01
9.867059497478459784e-01
9.870720480400773100e-01
9.875130458293547298e-01
9.879759837919863674e-01
9.883567507249521045e-01
9.886307186271620084e-01
9.887627484499726949e-01
9.887184654056879740e-01
9.884825907851358950e-01
9.880624244862329375e-01
9.874887477061065066e-01
9.868140043212040302e-01
9.860490356447635385e-01
9.853147105027008079e-01
9.847152154531040313e-01
9.843308108999844208e-01
9.842131293293392424e-01
9.844149189727630089e-01
9.849269174337238475e-01
9.856973049728553482e-01
9.866569101757050042e-01
9.876431679725188317e-01
9.885216910289679193e-01
9.892345069159071969e-01
9.894040190481021568e-01
9.892794980060121146e-01
9.889512573884317037e-01
9.884330795549023385e-01
9.875796767028295342e-01
9.862003759940480840e-01
9.846853656862883941e-01
9.830484921794011566e-01
9.816023772670279257e-01
9.804961008950967560e-01
9.799983779213415902e-01
9.802250780409978992e-01
9.812132988831021585e-01
9.829088277612922919e-01
9.850868926368950840e-01
9.874020502455655990e-01
9.892955143970652010e-01
9.896186751310714902e-01
9.891800915659088034e-01
9.885986953491416873e-01
9.879838972886718640e-01
9.873999002341057318e-01
9.868858756557186140e-01
9.857929442161004197e-01
9.829129216111907041e-01
9.792243663934934172e-01
9.755629133963311661e-01
9.726913698214578741e-01
9.711342007647119079e-01
9.712067052910031695e-01
9.730507295086987529e-01
9.766000643505288181e-01
9.815686103441599863e-01
9.872180506892677121e-01
9.901552260535400052e-01
9.892916302169039167e-01
9.878802887576849656e-01
9.863940371888552106e-01
9.850052230680297338e-01
9.838881955144760383e-01
9.831958214913222305e-01
9.827667546499430085e-01
9.809040218205714590e-01
9.726580696907435319e-01
9.636883588077476137e-01
9.563624178347599480e-01
9.518299972465569248e-01
9.509263894154609265e-01
9.541151186360897762e-01
9.613928229604259412e-01
9.722408542663780739e-01
9.856363689125120509e-01
9.920821074935368689e-01
9.851348628087180925e-01
9.729813904738607855e-01
9.650315969792832016e-01
9.627177789461925927e-01
9.669020866637048073e-01
9.748905080334766549e-01
9.748058936147605547e-01
9.749841856306531440e-01
9.617728978845382359e-01
9.401934899458439521e-01
9.218253926873640758e-01
9.094244833967045638e-01
9.051137515581019199e-01
9.102102425612721426e-01
9.250031103752466288e-01
9.485957852426998294e-01
9.788446501420343671e-01
9.870731859829393606e-01
9.521493482282707976e-01
9.222195521347874569e-01
9.011901115225924297e-01
8.924964660275253037e-01
8.985535337940866452e-01
9.200299558181593840e-01
9.555507542505258245e-01
9.592621745986482651e-01
9.455698100593548094e-01
8.964339102020962846e-01
8.536080963647745268e-01
8.238229067820443952e-01
8.114868811850979302e-01
8.196458030001622097e-01
8.495674597915237047e-01
8.987511405324272173e-01
9.632648156190559696e-01
9.610964858807480304e-01
8.857125395603985263e-01
8.219170833114950447e-01
7.777933341539063905e-01
7.601618583217211178e-01
7.729295924261789796e-01
8.162112115707667037e-01
8.883624808417832641e-01
9.273872095106209246e-01
9.130817653938736456e-01
8.231708895666147718e-01
7.500730908244028772e-01
7.045018010213185411e-01
6.952244003237532111e-01
7.239743315817367408e-01
7.864437977050956485e-01
8.742985112957366578e-01
9.266852406926953112e-01
9.003325338965235680e-01
8.027597403698137901e-01
7.310638364130737088e-01
6.967290546275132224e-01
7.005194931500764444e-01
7.395841078251527145e-01
8.096148751683557299e-01
9.026587562117937003e-01
9.043474048912232277e-01
8.818519730640317356e-01
8.052694880234863017e-01
7.471964245762957590e-01
7.192368612272816986e-01
7.231999231451103904e-01
7.572220996469328780e-01
8.135693365141356548e-01
8.831541422419317833e-01
9.240773515314352204e-01
9.185947646937363542e-01
8.633042017803052026e-01
7.985736041167088572e-01
7.567564441968449573e-01
7.431963404457530009e-01
7.564729500836674392e-01
7.948849635881012343e-01
8.524560208262779160e-01
9.237820925586540666e-01
9.271979613341301274e-01
9.085666043039611894e-01
8.433034807799003607e-01
7.900335825142453805e-01
7.607799221412859803e-01
7.596805798920566177e-01
7.874587572052130779e-01
8.377609242813046642e-01
9.016899557427661138e-01
9.405296315702769139e-01
9.339969945817981900e-01
8.738362881668543247e-01
8.183392476644354430e-01
7.849671475183658265e-01
7.779932378277257810e-01
7.974153048496117613e-01
8.409035708983112478e-01
9.014172785321811210e-01
9.356329779553365089e-01
9.328515386119156094e-01
8.848708395866659027e-01
8.308984677876604108e-01
7.945795628204191940e-01
7.797225717789010302e-01
7.885406867442763534e-01
8.210599551528622309e-01
8.711139795120661500e-01
9.330647334111148439e-01
9.470705860187778047e-01
9.202580367082108248e-01
8.577159587628652160e-01
8.111876266579334249e-01
7.869855165246507633e-01
7.869422438948980858e-01
8.119778642180707218e-01
8.595206001160128340e-01
9.230098337461265512e-01
9.388954064947133693e-01
9.227767460598773619e-01
8.595488293530101354e-01
8.078273817619816555e-01
7.778404661523586894e-01
7.724850691286165860e-01
7.942598126484992083e-01
8.394369856989671863e-01
9.006279550407780832e-01
9.440786031566394954e-01
9.387154186226884800e-01
8.761084871076232350e-01
8.193906988619044096e-01
7.850349974246262352e-01
7.769377065351591449e-01
7.953768082930178229e-01
8.387539324254593698e-01
9.008498230032750964e-01
9.354471510807379486e-01
9.311405018998595295e-01
8.744362864434006566e-01
8.170782266425870022e-01
7.796448095762934516e-01
7.657189153876740040e-01
7.785553551906164715e-01
8.166656742752395060e-01
8.729457554680650766e-01
9.406852897625962440e-01
9.435491919390202042e-01
9.029315678329821182e-01
8.385579339417523759e-01
7.935701160756779560e-01
7.740386661836520243e-01
7.805130142466568666e-01
8.137986868870271673e-01
