5.411896097300000008e+01
3.221538915300000383e+01
3.618193789400000071e+01
3.620677201600000217e+01
4.273585182000000060e+01
4.386714011900000543e+01
4.346944489900000264e+01
4.322108152400000591e+01
4.320559419800000001e+01
4.309219378899999953e+01
4.285649795600000544e+01
4.303225750400000038e+01
4.271657913500000348e+01
4.179965810500000600e+01
4.288395564500000035e+01
4.135366109099999932e+01
4.243105201100000556e+01
4.188655183899999912e+01
4.136848594399999968e+01
4.116030861600000179e+01
4.183234453400000064e+01
4.197037087600000405e+01
4.203072645900000026e+01
4.158791410999999982e+01
4.136098952600000445e+01
4.141784445200000420e+01
4.140220988800000157e+01
4.135581578400000069e+01
4.207232533300000199e+01
4.146281850400000479e+01
4.397338050400000498e+01
4.654106336699999957e+01
4.643181204200000423e+01
5.862633291100000577e+01
5.878244402500000376e+01
5.822197393700000134e+01
5.813839389700000027e+01
5.561025359700000337e+01
5.549939910100000162e+01
5.490495650900000157e+01
5.528196307400000364e+01
5.511943717400000509e+01
5.422508233599999983e+01
5.823210016000000167e+01
5.760395730300000139e+01
5.846729551200000685e+01
5.454246258900000299e+01
5.108186257800000618e+01
5.187156527400000527e+01
5.145954956500000321e+01
5.072703032600000483e+01
5.135648120400000494e+01
5.036257939600000100e+01
5.129412961500000279e+01
5.080458240500000500e+01
5.138641855300000572e+01
5.207698293199999995e+01
5.144107271000000026e+01
5.122890800100000064e+01
5.320036162200000263e+01
5.354990585900000610e+01
3.518847395800000299e+01
3.632403641200000521e+01
3.684927640900000512e+01
3.945266365800000585e+01
5.240436291299999993e+01
5.159761148800000541e+01
5.541655102900000429e+01
5.590452025300000116e+01
5.087431546800000604e+01
4.998264229600000164e+01
5.032727306700000014e+01
4.999834133400000269e+01
5.064709792300000402e+01
4.991580817800000602e+01
4.956501725700000094e+01
5.495955807300000373e+01
5.498534459900000115e+01
5.535695233500000256e+01
5.465293735400000230e+01
5.456431433400000230e+01
5.432454231800000599e+01
5.491565162700000258e+01
5.447883104699999990e+01
5.443419471200000004e+01
5.437801351100000602e+01
5.446491241800000438e+01
5.440028390500000199e+01
5.593989633700000041e+01
5.514401021300000139e+01
5.509953218800000485e+01
5.444160699400000425e+01
5.459015752400000565e+01
5.461118757900000276e+01
5.494876629700000592e+01
5.532501287900000619e+01
5.454485422700000186e+01
5.235146709800000053e+01
5.758193184300000667e+01
5.773834159200000471e+01
5.883176112300000682e+01
5.880106019100000481e+01
5.788979130600000644e+01
5.837801694400000230e+01
5.800586836300000471e+01
5.895326249000000018e+01
5.807199903600000113e+01
5.799427418400000533e+01
5.781691895700000572e+01
5.660153832500000703e+01
5.713079840300000001e+01
5.838208043000000202e+01
5.779777734600000372e+01
5.877658574600000208e+01
5.854204576100000423e+01
5.862094449100000304e+01
5.924504676600000153e+01
5.863162933100000629e+01
5.788532901200000680e+01
5.772881022100000337e+01
5.725581880400000045e+01
5.803174408800000350e+01
5.840306232300000033e+01
5.831220089600000023e+01
5.810819332400000548e+01
5.727167621100000616e+01
5.820753345100000331e+01
5.827777940900000431e+01
5.745522158400000023e+01
5.762936109100000692e+01
5.762335907000000645e+01
5.814857353700000431e+01
5.953638907900000277e+01
5.759300164200000438e+01
5.844937613000000454e+01
5.907458452600000243e+01
5.814125595900000576e+01
5.786953619000000515e+01
5.856768030100000288e+01
5.739903469100000422e+01
5.787945566700000199e+01
5.938724401700000044e+01
5.779833508600000158e+01
5.823047687700000097e+01
5.688528310300000612e+01
4.418961576200000252e+01
5.761370054100000004e+01
5.753232468200000227e+01
5.715361629700000634e+01
5.840258860700000554e+01
5.747293761400000278e+01
5.807028781400000383e+01
5.833693978100000521e+01
5.834595113100000674e+01
5.902887572100000568e+01
5.867285977300000610e+01
5.871741562800000480e+01
5.831702130500000436e+01
5.920393019500000520e+01
5.709771555900000095e+01
5.822642578800000024e+01
5.795358121200000312e+01
5.795377380100000408e+01
5.817648539700000043e+01
5.881789315000000329e+01
5.871320766400000224e+01
5.844119656100000526e+01
5.846628259100000236e+01
5.741043279200000171e+01
5.768021696800000342e+01
5.782511847000000671e+01
5.792109433300000632e+01
5.960662593600000037e+01
5.846409634000000466e+01
5.865204328200000106e+01
5.866012865600000481e+01
5.904984612300000180e+01
5.729488695800000642e+01
5.901823405600000427e+01
5.835445563100000044e+01
5.933896085600000703e+01
5.830999393300000122e+01
5.782661043700000647e+01
5.813802435900000631e+01
5.821966184500000452e+01
5.804254939600000540e+01
5.797980802200000028e+01
5.872874621700000120e+01
5.738702799800000065e+01
5.956830645000000146e+01
5.884101615700000565e+01
5.910480852500000282e+01
4.332185802500000449e+01
5.744203107500000272e+01
5.787311905300000348e+01
5.763206343300000611e+01
4.613691159500000083e+01
4.535440499999999986e+01
4.569567246000000438e+01
4.515445420300000023e+01
4.582330152300000492e+01
4.618500300300000561e+01
4.657220196300000481e+01
4.683933661000000370e+01
4.685320450600000441e+01
4.663787694500000214e+01
4.681240007600000297e+01
4.704792501800000082e+01
4.705584010800000527e+01
4.751696418500000618e+01
4.573691766099999967e+01
4.688306852600000241e+01
4.661127725000000055e+01
4.685412235500000122e+01
4.739744359700000587e+01
4.738617768200000313e+01
4.686177697300000489e+01
4.598277189400000253e+01
4.698221908900000443e+01
3.579701408600000434e+01
3.550306060700000188e+01
3.542508991100000060e+01
3.595179285200000407e+01
3.578845551399999891e+01
3.607657860700000185e+01
3.576464889400000402e+01
3.578288248500000179e+01
3.546575458899999944e+01
3.428743525000000147e+01
3.514798975900000499e+01
3.553089657000000301e+01
3.525383405000000181e+01
3.528053069100000272e+01
3.432491052800000375e+01
3.577452965999999890e+01
4.652344336200000185e+01
4.658074897000000192e+01
3.529746905200000384e+01
3.520115457900000422e+01
3.617021880600000117e+01
3.473990561800000165e+01
3.559858749800000055e+01
3.530679479200000515e+01
3.570025879199999963e+01
3.482188597700000088e+01
3.514699846799999960e+01
3.576105402800000377e+01
3.587748103900000274e+01
3.550474509700000425e+01
3.527224851800000494e+01
3.484828430800000376e+01
3.260821212000000457e+01
3.264976699600000387e+01
3.279171897400000546e+01
4.341753072200000219e+01
4.400926522900000037e+01
4.380484635200000554e+01
4.392281536500000527e+01
4.372186974800000314e+01
4.375110143400000595e+01
4.444884020800000002e+01
4.347868331500000494e+01
3.326757537200000314e+01
3.281914948900000439e+01
3.366738796700000336e+01
3.294604922100000266e+01
3.371731466399999988e+01
3.271306054000000074e+01
3.342167037000000107e+01
3.313741908800000147e+01
3.276469621200000404e+01
3.308473123699999974e+01
3.271339183300000286e+01
3.265802595899999972e+01
3.243371007600000411e+01
3.297277107200000046e+01
3.240466415299999881e+01
3.291387298300000452e+01
3.198681959100000327e+01
3.307902764800000028e+01
3.227633214200000111e+01
3.302781875600000205e+01
4.333249422000000095e+01
4.470480252200000137e+01
4.509933596800000544e+01
4.402382549100000375e+01
3.334000845199999929e+01
3.360035401800000443e+01
3.309954624699999925e+01
4.413797839800000133e+01
4.421149123500000400e+01
4.335678408300000086e+01
4.361519659900000079e+01
4.362380806400000210e+01
4.358201576400000476e+01
4.389546461300000146e+01
4.355476602400000274e+01
4.499938721200000202e+01
4.400327148300000601e+01
4.293916413300000556e+01
4.411546217600000119e+01
4.423208983399999994e+01
4.356402286800000212e+01
4.380782049200000472e+01
3.522140751399999914e+01
2.861307598900000215e+01
2.868183229800000333e+01
3.221167380300000360e+01
4.595120101000000545e+01
4.709064052200000106e+01
4.719468263899999982e+01
4.693280521000000505e+01
4.581758129400000001e+01
4.692909297500000321e+01
4.646239280600000399e+01
4.686858212199999940e+01
4.654082954400000460e+01
4.629864511699999952e+01
4.693291655200000179e+01
4.706142587700000490e+01
4.636683747700000424e+01
4.614770281700000254e+01
4.654794873300000546e+01
4.630519213200000195e+01
4.695826902400000336e+01
4.555059293500000450e+01
4.595189958899999993e+01
4.534273166000000543e+01
4.593926616800000318e+01
4.655340205499999939e+01
4.675196301600000481e+01
4.589719212800000037e+01
4.640770326600000573e+01
4.582817395100000368e+01
4.582854340900000523e+01
4.619477566500000165e+01
4.573863577300000571e+01
4.588811598400000236e+01
4.684567760800000258e+01
4.656253248100000519e+01
4.729262991200000243e+01
4.771917872800000282e+01
4.700264994000000485e+01
4.669930091900000235e+01
4.657512603500000381e+01
4.636310725799999943e+01
5.887760373500000100e+01
5.785446807300000671e+01
5.799684310300000334e+01
5.824140630000000129e+01
4.532090336899999983e+01
4.627915578200000368e+01
4.611049910400000584e+01
4.724209885400000530e+01
4.650455706700000036e+01
5.801216048400000602e+01
3.950688619200000318e+01
4.526515398400000123e+01
5.365010530200000005e+01
5.306189363400000047e+01
5.345572631400000319e+01
5.245585413100000238e+01
5.368322367500000070e+01
5.310672869700000120e+01
5.407973609300000106e+01
5.209916392200000246e+01
5.200772992100000636e+01
5.271618666300000200e+01
5.309585195100000021e+01
5.302818859300000298e+01
5.227500651800000497e+01
5.194599948300000136e+01
5.218270031000000131e+01
5.370867072300000444e+01
5.310675266800000571e+01
5.252711991000000324e+01
5.217936988600000348e+01
5.213670925600000317e+01
5.335275452300000154e+01
5.315050197900000484e+01
5.364143718600000454e+01
5.219176327899999990e+01
5.135849591500000599e+01
6.338877474700000647e+01
6.234357656400000280e+01
6.295272927900000326e+01
6.247170825200000621e+01
5.243380708500000509e+01
5.332923887000000462e+01
5.186983624500000190e+01
5.290569735000000406e+01
5.273579285900000002e+01
6.302950185100000624e+01
6.329925595600000321e+01
6.355030379500000492e+01
5.249980070500000551e+01
4.305579075100000352e+01
3.919933146900000054e+01
6.677370853700000453e+01
6.771647136300001080e+01
6.642208661499999778e+01
5.614763030300000679e+01
6.124808557200000081e+01
7.379284884800000555e+01
7.235476099100000624e+01
6.229259545100000395e+01
6.441267470200000389e+01
6.404824471000000585e+01
6.022170141700000556e+01
4.227177230600000257e+01
5.988025736200000182e+01
6.344943291600000634e+01
6.194144983000000337e+01
4.268376164200000034e+01
6.441190737499999841e+01
6.812383187900000792e+01
5.788074183100000170e+01
6.846997672400000567e+01
7.054813677799999994e+01
6.809355206700000451e+01
6.895144815700000152e+01
6.778710324100001117e+01
6.637336244300000487e+01
6.825112358900000231e+01
5.762918760200000179e+01
5.957710271500000232e+01
5.888561317800000694e+01
5.759860096000000595e+01
6.810826166200000387e+01
6.738815228500000387e+01
6.786884496700000113e+01
6.971857385500000248e+01
7.091366095400000802e+01
7.017469549400000517e+01
5.717854658000000256e+01
5.694524806100000092e+01
5.595418674400000469e+01
6.874824728500000504e+01
6.856693343500000992e+01
6.841114593200001082e+01
6.977733422400000052e+01
6.802421291500000677e+01
5.701565188200000023e+01
5.795424034300000216e+01
5.797977904300000063e+01
4.296621270199999998e+01
5.143110954200000151e+01
6.740151282000000776e+01
6.650632986099999755e+01
6.594458609500000534e+01
6.546952976200000762e+01
6.722079563399999813e+01
5.530887771300000111e+01
5.737829682800000342e+01
5.712960457800000569e+01
5.614750997800000221e+01
5.824589911000000342e+01
6.816541722899999911e+01
6.614960526900000559e+01
6.801862878800000090e+01
6.931586798899999735e+01
5.277305291900000128e+01
5.773330806400000625e+01
5.641470573500000540e+01
5.695470197800000278e+01
5.744882865000000294e+01
6.594667778900000599e+01
6.879281394299999874e+01
6.927895134800000676e+01
6.782325977600000044e+01
6.685250071900000535e+01
5.663246012800000528e+01
5.598214050100000350e+01
5.564315806200000480e+01
5.641446750000000065e+01
6.629254298200000051e+01
6.759832576300000540e+01
6.853281685100000686e+01
6.705460338200001047e+01
5.603116899700000175e+01
5.549077460200000189e+01
5.607738108400000243e+01
5.691595330300000199e+01
5.541161013400000002e+01
6.844667940899999792e+01
6.830445539299999780e+01
6.914677903400000503e+01
7.052276224800000648e+01
6.866816114099999879e+01
5.615386390500000147e+01
5.688495370500000092e+01
5.614989600400000569e+01
5.680512239200000124e+01
6.755948810099999946e+01
6.868583693600000117e+01
6.875623845300000880e+01
6.812842910800000595e+01
6.912864436800001045e+01
5.631096428200000048e+01
5.561318305200000367e+01
5.665002920900000305e+01
