1.118687419000000016e+00
9.462123120000001109e-01
1.016212314999999977e+00
9.630306360000000510e-01
9.230327520000000119e-01
8.146771730000000877e-01
8.028028160000000302e-01
8.023764349999999990e-01
8.036527110000000196e-01
8.007169860000000750e-01
8.069436440000000710e-01
8.024799500000000529e-01
8.032488030000000112e-01
8.062450250000000596e-01
8.000798400000000976e-01
8.016865140000000167e-01
8.024401500000000187e-01
8.024213980000000079e-01
8.013312180000000673e-01
8.028130170000000732e-01
8.940157420000000021e-01
8.927896560000000425e-01
8.901824690000000873e-01
9.078308650000000979e-01
8.885337690000000288e-01
8.912715400000000843e-01
8.905570890000000794e-01
9.031147670000000405e-01
8.982775530000000064e-01
8.894805710000001087e-01
8.906356500000000009e-01
8.873735510000000382e-01
1.003403335000000007e+00
1.010930277000000155e+00
1.067703021000000030e+00
1.045903103000000112e+00
9.207286690000000551e-01
9.689573140000000695e-01
9.312043290000000528e-01
9.213122600000001050e-01
9.045958350000000703e-01
9.164086100000000679e-01
9.214457790000000204e-01
9.067970390000000824e-01
1.012339397000000085e+00
9.632258230000000365e-01
9.339128550000000972e-01
9.683007820000000265e-01
9.740881650000000613e-01
9.843197590000000163e-01
9.607443540000000226e-01
9.350916840000000896e-01
8.997473980000000315e-01
9.641753080000000642e-01
9.150632810000000061e-01
9.989456180000000352e-01
9.312733550000000804e-01
8.947963290000000569e-01
9.542775790000000979e-01
1.006637320000000058e+00
9.832916250000001135e-01
9.800651390000000296e-01
9.323595270000000212e-01
9.387112800000000368e-01
9.463838900000000054e-01
9.486793250000000732e-01
1.046453789000000079e+00
9.601485740000000879e-01
9.238558990000000914e-01
9.283489190000000502e-01
9.457069180000000630e-01
9.402461270000000981e-01
9.451570360000000059e-01
9.677380950000000759e-01
1.006964886000000003e+00
9.671688950000000284e-01
9.605702470000000437e-01
9.983617430000000237e-01
1.046889226000000006e+00
1.001619451000000049e+00
9.609923590000000182e-01
9.448161950000000253e-01
9.336003920000001122e-01
9.560835240000000734e-01
9.497772010000000709e-01
9.892179000000000944e-01
1.022880353000000131e+00
9.385131110000000110e-01
9.367164910000000955e-01
9.370737700000000281e-01
9.489169280000000484e-01
9.473448570000000402e-01
9.252958750000001009e-01
9.967126850000000982e-01
1.038249447000000103e+00
9.774044270000000756e-01
9.856585000000001040e-01
1.034996200000000144e+00
1.029031312000000087e+00
1.032960662000000029e+00
9.488969010000000148e-01
9.383968430000000360e-01
9.363197450000000366e-01
9.383973400000000797e-01
9.569713850000000077e-01
9.712077540000000342e-01
1.016724292000000140e+00
9.464726100000000475e-01
9.220378430000000236e-01
9.658134070000000682e-01
9.339208470000001094e-01
9.876316540000000810e-01
9.682664130000000480e-01
1.019774390000000031e+00
1.052046991999999959e+00
1.021189295000000108e+00
1.061470762999999984e+00
1.044128544999999963e+00
1.043684063000000162e+00
9.870692490000000374e-01
9.735708880000000232e-01
9.550779040000000331e-01
9.584648750000001050e-01
9.606496950000000812e-01
1.032894167000000030e+00
1.031475169000000136e+00
9.736957680000000170e-01
9.884247660000000657e-01
9.671816170000000490e-01
9.686542000000000208e-01
9.542863740000000483e-01
9.540773410000000787e-01
1.014411814000000023e+00
1.025915980000000172e+00
1.003151415000000046e+00
1.011851339000000127e+00
1.007937446000000126e+00
1.022945181999999953e+00
1.036343499000000001e+00
9.875129980000000307e-01
9.704259900000000716e-01
9.703659980000000074e-01
9.703316210000000330e-01
9.629467290000001123e-01
9.531621530000000675e-01
1.010464749000000051e+00
1.007542704000000011e+00
9.345471540000001021e-01
9.311704890000001011e-01
9.223260090000000577e-01
9.728997310000000454e-01
9.456812540000000267e-01
9.563995680000000332e-01
9.759211350000001062e-01
1.035486477000000072e+00
1.052840045000000169e+00
1.015870365000000053e+00
9.804351170000000781e-01
1.042516571000000170e+00
1.051728769999999979e+00
1.059270829999999997e+00
1.050651471000000114e+00
9.766871460000000615e-01
9.665665190000000129e-01
9.617854090000000911e-01
9.708954400000000540e-01
9.678750450000001004e-01
9.695909990000000089e-01
9.635392630000000347e-01
1.037584645999999999e+00
9.655583990000000671e-01
9.336760420000000948e-01
9.487252530000001016e-01
9.797368080000000701e-01
9.696117540000001034e-01
9.581178970000000517e-01
9.252794530000000295e-01
9.540367700000000895e-01
1.067365785000000011e+00
1.000686002000000130e+00
9.945323790000000219e-01
1.025267015000000059e+00
1.071435488999999963e+00
1.055233757999999966e+00
1.045181770000000121e+00
1.027035885999999953e+00
9.587381290000001055e-01
9.618283260000000112e-01
9.638276330000000724e-01
9.683341470000000895e-01
1.010764247000000005e+00
1.052431177000000107e+00
9.888985050000000943e-01
9.862163070000000697e-01
9.566850300000000473e-01
1.010621294000000114e+00
9.505488240000000699e-01
9.608387900000000537e-01
9.670097030000001093e-01
1.014475718000000137e+00
1.083196199000000082e+00
1.030457173000000060e+00
1.004107821000000067e+00
9.969973150000001061e-01
1.074896135000000141e+00
9.924159770000000602e-01
1.024372483000000056e+00
1.011903442000000153e+00
9.758499700000000665e-01
9.678313340000000986e-01
9.690713720000000420e-01
9.500093320000000396e-01
1.010291556000000091e+00
1.052069623000000176e+00
9.633825620000000534e-01
9.721168960000000636e-01
9.680269930000000578e-01
9.675557080000000143e-01
9.696186160000000998e-01
9.695164250000000150e-01
9.873644180000000770e-01
1.053624945000000146e+00
1.001910150000000055e+00
9.801828860000000310e-01
1.050206020000000073e+00
1.042080577000000119e+00
1.044987266000000137e+00
1.023220546999999980e+00
9.906599830000000217e-01
9.593845590000000811e-01
9.606093630000001049e-01
9.448014170000000878e-01
9.472240390000000732e-01
9.878945460000000400e-01
1.019416121999999980e+00
9.460264190000000628e-01
9.328871210000000413e-01
1.004362388999999967e+00
9.600968170000000468e-01
9.320871300000000970e-01
9.568863210000000397e-01
1.036481795000000039e+00
1.036275460000000148e+00
9.688082660000000290e-01
1.041200868000000002e+00
1.025808339000000124e+00
1.044251903000000148e+00
1.006240777000000142e+00
9.778845700000000640e-01
9.270082920000000115e-01
9.536048530000000856e-01
9.846801070000000822e-01
9.690048500000000287e-01
1.017406339999999965e+00
1.043678090000000003e+00
9.859829430000001116e-01
9.718706630000000235e-01
9.663582220000001000e-01
9.359789940000000641e-01
9.913341290000000638e-01
9.498666050000000860e-01
