-1.038531193971004047e-09
-1.846849357155976171e-09
-2.111713815802735023e-09
-6.003398576019310816e-09
-9.503423284793078598e-09
-1.323622080842709881e-08
-3.217910370467368441e-08
-7.347290255206237972e-08
-1.479835418679022636e-07
-2.777425260658627959e-07
-4.735401252151341601e-07
-7.508766270013173525e-07
-1.133138432854677708e-06
-1.631707423136453951e-06
-2.266778199188318987e-06
-3.060898805921702289e-06
-4.022069205309535476e-06
-5.162680658000052160e-06
-6.494615085738295115e-06
-8.019350175611052989e-06
-9.738625239547118057e-06
-1.165807814522257998e-05
-1.377475447448389261e-05
-1.608424091272264982e-05
-1.858708082580389154e-05
-2.127251117168875384e-05
-2.413428876455890178e-05
-2.717099799814169349e-05
-3.037267133068852570e-05
-3.373766131219690381e-05
-3.726563828272533551e-05
-4.095164586878343111e-05
-4.479458144174925191e-05
-4.879358940148419436e-05
-5.294685185812336530e-05
-5.725309241897109209e-05
-6.171224992775922833e-05
-6.632136650561110201e-05
-7.107587646530833653e-05
-7.597101230686762374e-05
-8.099602560669045550e-05
-8.613948279333921189e-05
-9.138956179100365235e-05
-9.672874746639688261e-05
-1.021400349208437041e-04
-1.076044041069557788e-04
-1.130988078678586901e-04
-1.186017237821385779e-04
-1.240892120133088431e-04
-1.295376509214244982e-04
-1.349260735249359247e-04
-1.402328403935146068e-04
-1.454388889430125017e-04
-1.505269454432281028e-04
-1.554816778649703568e-04
-1.602902621170977464e-04
-1.649423724439403336e-04
-1.694316200697752815e-04
-1.737531065927958300e-04
-1.779056398096276535e-04
-1.818903814257610742e-04
-1.857091997908287854e-04
-1.893682217179065198e-04
-1.928740238691363464e-04
-1.962349233154274159e-04
-1.994625144432061016e-04
-2.025680317263094620e-04
-2.055645375036234369e-04
-2.084658806069231195e-04
-2.112856002768944287e-04
-2.140379111832229871e-04
-2.167362491035610544e-04
-2.193935404898208054e-04
-2.220211807958243912e-04
-2.246288585057770932e-04
-2.272244379842393628e-04
-2.298127332894413222e-04
-2.323972222164391425e-04
-2.349792233999323297e-04
-2.375581065073415930e-04
-2.401332405100567078e-04
-2.427028520252679335e-04
-2.452655815665478393e-04
-2.478210346582950712e-04
-2.503690556930084337e-04
-2.529111405206310790e-04
-2.554496086383537868e-04
-2.579879853114281458e-04
-2.605316855741155878e-04
-2.630875570050987934e-04
-2.656643721277301973e-04
-2.682710720082926597e-04
-2.709150558098921799e-04
-2.735999808716764372e-04
-2.763230946153458624e-04
-2.790749243822331712e-04
-2.818382960700107059e-04
-2.845884124105048959e-04
-2.872925787999774830e-04
-2.899080901087534292e-04
-2.923813712638657653e-04
-2.946460807208529866e-04
-2.966220516848142724e-04
-2.982153068077070105e-04
-2.993170652353550486e-04
-2.998042074198258131e-04
-2.995400955399380436e-04
-2.983773356413040360e-04
-2.961640102143098317e-04
-2.927519573990927876e-04
-2.880076943001114989e-04
-2.818230907856405089e-04
-2.741242487892004971e-04
-2.648776038482846397e-04
-2.540912982105021536e-04
-2.418135770813658312e-04
-2.281279965855511228e-04
-2.131461314442613679e-04
-1.969986191297925322e-04
-1.798221674569672115e-04
-1.617433006044954782e-04
-1.428598983694026679e-04
-1.232237578875264414e-04
-1.028298511603450332e-04
-8.161363020478116148e-05
-5.945633372445113080e-05
-3.619539375220038864e-05
-1.163688636377806255e-05
1.442963004266643558e-05
4.221457229825067932e-05
7.191021154045543489e-05
1.036732636454339840e-04
1.376117755587254437e-04
1.737774701304972084e-04
2.121651958623941192e-04
2.527188362454803349e-04
2.953423642450006222e-04
3.399148969822394324e-04
3.863062753181404621e-04
4.343912842787830855e-04
4.840609009428012898e-04
5.352294928547756759e-04
5.878382202004946979e-04
6.418532687827610854e-04
6.972587652837107216e-04
7.540453807357951673e-04
8.121968702523121083e-04
8.716787837276643346e-04
9.324317821291593479e-04
9.943707444696149242e-04
1.057389169647341689e-03
1.121366884266428035e-03
1.186180130224766521e-03
1.251712410965741566e-03
1.317864547952065637e-03
1.384562276582028103e-03
1.451758804691289555e-03
1.519431414489251638e-03
1.587572198380023114e-03
1.656174707550336737e-03
1.725219714326271803e-03
1.794662307440016841e-03
1.864422217061708362e-03
1.934377999877096846e-03
2.004365147564953018e-03
2.074178846656488714e-03
2.143581618389860458e-03
2.212315918624239899e-03
2.280120312387978829e-03
2.346746070830489726e-03
2.411970920894471182e-03
2.475607154957272169e-03
2.537503545573581952e-03
2.597542492433634661e-03
2.655634326262703085e-03
2.711710734395770313e-03
2.765718128554887564e-03
2.817611301398368750e-03
2.867347876287736942e-03
2.914883811404648389e-03
2.960170254778201390e-03
2.024836580615206913e+04
