-3.966847797848992695e-07
-1.286891756105591625e-06
-1.736563518312170218e-06
-1.951141992259005853e-06
-2.679051015141815524e-06
-3.120520275859460176e-06
-3.268869649595872927e-06
-3.835424571159197335e-06
-4.261995015984911531e-06
-4.388093197339283452e-06
-4.799443149708524303e-06
-5.205643201367625941e-06
-5.319004529716151151e-06
-5.600966655469805225e-06
-5.969862047722567679e-06
-6.074689341159369911e-06
-6.252649409865801552e-06
-6.570651677627761084e-06
-6.662964882342465449e-06
-6.764325979407061251e-06
-7.017319608020964602e-06
-7.093300245776615139e-06
-7.141607950049554589e-06
-7.315134632255558216e-06
-7.379345799389327286e-06
-7.380969324051126313e-06
-7.475887843116579599e-06
-7.527330387240336413e-06
-7.480722002821133422e-06
-7.512608040854271923e-06
-7.534828894110982748e-06
-7.449568593729382295e-06
-7.426601693967959046e-06
-7.405599899782024476e-06
-7.294260347453719159e-06
-7.214845173766203355e-06
-7.149436519601437987e-06
-7.013661099139864511e-06
-6.880469954335582258e-06
-6.771192120387001591e-06
-6.608489673916187724e-06
-6.426838253623688767e-06
-6.273984423896989593e-06
-6.081451054205933016e-06
-5.856452434752790999e-06
-5.662063417057886370e-06
-5.434704768800402266e-06
-5.174958032442950605e-06
-4.937120301636532105e-06
-4.675352452274709779e-06
-4.386284758865524333e-06
-4.103715405893862928e-06
-3.812836718021123884e-06
-3.493571139589882550e-06
-3.172532704482585331e-06
-2.854301542737180626e-06
-2.505969733352345824e-06
-2.155002619279143928e-06
-1.809114463310608697e-06
-1.437506598593599002e-06
-1.062753677343849221e-06
-6.919594765262076399e-07
-3.039947204338950427e-07
8.917359909646943224e-08
4.786148146239120959e-07
8.764344668326567546e-07
1.281354605122328390e-06
1.681135379760291688e-06
2.081954675569970319e-06
2.490427175385806477e-06
2.890427224874108743e-06
3.286976195674093149e-06
3.688361983978471253e-06
4.077814540544723463e-06
4.461411184648899326e-06
4.842736108839058485e-06
5.211689696542713815e-06
5.570148907010862242e-06
5.919417757017015580e-06
6.256549943136307668e-06
6.576201460590123229e-06
6.882647161395003912e-06
7.173819013019436095e-06
7.441851877370998402e-06
7.692408639463672537e-06
7.922016237017548884e-06
8.124108698572790640e-06
8.302413514137171920e-06
8.453464516226021495e-06
8.572602289007901156e-06
8.660762387097043063e-06
8.715888651981838531e-06
8.735278082368618511e-06
8.717337993005519714e-06
8.663269504343653170e-06
8.570987604981716379e-06
8.438762409732639353e-06
8.270674752446660976e-06
8.064190069255061197e-06
7.819734837363434646e-06
7.540897294068849179e-06
7.225674167906052626e-06
6.875529657017612328e-06
6.491448039877865473e-06
6.073155467664254317e-06
5.620666011097207069e-06
5.133870147788479581e-06
4.614141892989513555e-06
4.060304747148953572e-06
3.473729711616622808e-06
2.856437360855916502e-06
2.207737654108477876e-06
1.530024421595131630e-06
8.247238807371789500e-07
9.158081432992148187e-08
-6.679545170982053932e-07
-1.453901208114067707e-06
-2.266558372643298877e-06
-3.105965887491006809e-06
-3.972426516097635282e-06
-4.865683673899966809e-06
-5.786849198085342139e-06
-6.735699895256270546e-06
-7.712708178634076678e-06
-8.719279403632867052e-06
-9.754624178940359032e-06
-1.081946745256888386e-05
-1.191391260793576735e-05
-1.303744358901852666e-05
-1.419055154101254244e-05
-1.537294319156191943e-05
-1.658481832914306800e-05
-1.782602197104155825e-05
-1.909656291052961896e-05
-2.039683792219496689e-05
-2.172638297677287534e-05
-2.308555956370885863e-05
-2.447441335100672595e-05
-2.589247403316529255e-05
-2.734011038961028350e-05
-2.881692905237884830e-05
-3.032259085034845036e-05
-3.185704243620201680e-05
-3.341978990042938046e-05
-3.501086459526831640e-05
-3.663007889351764784e-05
-3.827753302955629072e-05
-3.995349320692179770e-05
-4.165782381282610690e-05
-4.339095088848148301e-05
-4.515258786810141773e-05
-4.694220755743439352e-05
-4.875921399488322705e-05
-5.060207191987157560e-05
-5.246943224316819412e-05
-5.435964126000940690e-05
-5.627105921471572877e-05
-5.820238592206230843e-05
-6.015220078212877306e-05
-6.211946095911063687e-05
-6.410294651029290348e-05
-6.610136669667246695e-05
-6.811346396338821974e-05
-7.013737182215179933e-05
-7.217100998874852733e-05
-7.421170530076276483e-05
-7.625595966173527183e-05
-7.829991638114768503e-05
-8.033899787514341227e-05
-8.236839025742290275e-05
-8.438320407251468681e-05
-8.637846600909432858e-05
-8.834960526937325417e-05
-9.029212751444372874e-05
-9.220194167824519442e-05
-9.407523980514051725e-05
-9.590821680100274570e-05
-9.769734132048287368e-05
-9.943888300297602767e-05
-1.011290074741573068e-04
-1.027635706605574964e-04
-6.752005519206922145e+03
