3.496587701080478561e-01
1.078193111566386753e+00
1.838099164983147293e+00
2.670869815431661909e+00
3.550273083023766318e+00
4.422744713348254031e+00
5.372646119253970731e+00
6.343998403317567814e+00
7.315058438152671094e+00
8.349861616932813035e+00
9.394001342413261568e+00
1.045558863139652850e+01
1.155139175298247523e+01
1.266578338003935400e+01
1.380201301664229163e+01
1.494862167254849439e+01
1.613140852560073668e+01
1.732385820917338037e+01
1.852301800567037660e+01
1.976418694508207352e+01
2.100236190429122018e+01
2.225708444343833392e+01
2.354229825983274793e+01
2.482614032511645163e+01
2.613217734814390525e+01
2.745252432436568668e+01
2.878516372713293947e+01
3.013263927428630495e+01
3.148913683585231027e+01
3.286851849095479849e+01
3.425102380379702538e+01
3.564902670636146809e+01
3.706855809729914597e+01
3.848807788514544370e+01
3.992997537350417758e+01
4.138586445280486004e+01
4.284916907103931294e+01
4.433406415238356146e+01
4.582979010643347806e+01
4.734287718814092472e+01
4.887153136126310926e+01
5.041615119003142809e+01
5.198281015848365882e+01
5.356172012633086155e+01
5.516544148234625311e+01
5.679013657285884165e+01
5.843135441121008000e+01
6.010286326855172234e+01
6.179449002936456736e+01
6.351194622434748993e+01
6.525958410590631331e+01
6.703233305323929869e+01
6.883819209687001717e+01
7.067362246594353792e+01
7.254329674586986698e+01
7.444875351047528511e+01
7.638744685106500754e+01
7.836821319921484985e+01
8.038587307041019869e+01
8.244420103315414394e+01
8.454807589786176436e+01
8.669225368533503229e+01
8.888386574863041290e+01
9.112160373892740495e+01
9.340539383788943439e+01
9.573918915459604762e+01
9.811970123697255985e+01
1.005507540405422446e+02
1.030301864829303611e+02
1.055574504061050618e+02
1.081349125374911466e+02
1.107570544663557826e+02
1.134263224493487883e+02
1.161401250772526765e+02
1.188945118044595830e+02
1.216910875363212767e+02
1.245243399180524477e+02
1.273936856206048276e+02
1.302971770483184173e+02
1.332310736329469592e+02
1.361959583098922337e+02
1.391877187851435167e+02
1.422064062045944866e+02
1.452509269410694515e+02
1.483183317583689131e+02
1.514102884657213224e+02
1.545238597065318800e+02
1.576587326552935906e+02
1.608152819809685923e+02
1.639908285576664184e+02
1.671865865043898793e+02
1.704009092253827191e+02
1.736332025333668412e+02
1.768839075932827996e+02
1.801509903344771999e+02
1.834355703893370162e+02
1.867364078006354475e+02
1.900530258494493410e+02
1.933863703644831844e+02
1.967346605386048850e+02
2.000988713356123583e+02
2.034784242392712201e+02
2.068723487921648996e+02
2.102812833024560462e+02
2.137034863022523439e+02
2.171389561365975283e+02
2.205868396073105373e+02
2.240458156141865231e+02
2.275160972952059808e+02
2.309960905837122596e+02
2.344857383615193953e+02
2.379846093165200500e+02
2.414914429037237653e+02
2.450064829578786885e+02
2.485282756866667455e+02
2.520560763131252600e+02
2.555891157793371633e+02
2.591255350395766754e+02
2.626647115084093116e+02
2.662048838847248931e+02
2.697447664349095930e+02
2.732833014619529877e+02
2.768184068364475934e+02
2.803490601392196595e+02
2.838732873247366797e+02
2.873893570985823089e+02
2.908960606644168365e+02
2.943912859673281446e+02
2.978738640279818242e+02
3.013420645132658251e+02
3.047941305049452012e+02
3.082288522751665596e+02
3.116442675072298698e+02
3.150390991146243209e+02
3.184117290828394857e+02
3.217603852965272040e+02
3.250838402476749138e+02
3.283801897022896128e+02
3.316480572337828789e+02
3.348859233669633113e+02
3.380920002685867871e+02
3.412650560465187368e+02
3.444033303569500504e+02
3.475053990306850551e+02
3.505698305585912067e+02
3.535948515198575706e+02
3.565791276835932422e+02
3.595208900785999617e+02
3.624185982238990391e+02
3.652708365164626230e+02
3.680759118216958541e+02
3.708325902769041704e+02
3.735393358039490863e+02
3.761947176387733975e+02
3.787974592386509016e+02
3.813459787422902423e+02
3.838390534062541519e+02
3.862752822416603067e+02
3.886533158884137720e+02
3.909720097190829051e+02
3.932299598356095203e+02
3.954260333255268733e+02
3.975589626117587727e+02
3.996274380419824865e+02
4.016303489999461362e+02
4.035663526583161911e+02
4.054343346285785969e+02
4.072331498578313358e+02
4.089615965403394853e+02
4.106186953400299444e+02
4.122032939878912998e+02
4.137144472236654451e+02
4.151513058844794273e+02
4.165131237541400537e+02
4.177997417072063513e+02
4.190117638812649830e+02
4.201525079954076318e+02
4.212345902778089339e+02
4.223219579882951962e+02
4.249551139966796427e+02
4.223656514780291218e+02
-4.203443305023193088e+19
