-9.805565910291497156e-04
-2.498471035701776977e-03
-4.763783618577904777e-03
-7.261370026827862478e-03
-9.491295302527458233e-03
-1.275571054407309557e-02
-1.578199586318762560e-02
-1.954157608344142538e-02
-2.363116393962383377e-02
-2.785939030993433985e-02
-3.369314004585266531e-02
-3.839929754278026408e-02
-4.363852511427235292e-02
-4.972606567691739698e-02
-5.397674565765830934e-02
-5.929785595962044908e-02
-6.433056910559442620e-02
-6.819391298393551182e-02
-7.288466364757373306e-02
-7.659198533446343049e-02
-7.974567338075377876e-02
-8.282707056832494530e-02
-8.565744537948916104e-02
-8.829393418909248226e-02
-9.062626250612026979e-02
-9.381567979133231816e-02
-9.654438614074711822e-02
-9.933577625453793303e-02
-1.031798742134379943e-01
-1.064619323683886343e-01
-1.105717774244157070e-01
-1.154618917501348818e-01
-1.200770033024647354e-01
-1.256661280866713248e-01
-1.314568483647917674e-01
-1.371817007786049203e-01
-1.433958160955115524e-01
-1.495500066942421213e-01
-1.558843881350830962e-01
-1.621587882788597668e-01
-1.683879264388763453e-01
-1.746442818945119768e-01
-1.804728208151571422e-01
-1.864347093333660332e-01
-1.921446870262997209e-01
-1.977451815881687835e-01
-2.037020169770933364e-01
-2.093900586279282550e-01
-2.155210942191803092e-01
-2.219323640424146760e-01
-2.285028314436301500e-01
-2.358979304640396180e-01
-2.436658955653694392e-01
-2.522882968770141510e-01
-2.618554120317373446e-01
-2.721225828918258927e-01
-2.835502251949857389e-01
-2.958758689618257165e-01
-3.092286238514878605e-01
-3.236354562911820665e-01
-3.389057740996967993e-01
-3.551442718079051986e-01
-3.719222975936720132e-01
-3.891647740708288339e-01
-4.065653145571408444e-01
-4.235509653325628676e-01
-4.400235262549081483e-01
-4.552463698234303635e-01
-4.687469896183005247e-01
-4.801796674997591552e-01
-4.886804295416107280e-01
-4.939418097774810334e-01
-4.954135922022437910e-01
-4.925528326732360185e-01
-4.851401409470801340e-01
-4.726864611337910915e-01
-4.550294870220286114e-01
-4.318976030786680909e-01
-4.030678208466138557e-01
-3.685134758670036703e-01
-3.279834931261893516e-01
-2.815715521583417313e-01
-2.292535991753972269e-01
-1.710337846308833676e-01
-1.072302929818409467e-01
-3.791013665453490944e-02
3.659691042152601881e-02
1.159972482830760043e-01
2.001967555935166843e-01
2.889633004365173008e-01
3.824155564270927954e-01
4.806697159183812573e-01
5.838799007131481034e-01
6.923342565423480366e-01
8.060656072945322492e-01
9.251535808028812369e-01
1.049468329983329618e+00
1.178717302234556286e+00
1.312618877581186005e+00
1.450665674306836905e+00
1.592464891922093173e+00
1.737609542535056839e+00
1.885667840841192877e+00
2.036305420885521578e+00
2.188942973459947261e+00
2.342921262782195591e+00
2.497399447214068147e+00
2.651289138376641041e+00
2.803491604909122081e+00
2.952706452401112180e+00
3.097555775461265704e+00
3.236568371548884215e+00
3.368042136505214224e+00
3.490257398323680427e+00
3.601464125481395939e+00
3.700166008921317307e+00
3.785363271990856315e+00
3.856531776753890917e+00
3.913695770110522165e+00
3.957110258770885736e+00
3.987129878579183995e+00
4.004187916268069358e+00
4.008678994060359102e+00
4.001075448593722328e+00
3.981710948584514576e+00
3.950561238678647946e+00
3.907115954635607125e+00
3.850185276260280176e+00
3.778048871138132370e+00
3.688585235035193755e+00
3.579451507343985206e+00
3.448348374974273156e+00
3.293108068696586788e+00
3.111855315791023813e+00
2.903064217958747140e+00
2.665583217352805345e+00
2.398776092224248924e+00
2.102551883487328244e+00
1.777412492263406918e+00
1.424344306378916958e+00
1.044523005582832731e+00
6.390876830485066051e-01
2.089347462458022164e-01
-2.452779738759698347e-01
-7.229981657925774741e-01
-1.223729409558201642e+00
-1.746991755105858246e+00
-2.292382356914963282e+00
-2.859572066848803829e+00
-3.448131861468864301e+00
-4.057325315009276956e+00
-4.685885762514010899e+00
-5.331967638569615531e+00
-5.993288034519758334e+00
-6.667315801650246954e+00
-7.351474899708240862e+00
-8.043238294251249698e+00
-8.740157866038057222e+00
-9.439917016071335709e+00
-1.014036363286276732e+01
-1.083955330395509264e+01
-1.153571504364579425e+01
-1.222710816334592998e+01
-1.291186465423342966e+01
-1.358783248438932034e+01
-1.425251339951270246e+01
-1.490309303283417641e+01
-1.553647664124697592e+01
-1.614932948412551994e+01
-1.673805128974612444e+01
-1.729870064586940970e+01
-1.782691224749081371e+01
-1.831774096161633025e+01
-1.876535053456103341e+01
-1.916222040001233040e+01
-1.949714599986907970e+01
-1.975004959357189449e+01
-1.987563434136827212e+01
-1.972587515251302648e+01
-1.733281720141937754e+01
-2.390140263025082135e+01
6.520138073844725760e+18
