9.999748081729602500e-01
9.999226479477618668e-01
9.998959701840505199e-01
9.998778771477014882e-01
9.998359411022103016e-01
9.998092245210866702e-01
9.997953703109242474e-01
9.997656546088371510e-01
9.997428522278237750e-01
9.997390869486948439e-01
9.997087048345875138e-01
9.996672305597404939e-01
9.996333497508972377e-01
9.995843964228355860e-01
9.995238581356923335e-01
9.994656574331226562e-01
9.993780784408675677e-01
9.992192506662931351e-01
9.990253748814547086e-01
9.987921019773430276e-01
9.985292526533267043e-01
9.982357266918640004e-01
9.979117597121754946e-01
9.975586390444808327e-01
9.971758268088762867e-01
9.967644720005207626e-01
9.963264640244899883e-01
9.958612742955237351e-01
9.953702312172352240e-01
9.948543023841744937e-01
9.943129465613133044e-01
9.937470047333266665e-01
9.931568486958420872e-01
9.925425353487502544e-01
9.919042586327118105e-01
9.912422558571076792e-01
9.905568952152956630e-01
9.898482278272031643e-01
9.891171522223524137e-01
9.883647675273775635e-01
9.875921605210251641e-01
9.868014260134098103e-01
9.859944907655382451e-01
9.851736688228212024e-01
9.843418340184517668e-01
9.835018248313663891e-01
9.826570764860745877e-01
9.818108666280681573e-01
9.809668193386817947e-01
9.801285771261378788e-01
9.792991190962748727e-01
9.784819226037538842e-01
9.776798515175108006e-01
9.768953408730483012e-01
9.761309812278933240e-01
9.753885766744549990e-01
9.746696669812141556e-01
9.739753865628986151e-01
9.733063724408430595e-01
9.726629074458991164e-01
9.720448162293939820e-01
9.714518474519369118e-01
9.708831430637130389e-01
9.703376323984377327e-01
9.698142134322766950e-01
9.693110890139277069e-01
9.688265641119016003e-01
9.683588119075403622e-01
9.679056535316379328e-01
9.674651353281485955e-01
9.670351665948474507e-01
9.666137022787436583e-01
9.661988992680180521e-01
9.657890267779217774e-01
9.653827165444694991e-01
9.649788052424785878e-01
9.645765719963430573e-01
9.641756043278667532e-01
9.637756476090371116e-01
9.633768628947319002e-01
9.629793961874105745e-01
9.625834742244724351e-01
9.621893967803291092e-01
9.617972325154867663e-01
9.614070459484120867e-01
9.610186954775438162e-01
9.606318675665499462e-01
9.602461447512837811e-01
9.598607802463525740e-01
9.594748778851670545e-01
9.590872992463669311e-01
9.586968535394227997e-01
9.583027060490476590e-01
9.579045401304404628e-01
9.575030128079899949e-01
9.570998485252623089e-01
9.566978575097677684e-01
9.563010635178144092e-01
9.559146585576723254e-01
9.555453114744277832e-01
9.552013275415675020e-01
9.548928312237791038e-01
9.546320103111887168e-01
9.544330546785532166e-01
9.543123188005130375e-01
9.542883082360316127e-01
9.543814539092395632e-01
9.546137798788881801e-01
9.550079344683972682e-01
9.555859494625570383e-01
9.563677069020309895e-01
9.573693049859959281e-01
9.586018060338765689e-01
9.600703113221549234e-01
9.617737158604371395e-01
9.637049811683673362e-01
9.658517872169736229e-01
9.681976685587775355e-01
9.707233668784057690e-01
9.734087381154989949e-01
9.762352157677064435e-01
9.791884768355711977e-01
9.822610181733891777e-01
9.854537479493671315e-01
9.882326467291069338e-01
9.868757765054489983e-01
9.854687779823028126e-01
9.840134372463790191e-01
9.823128307278004012e-01
9.805652305188143902e-01
9.787770091723642096e-01
9.769549447871458403e-01
9.747725121021173500e-01
9.694684807215652178e-01
9.635831893867116138e-01
9.573870698649595834e-01
9.508944178836912231e-01
9.441229478463295521e-01
9.370916375785037777e-01
9.298186992628232339e-01
9.223200280352975566e-01
9.146081477808702953e-01
9.066917661266217232e-01
8.985760833168219275e-01
8.902637886387705368e-01
8.817566891062400547e-01
8.730575167419344362e-01
8.641714462382410478e-01
8.551070224839537604e-01
8.458762834835752420e-01
8.364942466163629575e-01
8.269778818776731821e-01
8.173447314633339733e-01
8.076114252796955384e-01
7.977922475951494397e-01
7.878981207996091918e-01
7.779362693601786782e-01
7.679107059964146442e-01
7.578235484906403752e-01
7.476768390000299025e-01
7.374745281234155181e-01
7.272242563677977500e-01
7.169386654678618909e-01
7.066361825494975601e-01
6.963411845828114677e-01
6.860835271189457130e-01
6.758974023910131468e-01
6.658195291422597251e-01
6.558869348004372490e-01
6.461346806613381677e-01
6.365940012326705144e-01
6.272912035586707402e-01
6.182473718716591238e-01
6.094787644341345123e-01
6.009976085661897782e-01
5.928130698987397196e-01
5.849322657749351784e-01
5.773611991180611636e-01
5.701055661941407671e-01
5.631713506855423601e-01
5.565652098421789429e-01
-1.269095469399492031e+14
