4.499742179000000064e+00
2.111714629000000176e+00
2.015879879999999957e+00
1.867575831000000131e+00
1.736305206000000156e+00
1.677994787000000043e+00
1.676824432000000087e+00
1.690974066000000109e+00
1.687434770000000084e+00
1.704156812000000132e+00
1.692457328000000150e+00
1.693084141000000153e+00
1.688737102000000156e+00
1.699787588000000182e+00
1.685862890000000114e+00
1.695453756000000034e+00
1.824001500000000053e+00
1.842546164000000042e+00
1.843146208000000064e+00
1.969606605000000066e+00
1.950050869000000020e+00
1.954968204000000043e+00
1.978440658000000019e+00
1.948899635000000075e+00
1.946846320000000130e+00
1.961247112000000126e+00
1.961007656000000043e+00
1.956181454000000208e+00
2.118367131999999931e+00
1.938186381000000180e+00
2.154112358000000338e+00
2.370504411000000200e+00
2.372607901999999935e+00
2.359696454000000276e+00
2.257924161000000041e+00
2.117396788000000196e+00
2.214955296000000295e+00
2.142171712000000117e+00
2.203200106000000158e+00
2.073960685999999942e+00
2.095512011999999924e+00
2.090921720000000317e+00
2.197684822000000260e+00
2.280953606000000189e+00
2.289933045000000167e+00
2.144437620000000155e+00
2.264141316999999987e+00
2.249030708000000267e+00
2.247238183999999972e+00
2.197760565999999915e+00
2.105462857000000021e+00
2.088766446000000165e+00
2.181069477000000312e+00
2.265716788000000204e+00
2.345172945000000286e+00
2.115679646000000247e+00
2.126676044999999959e+00
2.212189817000000058e+00
2.338901287000000107e+00
2.225388984000000292e+00
2.188587663999999933e+00
2.133475596000000252e+00
2.139814338999999954e+00
2.121198249999999952e+00
2.309769339000000254e+00
2.387336622000000297e+00
2.172862473999999988e+00
2.125724922999999933e+00
2.202387289000000248e+00
2.157826004000000353e+00
2.125227897000000254e+00
2.132869391000000281e+00
2.235825839000000315e+00
2.323062607000000224e+00
2.286009704000000031e+00
2.231097080000000066e+00
2.339987830000000102e+00
2.333255137000000090e+00
2.348887938000000286e+00
2.273610849000000211e+00
2.152076987000000052e+00
2.142303314999999930e+00
2.174390979000000002e+00
2.125382603000000259e+00
2.302388156000000130e+00
2.285195064000000276e+00
2.123602610000000279e+00
2.136361861000000140e+00
2.196797654000000044e+00
2.148483641000000333e+00
2.169050989000000040e+00
2.109888081000000248e+00
2.328384551000000080e+00
2.419547051000000337e+00
2.236603445000000079e+00
2.240131741999999981e+00
2.384685912000000130e+00
2.397729459000000229e+00
2.304242998999999958e+00
2.182310055999999943e+00
2.136166534000000006e+00
2.148739767000000356e+00
2.185424009000000112e+00
2.190537325000000202e+00
2.254243956000000271e+00
2.210434896000000204e+00
2.156607692000000132e+00
2.122006577000000060e+00
2.197165626999999954e+00
2.179025392000000227e+00
2.234672551000000063e+00
2.275804080999999979e+00
2.421701282000000344e+00
2.431775390000000314e+00
2.433071747000000062e+00
2.412527636000000086e+00
2.356886761000000163e+00
2.372369085000000322e+00
2.272500705000000121e+00
2.205967108000000287e+00
2.185666074000000236e+00
2.199836170000000202e+00
2.209273856000000258e+00
2.367256724000000201e+00
2.399180625000000067e+00
2.196761367000000131e+00
2.243484207999999924e+00
2.335033888000000335e+00
2.221938839000000332e+00
2.170315444000000316e+00
2.190659080000000092e+00
2.330332977999999944e+00
2.401471273999999934e+00
2.213936048999999961e+00
2.239082880000000220e+00
2.378355388000000126e+00
2.392853048000000094e+00
3.877061952000000034e+00
3.680693089000000029e+00
3.663916932000000237e+00
3.863019000000000425e+00
3.698688065000000247e+00
3.565757578000000372e+00
3.621007206000000256e+00
3.687047682000000215e+00
4.037601903000000547e+00
3.859965632000000202e+00
3.955114246000000389e+00
4.004823459999999891e+00
3.773419611000000451e+00
3.687550209000000301e+00
3.750745609000000425e+00
3.852293314000000191e+00
3.622018654000000115e+00
3.713529262000000220e+00
3.693004157000000287e+00
3.692065483000000370e+00
4.040963506999999844e+00
3.864261311000000365e+00
4.210096896000000477e+00
4.056052388000000342e+00
3.806909831000000022e+00
3.837991187000000082e+00
4.113074201999999957e+00
3.914530487000000392e+00
3.866106017000000339e+00
3.784229384000000085e+00
3.970840069000000305e+00
4.255265002999999879e+00
4.000630543000000650e+00
4.058222514000000558e+00
3.936892329000000412e+00
3.867389706000000427e+00
3.855306370000000094e+00
4.158988599000000619e+00
4.007189523000000086e+00
4.103936998000000003e+00
4.144696863000000064e+00
6.251235323000000399e+00
6.851123134000000725e+00
5.414616382300000197e+01
1.615435425200000097e+01
