4.371444599000000153e+00
3.959361150000000329e+00
4.029303116000000351e+00
4.535752443000000689e+00
4.150867626000000143e+00
4.160337193000000156e+00
4.221833017999999882e+00
4.241822667000000102e+00
4.081261610000000317e+00
4.449173652000000700e+00
4.264114418000000128e+00
4.323866148000000464e+00
4.070632071000000352e+00
4.128778998000000477e+00
4.643735193000000372e+00
4.498222296000000675e+00
4.086860562000000030e+00
4.185011336000000526e+00
4.160753984000000294e+00
4.363243049000000262e+00
4.359701338000000703e+00
4.275557652000000708e+00
4.332644814000000011e+00
4.375298170000000653e+00
4.141293053000000057e+00
4.277622705000000636e+00
4.302993494999999946e+00
4.392174430999999934e+00
4.261218069999999969e+00
4.246490384000000340e+00
4.221611683999999975e+00
4.356175406000000194e+00
4.095180141000000162e+00
4.274418051000000496e+00
4.263216939000000316e+00
3.911746416000000170e+00
3.847843451000000137e+00
3.898194868000000035e+00
4.045978027000000310e+00
3.871727158000000113e+00
3.866664209000000074e+00
3.908379870000000089e+00
3.911488265000000464e+00
3.830023243000000299e+00
3.954667290000000168e+00
4.007791313000000244e+00
3.858970244000000438e+00
3.901923716000000208e+00
3.900074093000000186e+00
3.859107845000000037e+00
3.885373916000000261e+00
4.042254577000000459e+00
3.965154526000000068e+00
3.927935011000000198e+00
3.893427250000000228e+00
3.900402189000000241e+00
3.901358832000000110e+00
3.868387009000000099e+00
3.974765391000000037e+00
3.892885364000000070e+00
3.969421917000000466e+00
3.904237667000000300e+00
3.894690150000000184e+00
3.973443894000000309e+00
3.905930561000000356e+00
3.927779141000000251e+00
3.857007259000000410e+00
3.894240282000000164e+00
3.937425553000000189e+00
3.864915225000000287e+00
3.922946902000000069e+00
3.942598926000000059e+00
3.899499668000000252e+00
3.855788595000000374e+00
3.890424914000000456e+00
3.956743082000000467e+00
3.847061774000000156e+00
4.035602724000000308e+00
3.936825143000000082e+00
3.862441441000000086e+00
3.891252595000000092e+00
3.898520460000000298e+00
3.873407437000000453e+00
3.924121916000000265e+00
3.959021190000000079e+00
3.902921241000000041e+00
3.895675559000000288e+00
3.869178008000000446e+00
3.976169858000000445e+00
4.026150031000000240e+00
3.915004101000000070e+00
3.927094594000000161e+00
3.902343617000000098e+00
3.925428899000000360e+00
3.974825203000000418e+00
3.886447040000000186e+00
3.898042447000000355e+00
3.857744590000000251e+00
3.869173457000000038e+00
3.969753189000000404e+00
3.841847657000000194e+00
3.963701214000000306e+00
3.875761233000000416e+00
4.000200371000000032e+00
3.904121256000000262e+00
3.899156791000000233e+00
3.906655294000000112e+00
4.016026544999999892e+00
3.911441108000000444e+00
3.929519420000000096e+00
3.884782685000000235e+00
3.856817928000000339e+00
3.869255074000000238e+00
3.884843849000000127e+00
4.001997700000000435e+00
3.976935332000000045e+00
3.858114046000000297e+00
3.887030180000000446e+00
3.885950833000000326e+00
3.891979155000000024e+00
3.952900754000000294e+00
3.965667324000000438e+00
3.937004094000000176e+00
3.937573575000000048e+00
3.905353869000000255e+00
3.902400122000000415e+00
3.867064377000000164e+00
3.959153094000000372e+00
4.006464345000000371e+00
4.029195080000000040e+00
3.950405797000000163e+00
3.874859208000000166e+00
3.904640917000000044e+00
3.918904799000000327e+00
3.920093511000000142e+00
3.905831656000000152e+00
3.948808023000000222e+00
3.887851216000000054e+00
3.907034318000000450e+00
3.894456684000000113e+00
3.905309313000000060e+00
3.851325289000000041e+00
4.006416619000000345e+00
3.910515021000000147e+00
3.909047602000000232e+00
4.000201035999999988e+00
3.878779184000000324e+00
3.968664346000000176e+00
3.911651271000000207e+00
3.990915182000000172e+00
3.848836657000000105e+00
3.896228163000000411e+00
3.944175251000000326e+00
3.905450491000000302e+00
3.852705552000000200e+00
3.883443672000000291e+00
4.023786259000000420e+00
3.902101478000000068e+00
3.886007378000000401e+00
3.874455658000000025e+00
3.968978240000000213e+00
3.912110658000000463e+00
3.880387816000000267e+00
4.011840491000000064e+00
4.008877849000000104e+00
3.961688380000000453e+00
3.906271682000000300e+00
3.929922891000000362e+00
3.858645032000000086e+00
3.897866872000000260e+00
3.976293101000000441e+00
3.915596515000000277e+00
3.877221088000000204e+00
3.887841663000000114e+00
3.895253966000000290e+00
3.922134526000000232e+00
3.843147375000000032e+00
3.907957175000000394e+00
4.049122831000000033e+00
4.027595255000000485e+00
3.855705818000000118e+00
3.872374410000000378e+00
4.040722440000000582e+00
3.910999804000000246e+00
3.881151780000000162e+00
3.909397744000000063e+00
4.003567302000000439e+00
3.909814413000000322e+00
3.880491264000000218e+00
3.889026153000000097e+00
3.904607781000000166e+00
3.914116879000000271e+00
3.887590793000000211e+00
3.982933455000000400e+00
3.874476034000000180e+00
3.904489869000000279e+00
3.899373190000000378e+00
4.014853225000000414e+00
4.026536738999999976e+00
3.856261417000000247e+00
3.879456132000000057e+00
4.030805983000000481e+00
3.914996853000000332e+00
3.861509881000000366e+00
3.936111702000000268e+00
3.900011400000000350e+00
3.913831107000000031e+00
3.599985196000000442e+00
4.300944251999999857e+00
4.103178328000000263e+00
4.370303929000000309e+00
4.309524829999999973e+00
4.262902260000000609e+00
4.215823478999999985e+00
4.397984919999999853e+00
4.307176136999999905e+00
4.185259187000000658e+00
4.251755000000000173e+00
4.432983007000000697e+00
4.234901874000000177e+00
4.234775881000000020e+00
4.182662328000000151e+00
4.385996787999999924e+00
4.083282775999999892e+00
4.143782410000000027e+00
4.065855097000000029e+00
4.561182400999999942e+00
4.134130609000000511e+00
4.235614285000000478e+00
4.051959573000000425e+00
4.358249767000000219e+00
4.264179942000000167e+00
4.296519359000000371e+00
4.039238792999999994e+00
4.354969635000000672e+00
4.304896484000000356e+00
4.251284330999999916e+00
4.176196376000000043e+00
3.517369685000000246e+00
4.194995283999999991e+00
4.095325514999999861e+00
3.997668188000000455e+00
4.483978539999999846e+00
4.133100994000000306e+00
4.159566052999999819e+00
4.160250432000000664e+00
4.392371703000000238e+00
3.930790800000000029e+00
4.234528242000000553e+00
4.236915268000000623e+00
4.297789968000000016e+00
4.470043416000000214e+00
4.399949834000000060e+00
4.325772705000000329e+00
4.250869476000000091e+00
4.180595577000000063e+00
4.274293013000000307e+00
4.333284084000000647e+00
4.413796437000000239e+00
4.293016533000000301e+00
4.282795372999999906e+00
4.353139693000000143e+00
4.197775216000000142e+00
4.327290897000000136e+00
4.379974343999999853e+00
4.366662524000000545e+00
4.269622258000000059e+00
4.260080032000000294e+00
4.301352929000000103e+00
4.202262682000000638e+00
4.340675552000000437e+00
4.466036469000000508e+00
4.396233484000000580e+00
4.244806960000000018e+00
4.258224709000000274e+00
4.318549417999999918e+00
4.171848259999999975e+00
4.344650570000000656e+00
4.349601192000000616e+00
4.290524980000000710e+00
4.230239100000000363e+00
4.474065414000000018e+00
4.342601523999999991e+00
4.375343006000000479e+00
4.286636440000000547e+00
4.617421124999999904e+00
4.441075258000000581e+00
4.404470020000000652e+00
4.381046559000000507e+00
4.599853498999999957e+00
4.547322777000000649e+00
4.397015296000000184e+00
4.316368252000000183e+00
4.651250282000000347e+00
4.376498588000000467e+00
4.429848817999999966e+00
4.588625336000000665e+00
4.553810433000000657e+00
4.330625566000000148e+00
4.544667991999999934e+00
4.457024883999999965e+00
4.628498019000000241e+00
4.601221589000000556e+00
4.524886320000000239e+00
4.712792911000000196e+00
4.697021487999999856e+00
4.359679943000000613e+00
4.554718330000000037e+00
4.624751330000000493e+00
4.544017157999999945e+00
4.366629448000000302e+00
4.524506521000000170e+00
4.532610360000000504e+00
4.471919018000000356e+00
4.213333498999999982e+00
4.291301042000000621e+00
4.517797413000000262e+00
4.479322015000000157e+00
4.458911685000000347e+00
4.388294507000000344e+00
4.696900161000000296e+00
4.407152228000000171e+00
4.495582150000000610e+00
4.394159186000000439e+00
4.653558899000000082e+00
4.386214896000000252e+00
4.530746114000000269e+00
4.489774346999999999e+00
4.545335675000000464e+00
4.323341004000000432e+00
4.489251437000000067e+00
4.471400380000000396e+00
4.483812099000000551e+00
4.305332278999999929e+00
4.416262999000000633e+00
3.668107836000000344e+00
2.776176415000000119e+00
2.659992449000000203e+00
4.297910725000000376e+00
4.444896049000000460e+00
4.529967007999999851e+00
4.325014244000000119e+00
4.563031876000000153e+00
4.561510854000000670e+00
4.613921087000000476e+00
4.227516533000000187e+00
4.183434119000000173e+00
4.386023709999999909e+00
4.459272609000000109e+00
4.003473979000000682e+00
4.107433932000000176e+00
2.705219634000000095e+00
2.663728180000000112e+00
2.548930509000000288e+00
4.035587035999999905e+00
3.961477415000000057e+00
3.933590234000000407e+00
4.131994634000000666e+00
4.089292617999999990e+00
4.038743449000000041e+00
4.268657971000000551e+00
4.237099326000000055e+00
4.030011263000000454e+00
4.092160261000000077e+00
4.334744364000000516e+00
4.334041604000000270e+00
4.020428400000000124e+00
4.127934785999999967e+00
4.218279761000000683e+00
4.350105036000000425e+00
4.187371460000000489e+00
4.195191452000000432e+00
4.228123297000000669e+00
4.274547352999999994e+00
4.113716476000000455e+00
4.159689587999999993e+00
4.283237832000000189e+00
4.274322382000000253e+00
4.066579685999999860e+00
4.282162533000000160e+00
4.264577206000000231e+00
4.483419529999999931e+00
4.236947754000000010e+00
4.058133145000000219e+00
4.263946923999999861e+00
3.205838381000000403e+00
2.623300171999999986e+00
2.599096955000000264e+00
4.266448383000000177e+00
4.243625875000000214e+00
4.160873083000000250e+00
4.261186096000000312e+00
4.294764719000000674e+00
4.465219761000000176e+00
4.169225900999999901e+00
4.275918588000000575e+00
4.296550089000000128e+00
4.435804199000000558e+00
4.161435841000000302e+00
4.208539424000000473e+00
4.072378772000000424e+00
4.398088299000000312e+00
4.304471172000000401e+00
4.142679592000000355e+00
3.966048868000000116e+00
4.349146406000000020e+00
4.224892893000000704e+00
3.998172404000000402e+00
4.034566842000000264e+00
4.416084711999999968e+00
4.121284815000000101e+00
3.994372602000000327e+00
4.117825427000000538e+00
4.365816404000000261e+00
4.256735102000000381e+00
3.972661122000000322e+00
4.067940768000000595e+00
4.307704654000000133e+00
4.290906785000000667e+00
4.139529412999999991e+00
4.211796366000000624e+00
4.214508493000000300e+00
4.399824724000000131e+00
4.208481395999999819e+00
4.282366168000000251e+00
4.195026097000000398e+00
4.459039520000000145e+00
4.164782670000000131e+00
4.160087707999999829e+00
4.032163600000000514e+00
4.386376878000000090e+00
4.092845701999999974e+00
4.040969390999999966e+00
4.456439693000000091e+00
4.044148951000000380e+00
3.467148624000000012e+00
4.200758823000000142e+00
4.315664641000000579e+00
4.336351593999999920e+00
4.777117099000000700e+00
4.166916567000000349e+00
4.293604032000000181e+00
4.207586875000000504e+00
4.539862421000000481e+00
4.460245484000000538e+00
4.175969230999999837e+00
4.266109733000000404e+00
4.247968948000000466e+00
4.764264512000000451e+00
4.215110468999999860e+00
4.467843861000000416e+00
4.306536879000000262e+00
4.557594142000000126e+00
4.402059686000000305e+00
4.268920689999999851e+00
4.312829477000000189e+00
4.294404133000000456e+00
4.683608556000000256e+00
4.263296865000000047e+00
4.465871013000000112e+00
4.223483770000000526e+00
4.652674560000000348e+00
4.200821504000000317e+00
4.207672880000000504e+00
4.227816679000000022e+00
4.455729509000000199e+00
4.576700596000000232e+00
4.216350897999999958e+00
4.401414676999999998e+00
4.173202697000000683e+00
4.706654845000000087e+00
4.172589256000000191e+00
4.441276240000000541e+00
4.138552288000000523e+00
4.504420847000000450e+00
4.427288919000000433e+00
4.149369791999999890e+00
4.249181208000000431e+00
4.291740621000000644e+00
4.635410250000000509e+00
4.357668290000000333e+00
4.472710536000000126e+00
4.459636961000000177e+00
4.542917608999999857e+00
4.488458313999999838e+00
4.325355704000000578e+00
4.442765928000000031e+00
4.496935591000000620e+00
4.484277848000000510e+00
4.442666333000000023e+00
4.542285482000000485e+00
4.270084962000000317e+00
3.994367950000000445e+00
4.388307483000000175e+00
4.394287900000000135e+00
4.481983833000000139e+00
4.486742862000000720e+00
4.442519831000000252e+00
4.398022572000000352e+00
4.319789833000000634e+00
4.516219272999999923e+00
4.397990936000000239e+00
4.455366230000000094e+00
4.625176026000000107e+00
4.484699218000000265e+00
4.277969459000000363e+00
4.434636899000000021e+00
4.523353315000000485e+00
4.408917329000000329e+00
4.499930333000000005e+00
4.468841265000000007e+00
4.430967646000000038e+00
4.191626029000000031e+00
4.447992468999999893e+00
4.476795552000000455e+00
4.388349063000000605e+00
4.385331705000000468e+00
4.396061261999999914e+00
4.474384271999999996e+00
4.385901621000000361e+00
4.533134818000000621e+00
4.483880228000000301e+00
4.520979496000000708e+00
4.439460393000000060e+00
4.512333917000000305e+00
4.243077603000000586e+00
4.436851454000000139e+00
4.641777008000000038e+00
4.556201202000000450e+00
4.476539363000000549e+00
4.401537480000000002e+00
4.430865508000000119e+00
4.165456135000000337e+00
4.474004486000000114e+00
4.629441985000000592e+00
4.503441224000000354e+00
4.437697163000000167e+00
4.520742553000000719e+00
4.389602469000000617e+00
4.276315085000000238e+00
4.507874488000000568e+00
4.602293042000000334e+00
4.481231583000000462e+00
4.418371494000000510e+00
4.443919006999999866e+00
4.291453855000000317e+00
4.400358021000000619e+00
4.415948423000000567e+00
4.446364351000000603e+00
4.404480186999999880e+00
4.379407526000000495e+00
4.428117038999999977e+00
4.249455628000000651e+00
4.477473193000000684e+00
4.415691333000000718e+00
4.433253366999999834e+00
4.455626647999999967e+00
4.611335616999999942e+00
4.541148863000000091e+00
4.424044703999999939e+00
4.540808058000000536e+00
4.400558514000000088e+00
4.419798669000000402e+00
4.430884301999999941e+00
4.475594541000000426e+00
4.152990728999999881e+00
4.503496728000000004e+00
4.470604716000000423e+00
4.447682127000000207e+00
4.336260016000000661e+00
4.519643083000000061e+00
4.511684412000000144e+00
4.246110840000000053e+00
4.485080813000000610e+00
4.418108424000000589e+00
4.583340423000000108e+00
4.413578378000000413e+00
4.421012038000000643e+00
4.415857909000000525e+00
4.491592627000000171e+00
4.470517509000000445e+00
4.506901930000000611e+00
4.492065795000000250e+00
4.418217341000000076e+00
4.367255985999999979e+00
4.185326468000000411e+00
4.532969274000000048e+00
4.487222810000000450e+00
4.533228971999999857e+00
4.455154320000000112e+00
4.421963322999999946e+00
4.406095699000000643e+00
4.296575440000000690e+00
4.420373221000000186e+00
4.505261771000000692e+00
4.422211722000000123e+00
4.546676130999999899e+00
4.485182996000000699e+00
4.295294248000000259e+00
4.508103511999999924e+00
4.541665455000000406e+00
4.408325139000000448e+00
4.440123375000000649e+00
4.373198079000000682e+00
4.510124783000000193e+00
4.090524781000000054e+00
4.602135765999999961e+00
4.437087087000000096e+00
4.438756220000000141e+00
4.491753882000000253e+00
4.403883162000000517e+00
4.333188111000000120e+00
4.383323412000000197e+00
4.561721087000000452e+00
4.441487425000000044e+00
4.473610790000000392e+00
4.402497236000000314e+00
4.505827417999999973e+00
4.164116802000000561e+00
4.435349504000000387e+00
4.464284307000000673e+00
4.498552486000000350e+00
3.284844248000000189e+00
2.671301680000000012e+00
2.649255013999999964e+00
2.743045030000000217e+00
2.743817613000000044e+00
4.497611077000000179e+00
4.325614934999999939e+00
4.241451167000000133e+00
4.499323136000000112e+00
4.337781372000000246e+00
4.375370492000000056e+00
4.224270695000000408e+00
4.534036178000000028e+00
4.290373881999999917e+00
4.352363046999999874e+00
4.363174289000000705e+00
4.708538379000000162e+00
4.494707920000000634e+00
4.352290280000000067e+00
4.304964626000000294e+00
4.405977466000000398e+00
4.243187118000000702e+00
4.357099983000000343e+00
4.313929756000000282e+00
4.624859616000000173e+00
4.282081162999999968e+00
4.345455556000000108e+00
4.214839765999999877e+00
4.585705345000000044e+00
4.421859503000000302e+00
4.476524418000000338e+00
4.245089071999999852e+00
4.600359996999999979e+00
4.377651490999999950e+00
4.570371158000000378e+00
4.308186875000000526e+00
4.741129635000000064e+00
4.361847925000000181e+00
4.527947340999999959e+00
4.438559480000000335e+00
4.726332289000000131e+00
4.531593672000000517e+00
4.499896449000000409e+00
4.435425325000000640e+00
4.578066629000000276e+00
4.380419547000000691e+00
4.563678787000000625e+00
4.650835274000000297e+00
4.553046963999999974e+00
4.297551684000000094e+00
4.263563414000000051e+00
3.771589579000000025e+00
2.722091693999999951e+00
2.659101781000000386e+00
2.812569789999999958e+00
2.716528256000000141e+00
2.631211677000000027e+00
4.610103980999999962e+00
4.343332901000000135e+00
4.559273364000000051e+00
4.596956025999999973e+00
4.698156078000000235e+00
4.378706511999999940e+00
4.551548247000000380e+00
4.390188010000000141e+00
4.582184479000000366e+00
4.446568855999999847e+00
4.463893926999999984e+00
4.346729300999999879e+00
4.567169556000000519e+00
4.345689074000000041e+00
4.401007530000000223e+00
4.294218950000000312e+00
4.514495938000000486e+00
4.501350538000000512e+00
4.365783153999999833e+00
4.366739969000000166e+00
4.539645865000000668e+00
4.315727882000000015e+00
4.322261629999999855e+00
4.386393430000000038e+00
4.584776206999999992e+00
4.278712045000000685e+00
4.350755674000000184e+00
4.192690451999999901e+00
4.631068868999999921e+00
4.345223297000000429e+00
4.541895925000000389e+00
4.373196760999999988e+00
4.554715121000000089e+00
4.342267123000000062e+00
4.429591524000000113e+00
2.858762122999999988e+00
4.631424069000000365e+00
4.377163706000000154e+00
4.313046206000000105e+00
4.192728192000000575e+00
4.549750646000000565e+00
4.407535886000000680e+00
4.458950367999999997e+00
4.468608180000000374e+00
4.413794990000000418e+00
4.330140939000000522e+00
4.351353561000000703e+00
4.489605842000000457e+00
4.380922845000000621e+00
4.155977034000000181e+00
4.337864161000000607e+00
4.331087917000000509e+00
4.206731467000000002e+00
3.953078284000000053e+00
4.054197874000000645e+00
4.484896356000000139e+00
4.245901796000000061e+00
4.281223562000000094e+00
4.345958760000000254e+00
4.531531185000000406e+00
4.543691509000000295e+00
4.396818852000000000e+00
4.248853179000000146e+00
4.617213089999999909e+00
4.321727221000000618e+00
4.352919325000000228e+00
4.466895968000000217e+00
4.545251240999999887e+00
4.428813910000000575e+00
4.508006778000000381e+00
4.472955364000000600e+00
4.723723492000000412e+00
4.395992949000000038e+00
4.405193093000000282e+00
4.410501518000000232e+00
4.402682854000000034e+00
4.025522588000000290e+00
4.208258779000000338e+00
4.639180228999999933e+00
4.410185294000000589e+00
4.246260493000000302e+00
4.159141055000000087e+00
4.581408941000000290e+00
4.337084005000000353e+00
4.395236122000000023e+00
4.392505612999999975e+00
4.549750784000000436e+00
4.357954815000000259e+00
4.464079253000000413e+00
4.325819666000000119e+00
4.668201295000000250e+00
4.544251880000000021e+00
4.431083340000000703e+00
4.247157714000000084e+00
4.632621612000000333e+00
4.328893393000000422e+00
4.563856313000000497e+00
4.502368947999999982e+00
4.606461198999999951e+00
4.375499205000000558e+00
4.464055132000000370e+00
4.440206629000000405e+00
4.633457325000000182e+00
4.449424386000000453e+00
4.455459087000000373e+00
4.386511959999999988e+00
4.524815971999999853e+00
4.255646965000000392e+00
4.403135494999999899e+00
4.626346160000000651e+00
4.528878463999999937e+00
4.262225635000000068e+00
4.385363415000000487e+00
4.591274998000000274e+00
4.549986468000000173e+00
4.407293622000000077e+00
4.238578187999999969e+00
4.425196960000000068e+00
4.439520417000000663e+00
4.257416817000000187e+00
4.124309192000000124e+00
4.547623612999999843e+00
4.333476372000000687e+00
4.249727326000000360e+00
4.211595416000000647e+00
4.579401719000000703e+00
4.233425162000000519e+00
4.411406816000000397e+00
4.228794010000000547e+00
4.559999953000000161e+00
4.351778477999999950e+00
4.331545651999999968e+00
4.286816559000000026e+00
4.613944035000000277e+00
4.385695847000000036e+00
4.424898215000000690e+00
4.355346421000000134e+00
4.693223784000000620e+00
4.509224592999999892e+00
4.650229126000000157e+00
4.488491435000000251e+00
4.535882828000000089e+00
4.108265470000000086e+00
4.240786873000000234e+00
4.289205406000000664e+00
4.438793491000000202e+00
4.335062875000000204e+00
4.524920737000000415e+00
4.529022719000000308e+00
4.621401204000000540e+00
4.387778181999999916e+00
4.625142872000000516e+00
4.558995605000000673e+00
4.655510228999999889e+00
4.326156166000000525e+00
4.122573362000000685e+00
4.495801754000000372e+00
4.507058816999999884e+00
4.303301172000000285e+00
4.202550269000000505e+00
4.381517985000000337e+00
4.365770763000000443e+00
4.123335716000000595e+00
3.968694238000000318e+00
4.406345321999999953e+00
4.157200470000000259e+00
4.117633222000000259e+00
3.997462814000000364e+00
4.410088194000000072e+00
4.298858369000000401e+00
4.432769597000000061e+00
4.301285025000000317e+00
4.676777556000000224e+00
4.455913284000000196e+00
4.384632134000000292e+00
4.054785091000000286e+00
4.613895150000000278e+00
4.338511443999999884e+00
4.387931495000000126e+00
4.088579973999999950e+00
4.405302770000000478e+00
4.286267619000000195e+00
4.308889439000000543e+00
4.044574417999999838e+00
4.299919052999999991e+00
4.220848726999999911e+00
4.130493857000000268e+00
4.154210146000000492e+00
4.621723776000000505e+00
4.287836200000000098e+00
4.447405111000000133e+00
4.419089300000000442e+00
4.698807195000000547e+00
4.491528956999999878e+00
4.545387097999999959e+00
4.252986106999999905e+00
4.634140570000000459e+00
4.222810609000000603e+00
4.173655576999999894e+00
4.252064101000000207e+00
4.456223117000000400e+00
4.273096478000000253e+00
4.412333880000000264e+00
4.562249389000000654e+00
4.691130628000000691e+00
4.462545153999999847e+00
4.409075422999999994e+00
4.661435768000000479e+00
4.622313115999999944e+00
4.324414709000000023e+00
4.385237560000000201e+00
4.537334258000000453e+00
4.397534403999999952e+00
4.481569775000000533e+00
4.231985523000000526e+00
4.459599021000000718e+00
4.159235867000000475e+00
4.296310971000000478e+00
4.216551141000000058e+00
4.465345629999999844e+00
4.280169367000000058e+00
4.544115167000000177e+00
4.412256025000000470e+00
4.665001902000000200e+00
4.523735797000000503e+00
4.567247188000000513e+00
4.386162158000000311e+00
4.447760757000000176e+00
4.144827054000000288e+00
4.341414292000000508e+00
4.245672846000000611e+00
4.380618430000000174e+00
4.235100544999999883e+00
4.303181919000000022e+00
4.584727878000000700e+00
4.600516340000000426e+00
4.235656957999999861e+00
4.252832612000000623e+00
4.663449613000000049e+00
4.419582779000000627e+00
4.453813338999999871e+00
4.424019509999999933e+00
4.569961986000000032e+00
4.317296520000000193e+00
4.286825923000000316e+00
4.442440798999999885e+00
4.662994969000000545e+00
4.391579229000000417e+00
4.614781660000000230e+00
4.515979406000000473e+00
4.566605594000000323e+00
4.264812285000000536e+00
4.292436225000000327e+00
4.441359451000000291e+00
4.300379507000000601e+00
3.991874422000000422e+00
4.197942717000000101e+00
4.537035808000000614e+00
4.585329190000000388e+00
4.302994686999999985e+00
4.367347324000000697e+00
4.621007700999999912e+00
4.524366083000000316e+00
4.096173892000000372e+00
4.119213686000000152e+00
4.199237799000000493e+00
4.502574212999999936e+00
4.118419814000000123e+00
4.251949408999999847e+00
4.561163834000000250e+00
4.472802821000000151e+00
4.125919719000000541e+00
3.941021053000000052e+00
4.397303080000000364e+00
4.089990675000000131e+00
4.098486227000000426e+00
4.155895528000000283e+00
4.706583872000000390e+00
4.290262910000000041e+00
4.499624809000000170e+00
4.205442861999999948e+00
4.578185817000000490e+00
4.353935557000000678e+00
4.478130901000000108e+00
4.439731148999999988e+00
4.672288132000000260e+00
4.485420914000000536e+00
4.444883401000000234e+00
4.379770592999999934e+00
4.467959255000000240e+00
4.385923494000000034e+00
4.262740077000000127e+00
4.649082348000000309e+00
4.552821817999999965e+00
4.271849972000000051e+00
4.267970558000000025e+00
4.579723320000000264e+00
4.384383769000000264e+00
4.206811530000000410e+00
4.185471613999999896e+00
4.531380831999999970e+00
4.227697798000000340e+00
4.451897713000000145e+00
4.184753168000000301e+00
4.560500379000000493e+00
4.398932712000000578e+00
4.297929541000000242e+00
4.212963799000000620e+00
4.537257878000000133e+00
4.336281732000000666e+00
4.368013990000000568e+00
4.201983521999999915e+00
4.242016317000000036e+00
4.215664587000000019e+00
4.457765251000000539e+00
4.237780190000000502e+00
4.229699929000000580e+00
4.467218122000000236e+00
4.340253992000000061e+00
4.433680156000000316e+00
4.440736051000000018e+00
4.688307408000000009e+00
4.231472005000000536e+00
4.199768596000000187e+00
4.525583960000000516e+00
4.316409161000000161e+00
4.218488553000000252e+00
4.479233722000000029e+00
4.342939234000000148e+00
4.384798345000000097e+00
4.290076717000000706e+00
4.550913422999999902e+00
4.102457030000000060e+00
4.297860216000000122e+00
4.546717032000000103e+00
4.488325231000000137e+00
4.315601072000000649e+00
4.190088646000000416e+00
4.586369726000000036e+00
4.312538384999999863e+00
4.198848363000000639e+00
4.417597602999999928e+00
4.320392851000000256e+00
4.340649953999999866e+00
4.382167429999999975e+00
4.687763220999999980e+00
4.121492095999999883e+00
4.240902316000000560e+00
4.444556680999999898e+00
4.354440453000000488e+00
4.325168503000000442e+00
4.313358545000000710e+00
4.534258136000000050e+00
4.133764478999999881e+00
4.222326279000000682e+00
4.475597543000000123e+00
4.284561308999999873e+00
4.414038564000000164e+00
4.537320259000000355e+00
4.581552584000000650e+00
4.125629329000000567e+00
4.217966055000000658e+00
4.475706744000000015e+00
4.149715953000000290e+00
4.217452851000000003e+00
4.509220211000000589e+00
4.161320886000000385e+00
4.283667793000000223e+00
4.407546138999999918e+00
4.613223511000000165e+00
4.210309189000000174e+00
4.386322507000000037e+00
4.529294887000000713e+00
4.417369074000000673e+00
4.542873018999999957e+00
4.434547036000000553e+00
4.665003854000000061e+00
4.407221133000000179e+00
4.295206542999999932e+00
4.617468313999999907e+00
4.256250704000000162e+00
4.266267455000000375e+00
4.525996377000000237e+00
4.493117032000000677e+00
4.392318551999999876e+00
4.310078402000000253e+00
4.621571176000000669e+00
4.185037160000000256e+00
4.282659971000000176e+00
4.496425884999999845e+00
4.576568840000000193e+00
4.305829604000000366e+00
4.240635270000000290e+00
4.578470369000000595e+00
4.174359115000000564e+00
4.300884628000000376e+00
4.662533670000000185e+00
4.491362327000000043e+00
4.168378870999999819e+00
4.186207825000000327e+00
4.439364050000000006e+00
4.255775416000000533e+00
4.560621895000000592e+00
4.481332544999999890e+00
4.574096427000000631e+00
4.273458974000000410e+00
4.260956125999999955e+00
4.647545857999999974e+00
4.232188151999999981e+00
4.266291418000000668e+00
4.613968261000000126e+00
4.253234782999999908e+00
4.329229547000000622e+00
4.572080350000000237e+00
4.527012238000000188e+00
4.306783788000000612e+00
4.257632876000000621e+00
4.529945742000000664e+00
4.271866302000000282e+00
4.409780754999999886e+00
4.347453559999999939e+00
4.614675079000000402e+00
4.251977490999999887e+00
4.256281919000000080e+00
4.472554896000000113e+00
4.332688043000000100e+00
4.451941800000000171e+00
4.465522033000000057e+00
4.619775163999999990e+00
4.056624260000000426e+00
4.188830107000000247e+00
4.454253550000000672e+00
4.440408221000000211e+00
4.483016735000000530e+00
4.354915369000000425e+00
4.611491971000000412e+00
4.248307067999999909e+00
4.299621626000000418e+00
4.512083270999999840e+00
4.432998978000000534e+00
4.376533500999999937e+00
4.241261569000000620e+00
4.597524733000000197e+00
4.206450982000000671e+00
4.358150339999999900e+00
4.495839804000000051e+00
4.621814263000000089e+00
4.187786373000000673e+00
4.234452244999999948e+00
4.561329093000000334e+00
4.247697565000000175e+00
4.388476209000000239e+00
4.518057860999999953e+00
4.437888738999999916e+00
4.208932361000000455e+00
4.234051181999999969e+00
4.516269183000000353e+00
4.382543604000000315e+00
4.451510465000000139e+00
4.205079404000000132e+00
4.643575289000000161e+00
4.188756671000000154e+00
4.289631642000000689e+00
4.548386099000000016e+00
4.554643438000000266e+00
4.245154198999999906e+00
4.256218343000000459e+00
4.510791924000000286e+00
4.271101872000000022e+00
4.308204991000000206e+00
4.449606461000000124e+00
4.627980855000000560e+00
4.217939078000000563e+00
4.248126441000000142e+00
4.519790372000000112e+00
4.442009249999999909e+00
4.456462350999999877e+00
4.210840059000000579e+00
4.551560936000000446e+00
4.283338177000000080e+00
4.418241973999999850e+00
4.405535817000000520e+00
4.628848801000000179e+00
4.213477559000000205e+00
4.124688170000000653e+00
4.550797483000000199e+00
4.503446920000000020e+00
4.237666657000000114e+00
4.323807647000000642e+00
4.634208791000000716e+00
4.185738699999999923e+00
4.230176987000000111e+00
4.456805298999999998e+00
4.424440031000000495e+00
4.312290361000000516e+00
4.259600490000000406e+00
4.630020244000000673e+00
4.212044510000000130e+00
4.406863744000000693e+00
4.567440261000000667e+00
4.629981157000000458e+00
4.184957827999999935e+00
4.229367006000000373e+00
4.457035943000000167e+00
4.377380351000000225e+00
4.329298576000000232e+00
4.278428288999999829e+00
4.472168782999999870e+00
4.251535695000000281e+00
4.511855209000000144e+00
4.310559525000000392e+00
4.632964666000000342e+00
4.173180129000000349e+00
4.313381415000000274e+00
4.445679206000000327e+00
4.567391560999999989e+00
4.203576480000000615e+00
2.722051824000000231e+00
2.706738864000000078e+00
2.701734207999999970e+00
2.667927771000000003e+00
2.692178642000000011e+00
2.700069803999999962e+00
2.727103803000000326e+00
2.690545048000000161e+00
2.699199528000000292e+00
2.631937710999999958e+00
4.214953365000000396e+00
4.190462735000000549e+00
4.180968689000000182e+00
4.204436500999999993e+00
4.194568503000000170e+00
4.184957688999999981e+00
4.137777115000000450e+00
4.155653233000000668e+00
4.184551470000000606e+00
4.179801879000000220e+00
4.196121419999999880e+00
4.193501099000000565e+00
4.192385887000000366e+00
4.211694409000000583e+00
4.184308467000000142e+00
4.147529453000000643e+00
4.171624981999999981e+00
4.176458120000000385e+00
4.177823444000000386e+00
4.196979140999999913e+00
4.172223290000000695e+00
4.223137542999999994e+00
4.196120859000000536e+00
4.190422134000000298e+00
4.175488924000000601e+00
4.167414046000000205e+00
4.183950617999999899e+00
4.156449504000000239e+00
4.166946328999999949e+00
4.223265565000000166e+00
4.138698739000000515e+00
4.171074402000000347e+00
4.204293573000000173e+00
4.203835678999999992e+00
4.195990727999999947e+00
4.177866202000000584e+00
4.177173003000000051e+00
4.227111668000000044e+00
4.165751366000000289e+00
4.179147763000000459e+00
4.134637027000000131e+00
4.157096200000000685e+00
4.187655754000000563e+00
4.199795792999999833e+00
4.175728934000000336e+00
4.214742913000000257e+00
4.177515751000000499e+00
4.142297845999999950e+00
4.155126008999999954e+00
3.023048633000000152e+00
2.615368169000000353e+00
2.631661543999999964e+00
2.642569718000000289e+00
2.635169523000000069e+00
2.640566560999999979e+00
2.651222327000000156e+00
2.623089933000000151e+00
2.621678517000000319e+00
2.620376992000000183e+00
4.264118292000000032e+00
4.357831561000000242e+00
4.366847884000000235e+00
4.021619137000000066e+00
4.063847854000000481e+00
4.363231547000000710e+00
4.350096289000000560e+00
4.011167298000000159e+00
4.067559091000000571e+00
4.325756457999999860e+00
4.272580544000000202e+00
4.066732205000000100e+00
4.059410809000000064e+00
4.330191747000000646e+00
4.086809032000000563e+00
4.285137108999999889e+00
4.063269373999999878e+00
4.410528318999999975e+00
4.043968249000000625e+00
4.193402701000000121e+00
4.258574712000000595e+00
4.431953920999999852e+00
4.024768198000000297e+00
4.113524393000000501e+00
4.342970529000000468e+00
4.084091852000000245e+00
4.104301795000000475e+00
4.091449655999999990e+00
4.328807459000000080e+00
4.074929361000000583e+00
4.150952840000000421e+00
4.081723929000000695e+00
4.374321693000000622e+00
4.065201437999999889e+00
4.198075159000000056e+00
4.279701544999999996e+00
4.451707107999999913e+00
4.056455077999999936e+00
4.207556649999999898e+00
4.235647052000000023e+00
4.470736062000000288e+00
4.065395156000000121e+00
4.063089541000000082e+00
4.263148877999999975e+00
4.239897838000000085e+00
4.055994984000000692e+00
4.092460617000000411e+00
4.291246617000000541e+00
4.164647433999999926e+00
4.119791557000000104e+00
4.100350623000000638e+00
4.338374765000000188e+00
4.082503250000000250e+00
4.347535224000000476e+00
4.255847399000000308e+00
4.425973775000000110e+00
4.427149470000000697e+00
4.096408344000000312e+00
4.400358623999999885e+00
4.182099601000000000e+00
4.386659430999999998e+00
4.415065562000000554e+00
4.413820981999999837e+00
4.409292383000000370e+00
4.388570535000000383e+00
4.388247917000000164e+00
4.405055985000000618e+00
4.387292382000000046e+00
4.402212203000000379e+00
4.399827107000000126e+00
4.385169165999999841e+00
4.424961933000000514e+00
4.377661713000000177e+00
4.385407820000000179e+00
4.399702890000000366e+00
4.401585373000000523e+00
4.403115865000000184e+00
4.313585310000000561e+00
4.375772125000000123e+00
4.410097344000000419e+00
4.321992392000000294e+00
4.414165687000000560e+00
4.375019785000000105e+00
2.617473316999999966e+00
2.609426829000000225e+00
2.610246757000000084e+00
2.649017976000000107e+00
2.603748767999999991e+00
2.600740932000000338e+00
2.614154145000000096e+00
4.204814604000000067e+00
4.304771393000000224e+00
4.246917021999999875e+00
4.407078105000000079e+00
4.238310811999999927e+00
4.231675520000000468e+00
4.220286600000000554e+00
4.460276069999999926e+00
4.215454412000000595e+00
4.248352326000000012e+00
4.186240584000000098e+00
4.433992755000000230e+00
4.224470590000000136e+00
4.177050284999999974e+00
4.101217400000000346e+00
4.401269588999999982e+00
4.221108779000000588e+00
4.215821056000000233e+00
4.128550612000000619e+00
4.426709402000000182e+00
4.227304562000000487e+00
4.225033287000000470e+00
4.127468767999999955e+00
4.422297131000000547e+00
4.125844211000000428e+00
4.185458939000000100e+00
4.171045022000000380e+00
4.387338599000000450e+00
4.152571153000000237e+00
4.248065669999999905e+00
4.167940326000000084e+00
4.451741752000000218e+00
4.227702814000000586e+00
4.283447977999999878e+00
4.211230267000000360e+00
4.401439618000000387e+00
4.183320614000000326e+00
4.248977792999999892e+00
4.134234708000000147e+00
4.444520021999999848e+00
4.229258262000000101e+00
4.212057993000000167e+00
4.155462066000000121e+00
4.424185925000000630e+00
4.191881224000000294e+00
4.283812935000000266e+00
4.195649136000000112e+00
4.386253185000000165e+00
4.197769778000000507e+00
4.271334877000000141e+00
4.185051450000000450e+00
4.431693699000000208e+00
4.190470997000000253e+00
4.244454895000000505e+00
4.193507900000000177e+00
4.458765855000000222e+00
4.187123430000000646e+00
4.234116910000000011e+00
4.124503351000000428e+00
4.418521006999999834e+00
4.209735585000000668e+00
4.174932502999999961e+00
4.128919710999999992e+00
4.411075759000000041e+00
4.177307009000000626e+00
4.191332247000000066e+00
4.112183627000000286e+00
4.368415949000000076e+00
4.188867850000000281e+00
4.194239599000000318e+00
4.148801881000000691e+00
4.446336839999999846e+00
4.154085706000000044e+00
4.239701825000000035e+00
4.134694457000000156e+00
4.469106028000000563e+00
4.142197393000000005e+00
4.180967848999999958e+00
4.089321781000000655e+00
4.402602674000000604e+00
4.160576436000000378e+00
4.248224880000000425e+00
4.158586646999999914e+00
4.430620082999999987e+00
4.205475572000000106e+00
4.200128343000000264e+00
4.113923525000000581e+00
4.399792029000000326e+00
4.194969128000000325e+00
4.205482320000000662e+00
4.096957538999999926e+00
4.429451773000000259e+00
4.218489815999999948e+00
4.194688342000000070e+00
4.111518499000000659e+00
4.392060740999999879e+00
4.157718692000000438e+00
4.208579410000000465e+00
4.109930027999999957e+00
4.411957783000000077e+00
4.215752653000000016e+00
4.259330925000000434e+00
4.117960413000000486e+00
4.436879614000000416e+00
4.228633242999999986e+00
4.298741580000000617e+00
4.154372765000000634e+00
4.411508723999999937e+00
4.260899997000000106e+00
4.284894947000000620e+00
4.167568521000000636e+00
4.429085656999999898e+00
4.189515179999999894e+00
4.268438566000000378e+00
4.179634524999999989e+00
4.441707870000000113e+00
4.189114859000000024e+00
4.269069598999999826e+00
4.219113644000000107e+00
4.429886155000000159e+00
4.215322189000000108e+00
4.283016903000000042e+00
4.215736922000000497e+00
4.462824487000000673e+00
4.216799996999999856e+00
4.299254031000000253e+00
4.181171683000000527e+00
4.447548649000000687e+00
4.202735201000000309e+00
4.259384769000000404e+00
4.189242015000000485e+00
4.477742082999999873e+00
4.244103579999999987e+00
4.300294823000000655e+00
4.202923741000000213e+00
4.448576713000000460e+00
4.234264056999999859e+00
4.272012612000000154e+00
4.210201173000000630e+00
4.426589325000000130e+00
3.020912796000000178e+00
2.679229499000000292e+00
2.715336757000000212e+00
2.692687325000000076e+00
2.704263689000000248e+00
2.674551617000000103e+00
2.636615262000000293e+00
2.661042507000000334e+00
2.751698635999999976e+00
3.155264374000000149e+00
4.188999588000000607e+00
4.524120825999999873e+00
4.285294132999999839e+00
4.702136332000000252e+00
3.850606725000000452e+00
2.702073708999999990e+00
2.596905353000000360e+00
2.600900150000000188e+00
2.605399605000000118e+00
2.628621159000000151e+00
2.606021811000000188e+00
2.611671081000000338e+00
2.612130453000000241e+00
2.606755115000000345e+00
4.348232498000000668e+00
4.469581509000000175e+00
4.465664084000000145e+00
4.431907097999999934e+00
4.471883247000000061e+00
4.355664747000000503e+00
2.678807989000000056e+00
2.638399469000000330e+00
2.685525957000000297e+00
2.688063006000000144e+00
2.668707450000000314e+00
2.638938921000000271e+00
2.690756001000000008e+00
2.600127755000000374e+00
2.589034025000000128e+00
2.614939157000000236e+00
2.680683414000000209e+00
4.152402924000000439e+00
4.114746123000000644e+00
4.080984975999999875e+00
4.494205738999999866e+00
4.189305507000000262e+00
4.163544861000000097e+00
4.068268186000000064e+00
4.422695217000000234e+00
4.118991728000000130e+00
4.136587883999999882e+00
4.056032372000000663e+00
4.383458961000000542e+00
4.175755515000000528e+00
4.225829939000000479e+00
4.159473672999999927e+00
4.408228610000000103e+00
4.213434495000000446e+00
4.273182486000000502e+00
4.165162550999999880e+00
4.400371984000000403e+00
4.266126129999999961e+00
4.334176520000000643e+00
4.171178776000000532e+00
4.402279152000000195e+00
4.210958290999999853e+00
4.354207712000000008e+00
4.232544361000000421e+00
4.340063648000000107e+00
4.213763196000000377e+00
4.288247758000000687e+00
4.266891344000000252e+00
4.344485165000000038e+00
4.153499543000000571e+00
4.254002965000000636e+00
4.258586272000000505e+00
4.391874732000000670e+00
4.188546124000000148e+00
4.294997159000000231e+00
4.329802456000000355e+00
4.353301886000000565e+00
4.211424544999999853e+00
4.271675629000000640e+00
4.256775077000000351e+00
4.415869910000000509e+00
4.235178959000000631e+00
4.329444163999999873e+00
4.176383890000000321e+00
4.397063305000000533e+00
4.215604648000000232e+00
4.290987420000000441e+00
4.197616119000000090e+00
4.403830952999999937e+00
4.204800130000000635e+00
4.207016806000000386e+00
4.092024613000000421e+00
4.369885888999999857e+00
4.209655623999999818e+00
4.246618440999999855e+00
4.145662637000000039e+00
4.414408204999999974e+00
4.164074017999999988e+00
4.211862573000000332e+00
4.153450466999999868e+00
4.457949329999999932e+00
4.137071429000000578e+00
4.210891981000000506e+00
4.149903487000000446e+00
4.432286981999999931e+00
4.116407598000000334e+00
4.245633492000000508e+00
4.197262075000000259e+00
4.426237945000000451e+00
4.217161364999999940e+00
4.259060781000000517e+00
4.223852466000000305e+00
4.436034268000000225e+00
4.178136381999999927e+00
4.311398747000000142e+00
4.210343872000000154e+00
4.437333424000000193e+00
4.224786837999999989e+00
4.264515724000000674e+00
4.204893832000000664e+00
4.455760992000000087e+00
4.231651595999999849e+00
4.310716334000000316e+00
4.237739928999999961e+00
4.475345229000000202e+00
4.209881919999999944e+00
4.284274846000000636e+00
4.218522934000000113e+00
4.404265612000000552e+00
4.219142924999999877e+00
4.181477266999999998e+00
4.137888400000000466e+00
4.430614574999999888e+00
4.188810020000000023e+00
4.123615213999999973e+00
4.041583857000000002e+00
4.388726423000000487e+00
4.208995602999999974e+00
4.163727430999999868e+00
4.104203340000000644e+00
4.431607913000000565e+00
4.157992145000000583e+00
4.222859696000000440e+00
4.073121419000000465e+00
4.364395422000000302e+00
4.172898525999999997e+00
4.070432045000000443e+00
4.057522726000000191e+00
4.463921770999999872e+00
4.148127173999999862e+00
4.037816481000000124e+00
4.006869337000000364e+00
4.413219283000000104e+00
4.155202646000000222e+00
4.070719565000000095e+00
4.031468699000000377e+00
4.388722510000000021e+00
4.145055475000000378e+00
4.025386887000000691e+00
3.998735096000000322e+00
4.268811821999999978e+00
4.187684249000000136e+00
4.008735118000000597e+00
4.096129503000000227e+00
4.284705438000000477e+00
4.285787920999999834e+00
4.020141116000000459e+00
4.049516095000000426e+00
4.350857336999999880e+00
4.208260161000000110e+00
4.011973736999999929e+00
4.086595510000000431e+00
4.309511097000000568e+00
4.235612656000000698e+00
3.998723508000000315e+00
4.058049462000000496e+00
4.308055543000000043e+00
4.269808724999999860e+00
4.063364058000000334e+00
4.342615818000000516e+00
4.267725740000000378e+00
4.352829444000000159e+00
4.246230254000000315e+00
4.288658313000000000e+00
4.085690161000000487e+00
4.408739358000000053e+00
4.174493149999999986e+00
4.190576392000000538e+00
4.048413653999999973e+00
4.378175087000000687e+00
4.141445150000000019e+00
4.086944820000000256e+00
3.973214097000000056e+00
4.356781899000000458e+00
4.154755882999999983e+00
3.976767963000000350e+00
3.985681699000000133e+00
4.294345251000000196e+00
4.107759553000000174e+00
4.002196290000000545e+00
4.024603680000000239e+00
4.383058162000000202e+00
4.177023119000000229e+00
3.989091794000000135e+00
3.981353829000000122e+00
4.293028513000000324e+00
4.271402930999999903e+00
3.979262026000000230e+00
4.143819649000000105e+00
4.262238604000000208e+00
4.345945960999999969e+00
4.184677494999999858e+00
4.267255372000000158e+00
4.042533671000000162e+00
4.427915351000000221e+00
4.178905343000000272e+00
4.069413485000000108e+00
3.981585758000000030e+00
4.322898267000000239e+00
4.139698530000000432e+00
3.991263476000000310e+00
3.994279653000000430e+00
4.291415412000000096e+00
4.328543590999999857e+00
4.548294668000000485e+00
3.967786347000000102e+00
4.353947984000000382e+00
4.161584057999999864e+00
3.985439218000000228e+00
4.069288583000000514e+00
4.232404380000000188e+00
4.404974431000000301e+00
4.204986020000000657e+00
4.268146051000000440e+00
4.027135537000000376e+00
4.408834098000000701e+00
4.157350822000000612e+00
4.106255022000000032e+00
4.035980036999999854e+00
4.449436547000000353e+00
4.169793423000000665e+00
4.021531511000000059e+00
3.989314388000000378e+00
4.363861804999999983e+00
4.161390675999999900e+00
3.991783256000000168e+00
4.066922133000000272e+00
4.259184943000000168e+00
4.201397930000000613e+00
4.042662945000000008e+00
3.994417749000000128e+00
4.322339668000000579e+00
4.201482830999999862e+00
4.035036453000000023e+00
4.524933765000000108e+00
4.553287794000000055e+00
4.209788367000000697e+00
4.349729259000000070e+00
4.311320423000000623e+00
4.619583663000000229e+00
2.652370810000000301e+00
3.998165875000000202e+00
4.316927623999999852e+00
4.418911568000000401e+00
4.433836832999999977e+00
4.390935803000000526e+00
4.415693359000000484e+00
4.335249110000000350e+00
4.456405469999999980e+00
4.426939486000000201e+00
4.459266718000000296e+00
4.341582990000000031e+00
4.308198199000000450e+00
4.422104751000000000e+00
4.443357655999999878e+00
4.413949017000000197e+00
4.457103469000000651e+00
4.315878522000000217e+00
4.477494689000000250e+00
4.408877967000000453e+00
4.410196875000000460e+00
4.402454404000000210e+00
4.313619878999999990e+00
4.465263392999999859e+00
4.455155387000000466e+00
4.401120227000000718e+00
4.449557698000000450e+00
4.326486454000000315e+00
4.430816899999999947e+00
4.411933927000000644e+00
4.457104260000000373e+00
4.425957615000000622e+00
4.325122311000000330e+00
4.400358311000000633e+00
4.483395608000000365e+00
4.433353694000000011e+00
4.442295195000000696e+00
4.317928127000000060e+00
4.478711171000000490e+00
4.446930093000000639e+00
4.406845924999999831e+00
4.434906156000000266e+00
4.298844583000000164e+00
4.445590280000000227e+00
4.433013904000000061e+00
4.439411789000000219e+00
4.457525371000000014e+00
4.282292326000000315e+00
4.434826613000000251e+00
3.794548966000000245e+00
4.417563185000000558e+00
4.123958625000000211e+00
4.248161678000000663e+00
4.449384364000000147e+00
3.452624734000000029e+00
2.911144958000000393e+00
4.365120764000000264e+00
2.685500791000000387e+00
2.714483253000000040e+00
2.715311402000000207e+00
2.698039837000000052e+00
2.698531514999999992e+00
2.649909430000000121e+00
2.600377648000000264e+00
2.593554676000000114e+00
2.624627151000000325e+00
2.582466559000000217e+00
2.603705802000000347e+00
2.611558213000000350e+00
2.619031647000000351e+00
2.600806970000000273e+00
2.584865487000000073e+00
2.578234903000000244e+00
4.219477678000000509e+00
2.589134546000000370e+00
2.601593837000000242e+00
2.593441644999999962e+00
2.591335829000000146e+00
2.598243112000000021e+00
2.590732017000000109e+00
2.590293803000000228e+00
2.591763279000000253e+00
2.602869196999999968e+00
2.627060573000000065e+00
2.590818688000000147e+00
4.309723850000000134e+00
4.326908683000000089e+00
4.229249850000000421e+00
4.297654453999999902e+00
4.328119610999999978e+00
4.289705699000000649e+00
4.328396491000000346e+00
4.295714881000000318e+00
4.307893820000000318e+00
4.312748710000000152e+00
4.191809650000000609e+00
4.317599688000000491e+00
4.274736381000000307e+00
4.298285687999999993e+00
4.305347809000000581e+00
4.219051831999999891e+00
4.320305006999999975e+00
4.320016923999999925e+00
4.274696347999999979e+00
4.323536090000000165e+00
4.311579119000000127e+00
4.299030065000000178e+00
4.325166574000000708e+00
4.210755103000000332e+00
4.299791351000000539e+00
4.308733417000000010e+00
4.300290969000000629e+00
4.317148371000000040e+00
3.534108024000000015e+00
4.296898918000000123e+00
4.301470740000000070e+00
2.587263073999999996e+00
2.595209824000000332e+00
2.574217230000000356e+00
2.582096288000000239e+00
2.597204527000000152e+00
2.590311813000000019e+00
2.592992157000000297e+00
2.594255882000000124e+00
2.607320032000000065e+00
2.799770429000000060e+00
2.663801084000000152e+00
2.609131061000000251e+00
2.614276407000000191e+00
2.810367612000000292e+00
2.646435820000000216e+00
2.628394687000000118e+00
2.796382639000000392e+00
2.668129808000000214e+00
2.686627722000000329e+00
2.740334771000000114e+00
2.706697089000000389e+00
2.738919622000000054e+00
2.747021096000000107e+00
2.751348569000000133e+00
2.714041451000000382e+00
2.728930488000000043e+00
2.760244378000000331e+00
2.746018006999999983e+00
2.624460979000000194e+00
2.653977831000000176e+00
2.576897951000000297e+00
2.606185661000000042e+00
2.616089569000000115e+00
2.629011852000000093e+00
2.611298780000000264e+00
2.615655414999999984e+00
2.604098073000000291e+00
2.597591822000000050e+00
2.642383763000000219e+00
2.617613267000000299e+00
2.716520657000000227e+00
2.628970135999999957e+00
2.616623922000000046e+00
2.619327933000000108e+00
2.586876583000000007e+00
2.731074664999999957e+00
2.686366165000000361e+00
2.691085152000000313e+00
2.669792351000000341e+00
2.748510664000000325e+00
2.724838441000000167e+00
2.592450499000000352e+00
2.598467480000000052e+00
2.854200186000000361e+00
2.609635004000000258e+00
2.710104121000000088e+00
2.718827105000000355e+00
2.723353116000000185e+00
2.611226983999999973e+00
2.623589402000000348e+00
2.612399431000000050e+00
2.618409835000000019e+00
2.644931040999999983e+00
2.632893655000000166e+00
2.605942191000000019e+00
2.601572728000000279e+00
2.591819070000000114e+00
2.608821189000000373e+00
2.634246636000000308e+00
2.612964889000000124e+00
2.709681907000000223e+00
2.714423331999999967e+00
2.704391422000000045e+00
2.700728495000000340e+00
2.698278892000000262e+00
2.683441279000000179e+00
2.697079790000000088e+00
2.700570126000000126e+00
2.701227704999999979e+00
2.664510421000000129e+00
2.667826024000000018e+00
2.696691284999999993e+00
2.596024252000000310e+00
2.695071895000000328e+00
2.707680172000000329e+00
2.692196334000000135e+00
2.708783605000000261e+00
2.913462105000000246e+00
2.718290306000000101e+00
2.715491890000000019e+00
2.707518279000000305e+00
2.708354936000000102e+00
2.713178276000000277e+00
2.708247280000000146e+00
2.687441090000000088e+00
2.705315893000000305e+00
2.751057425000000389e+00
2.760767745999999967e+00
2.689937965000000375e+00
2.717751887000000366e+00
2.698651941000000054e+00
2.653350060000000177e+00
2.725174489000000033e+00
2.685428004000000257e+00
2.691649766000000277e+00
2.686928659000000330e+00
2.699882756000000050e+00
2.687926414000000097e+00
2.695959065000000265e+00
2.704481533000000049e+00
2.713076679000000269e+00
2.723597334000000370e+00
2.691791736999999962e+00
2.603938483999999942e+00
2.599814134000000276e+00
2.594239985000000193e+00
2.614320335000000384e+00
2.612234970000000267e+00
2.593722464000000283e+00
2.602327024000000044e+00
2.600808028999999966e+00
2.602425511999999941e+00
2.604447686000000317e+00
2.623788590000000198e+00
2.584638581000000102e+00
2.597665652000000325e+00
2.599527144000000067e+00
2.608808817999999974e+00
2.602420160000000315e+00
2.611111906000000094e+00
2.601552099000000062e+00
2.587481132000000184e+00
2.589189289000000116e+00
2.619273158000000379e+00
2.594101149000000106e+00
2.596708600000000366e+00
2.590555125000000292e+00
2.992622451000000350e+00
2.596457921000000280e+00
2.596194429000000081e+00
2.717128095000000076e+00
2.675961068999999970e+00
2.696960533000000382e+00
2.680513499000000355e+00
2.702385628000000040e+00
2.702939737000000342e+00
2.654638571000000002e+00
2.645160637000000037e+00
2.605865896000000070e+00
2.595731183000000275e+00
2.622784488000000191e+00
2.615394281000000376e+00
2.604937897000000113e+00
2.590988304000000131e+00
2.690887007000000164e+00
2.694649931000000276e+00
2.687763626000000183e+00
2.698228504000000250e+00
2.710752681000000219e+00
2.834877450000000021e+00
2.695266061000000324e+00
2.710209621000000180e+00
2.712326113000000039e+00
2.596036200000000349e+00
2.589750040000000197e+00
2.590592840000000230e+00
2.615612197999999999e+00
2.596720390000000211e+00
2.695065225000000009e+00
2.678984905000000083e+00
2.696049993000000367e+00
2.703722300000000356e+00
2.701425801000000071e+00
2.684052968000000039e+00
2.690120632000000178e+00
2.599417113000000334e+00
2.605830565000000210e+00
2.594675174000000251e+00
3.170495607000000327e+00
4.106212600000000101e+00
4.059098462000000573e+00
4.052544837000000122e+00
4.597667122999999911e+00
4.145924556999999844e+00
4.299479357000000057e+00
4.499269621999999913e+00
4.621746843000000382e+00
4.158090293999999965e+00
4.298071317999999863e+00
4.460853033000000245e+00
4.457541725000000454e+00
4.231457609000000453e+00
4.231062907000000095e+00
4.432375513000000211e+00
4.429015468000000233e+00
4.280750121000000519e+00
4.430699254000000309e+00
4.612124101000000032e+00
4.171183092000000592e+00
4.235419314000000490e+00
4.455523428000000230e+00
4.412709238000000589e+00
4.259917941000000319e+00
4.217718810000000040e+00
4.493484577000000257e+00
4.215162985000000084e+00
4.431193141000000502e+00
4.252311048000000149e+00
4.641590433000000182e+00
4.162828358000000506e+00
4.413898732999999908e+00
4.506464594000000545e+00
4.637290709000000177e+00
4.152888118999999989e+00
4.295727369000000628e+00
4.482140747999999952e+00
4.602997092999999929e+00
4.229209727000000640e+00
4.250387589999999882e+00
4.575876265999999859e+00
4.462631829000000216e+00
4.204256996999999885e+00
4.231517836000000088e+00
4.496666996000000083e+00
4.392031085000000168e+00
4.214646701000000384e+00
4.249443621000000171e+00
4.438815692000000368e+00
4.373077160000000241e+00
4.287857566000000453e+00
4.251302245999999840e+00
4.479949160000000319e+00
4.246266323000000398e+00
4.424874914000000103e+00
4.446286265000000348e+00
4.603717489000000107e+00
4.197927381000000402e+00
4.413568699000000706e+00
4.392966820000000716e+00
4.611349929000000181e+00
4.163360727000000594e+00
4.295805493000000475e+00
4.505940396000000625e+00
4.542411294999999960e+00
4.170037019000000456e+00
4.206997319000000068e+00
4.546769280000000357e+00
4.464633072999999897e+00
4.184260698000000112e+00
4.277714570000000549e+00
4.590611907000000436e+00
4.444547958000000243e+00
4.193745738000000500e+00
4.234678075000000597e+00
4.497786465999999983e+00
4.437229485000000473e+00
4.204530383000000704e+00
4.257182054000000271e+00
4.432233572000000343e+00
4.264662876000000047e+00
4.449508283000000120e+00
4.239823111999999838e+00
4.637814596000000122e+00
4.171834830999999966e+00
4.499389708999999904e+00
4.254942266000000473e+00
4.622490527000000071e+00
4.160874721999999970e+00
4.368881717999999914e+00
4.251843906000000395e+00
4.626704060000000673e+00
4.176741708999999858e+00
4.373851301000000191e+00
4.433042821999999994e+00
4.572856762999999880e+00
4.219864270000000417e+00
4.262427760000000454e+00
4.444215889000000530e+00
4.579362507999999998e+00
4.154667023000000015e+00
4.376822003000000016e+00
4.423471959000000453e+00
4.631379917000000290e+00
4.153451757000000022e+00
4.367842483000000442e+00
4.432008693000000221e+00
4.583904418000000369e+00
4.163868900999999845e+00
4.331999229000000007e+00
4.478354841000000697e+00
4.552953700000000659e+00
4.185340118000000054e+00
4.305042024000000467e+00
4.489740477000000674e+00
4.581106499000000554e+00
4.205164416000000571e+00
4.250107125000000430e+00
4.582055962000000093e+00
4.520419650000000011e+00
4.182137090000000335e+00
4.244474626000000583e+00
4.516344405999999978e+00
4.367562597000000046e+00
4.226912544000000160e+00
4.231648235000000646e+00
4.471382018999999985e+00
4.258930669000000613e+00
4.377078156000000497e+00
4.211158551000000472e+00
4.625160232999999899e+00
4.207562655000000262e+00
4.358789381000000240e+00
4.500530876000000013e+00
4.567903836000000162e+00
4.141880138000000322e+00
4.221178019999999975e+00
4.491725172000000654e+00
4.437643902000000473e+00
4.164013609000000393e+00
4.179637606000000005e+00
4.434383150000000384e+00
4.230915433999999919e+00
4.319062026000000110e+00
4.199827334000000079e+00
4.553538203000000451e+00
4.181848825000000325e+00
4.425171001999999909e+00
4.352824104000000638e+00
4.592874233999999944e+00
4.165114151000000042e+00
4.209340128000000014e+00
4.527648448999999964e+00
4.389443766000000302e+00
4.169880103000000560e+00
4.213976313999999945e+00
4.458595390000000158e+00
4.426686172000000141e+00
4.411370960000000174e+00
4.213005256999999837e+00
4.569509179000000643e+00
4.192456609000000611e+00
4.416376468000000166e+00
4.387691564000000710e+00
4.652852709000000253e+00
4.164751675000000652e+00
4.279188023000000562e+00
4.463373521000000288e+00
4.507336936000000627e+00
4.162156687000000410e+00
4.250188529999999965e+00
4.352468409000000094e+00
4.426264559000000709e+00
4.423879988000000374e+00
4.445240931999999923e+00
4.416420995000000183e+00
3.671352610000000016e+00
4.185603427000000210e+00
4.215605184000000172e+00
4.454031191000000334e+00
4.245657578000000321e+00
4.379360860000000244e+00
4.494835704000000653e+00
4.593341892000000648e+00
4.166516964000000378e+00
4.267961863000000022e+00
4.475887671000000623e+00
4.555520259000000571e+00
4.183509098000000037e+00
4.218851582000000100e+00
4.455530126000000202e+00
4.294341816000000200e+00
4.378910204000000306e+00
4.374043448000000112e+00
4.570763909000000069e+00
4.125446579000000114e+00
4.330833366000000240e+00
4.496942434000000155e+00
4.478342151000000548e+00
4.222987261000000103e+00
4.218919055000000640e+00
2.677418540000000124e+00
2.583052254000000048e+00
2.602425112000000151e+00
2.698102975000000292e+00
4.279868581000000560e+00
4.188543265999999932e+00
4.389148282999999928e+00
4.189518248000000611e+00
4.274935343000000110e+00
4.054740433000000088e+00
4.385341752000000426e+00
4.133750244999999879e+00
4.084681026000000159e+00
4.092812201000000094e+00
4.334688403000000356e+00
4.236066912000000073e+00
4.017898296000000258e+00
4.012060524000000683e+00
4.355172987000000440e+00
4.148081606999999948e+00
4.048536352000000171e+00
4.057498425000000353e+00
4.398162436000000675e+00
4.199547951000000445e+00
4.158203463000000433e+00
4.061549169000000070e+00
4.411048727999999919e+00
4.281170663000000154e+00
4.207050248999999909e+00
4.511980473000000380e+00
4.476365530000000703e+00
4.530664638000000188e+00
4.327006766000000226e+00
4.513531679000000629e+00
4.380910497000000348e+00
4.568959047999999967e+00
4.428064159999999916e+00
4.463339483000000385e+00
4.370479319000000196e+00
4.612001113999999902e+00
4.373536231000000107e+00
4.433533010000000552e+00
4.279625310000000127e+00
4.539119503000000222e+00
4.372790296999999882e+00
4.490792785000000009e+00
4.194193488999999886e+00
4.579481648999999877e+00
4.366161707999999919e+00
4.365384785999999906e+00
4.279720935000000281e+00
4.643074405000000127e+00
4.434097055000000509e+00
4.450045924000000319e+00
4.254003766000000297e+00
4.587954193999999930e+00
4.343832467000000364e+00
4.401504883000000312e+00
4.251751411999999952e+00
4.554996222999999844e+00
4.331416920000000559e+00
4.361010437000000017e+00
4.345717649000000016e+00
4.617264182000000439e+00
4.326674923000000561e+00
4.406316005999999952e+00
2.683170002000000220e+00
2.676712174000000388e+00
2.665548125000000379e+00
2.676141868000000201e+00
2.606566810000000345e+00
2.681140821000000063e+00
2.669869429000000238e+00
2.675285479000000244e+00
2.680948830000000171e+00
2.700500364000000264e+00
2.710593582000000001e+00
2.672766458999999983e+00
2.659011584000000372e+00
2.666458480000000186e+00
2.690473948000000171e+00
2.676898391000000377e+00
2.593919393000000184e+00
2.586442356000000053e+00
2.585456940000000259e+00
2.612764065000000357e+00
2.584010256000000005e+00
2.688460517000000216e+00
2.625443714000000206e+00
2.680275370000000379e+00
2.694414193000000068e+00
2.644552587000000177e+00
2.588189426000000015e+00
2.587701725000000064e+00
2.591383754000000206e+00
2.603523403000000069e+00
2.595781112000000057e+00
2.607117625999999966e+00
2.592647917999999940e+00
2.607487276000000076e+00
2.597571008000000070e+00
2.598409130000000289e+00
2.616522763999999945e+00
2.596543269000000098e+00
2.593492106000000241e+00
2.594065507000000270e+00
2.588560205000000281e+00
2.623047142999999970e+00
2.603766897000000302e+00
2.596988657000000256e+00
2.595717919000000151e+00
3.930038018000000299e+00
2.606494588000000334e+00
2.580523519000000210e+00
2.596395584000000145e+00
2.586765547000000165e+00
3.815041442000000060e+00
2.589374253999999986e+00
2.636950386000000091e+00
2.588771573000000270e+00
2.652683309000000378e+00
3.080876885999999981e+00
2.677678114000000331e+00
2.704628132000000296e+00
2.649519564000000216e+00
2.705266998000000367e+00
2.677813151000000058e+00
2.678847082999999962e+00
2.677397417000000335e+00
2.684294880000000383e+00
2.707346129000000268e+00
2.626535170000000363e+00
2.591789856000000114e+00
2.588785625999999951e+00
2.925680893000000005e+00
4.402559531000000526e+00
4.238922932000000365e+00
4.324364295000000524e+00
4.197803915000000607e+00
4.502172056000000033e+00
4.688376272000000178e+00
4.435295949000000348e+00
4.097328019999999960e+00
3.710098840000000120e+00
3.712375234000000024e+00
3.701849461000000119e+00
4.171233303000000170e+00
4.378498903000000553e+00
4.319611992000000456e+00
4.314261495000000224e+00
4.195337122999999835e+00
4.320514476000000492e+00
4.230712836000000365e+00
4.391133332999999972e+00
4.263949901000000153e+00
4.235516883999999926e+00
4.148837255000000113e+00
4.411419042000000346e+00
4.198129946999999973e+00
4.204475570000000495e+00
4.108310530000000682e+00
4.429525556000000641e+00
4.126496501000000094e+00
4.191612713000000490e+00
4.105654883000000588e+00
4.445300154999999975e+00
4.140618202000000636e+00
4.240277614000000028e+00
4.102578835000000090e+00
4.401260751000000582e+00
4.154409402000000640e+00
4.185679433999999866e+00
4.047475581000000489e+00
4.379753471999999981e+00
4.205792989999999953e+00
4.165471736999999841e+00
4.142889349999999915e+00
4.439836899000000336e+00
4.229482465000000246e+00
4.163172777000000657e+00
4.081286164999999855e+00
4.394031434000000402e+00
4.225093838000000268e+00
4.164902763000000618e+00
4.097180307000000354e+00
4.408273507000000535e+00
4.145777214000000654e+00
4.062754861000000162e+00
4.008017832000000169e+00
4.346369376000000173e+00
4.137795897000000167e+00
4.046486122000000130e+00
3.979762708000000426e+00
4.350123884000000274e+00
4.160289367999999932e+00
4.096219836000000392e+00
4.041424627000000491e+00
4.334902804000000387e+00
4.168752038000000049e+00
4.051769257000000124e+00
4.036054641999999859e+00
4.371621677000000261e+00
4.233812670999999916e+00
3.998582048000000277e+00
4.039801264000000280e+00
4.308858336000000122e+00
4.202401727000000697e+00
3.994040923000000465e+00
4.055495454999999971e+00
4.256613751000000612e+00
4.253690626000000030e+00
3.974852943000000138e+00
4.037932580000000549e+00
4.278881661000000669e+00
4.191454302000000354e+00
4.025497387000000593e+00
4.013153049000000472e+00
4.336922141000000508e+00
4.195167510000000100e+00
3.998129555000000224e+00
4.064860075000000350e+00
4.352114588000000062e+00
4.224946835999999983e+00
3.999859228000000044e+00
4.011447447000000111e+00
4.361879791999999867e+00
4.180917082000000562e+00
3.993155479000000341e+00
4.022519475000000178e+00
4.329561674999999887e+00
4.165420079000000442e+00
4.087737330000000391e+00
4.018313795000000077e+00
4.392138216000000206e+00
4.165880222000000188e+00
4.080695429000000374e+00
3.972560141000000211e+00
4.329073350000000708e+00
4.185326061000000486e+00
3.956163041000000380e+00
3.965778272000000104e+00
4.295924106000000187e+00
4.118288122000000051e+00
4.020823205000000122e+00
3.956378031000000295e+00
4.306114618000000505e+00
4.115456101000000366e+00
4.042189975000000324e+00
3.972746446000000375e+00
4.320651491000000455e+00
4.091336418000000030e+00
4.000671920000000270e+00
3.975523236000000349e+00
4.307653187000000550e+00
4.132636681000000145e+00
4.017200566000000528e+00
3.970967427000000161e+00
4.325809432999999871e+00
4.110119270000000213e+00
4.014860951000000178e+00
4.020161115000000507e+00
4.327660930000000405e+00
2.595631051000000244e+00
2.583458172000000275e+00
2.607419656000000252e+00
2.598644997000000068e+00
2.588318748000000280e+00
2.585857510999999942e+00
2.608704220000000351e+00
3.313756350000000239e+00
4.064891430000000305e+00
4.039571919000000122e+00
4.274278237999999952e+00
4.058771503000000003e+00
4.264990938000000398e+00
4.024542305000000653e+00
4.252000735000000198e+00
4.202292335000000101e+00
4.311813814000000633e+00
4.102228648000000533e+00
4.440894824999999990e+00
3.999321951000000208e+00
4.192969162000000694e+00
4.251718389000000542e+00
4.427588282000000319e+00
4.014326200000000178e+00
4.201902263000000026e+00
4.294255388999999923e+00
4.441406350000000280e+00
4.034437623000000528e+00
4.103070619000000363e+00
4.310165937999999919e+00
4.370936109000000513e+00
3.998878539000000121e+00
4.068853522000000389e+00
4.339755457999999955e+00
2.586076085000000191e+00
2.594514825000000080e+00
2.589958531000000175e+00
2.628784781000000237e+00
2.589742050999999989e+00
2.589291517000000376e+00
2.599652620000000081e+00
2.586048944000000294e+00
2.590296536000000316e+00
2.889195343000000360e+00
2.591774485000000183e+00
4.133655200000000640e+00
4.026967971000000368e+00
4.435453597000000414e+00
4.129541852000000013e+00
4.139066248999999864e+00
4.056230377000000331e+00
2.603576163000000054e+00
2.684758301000000014e+00
2.693894677000000293e+00
2.680583311000000357e+00
2.598944374000000224e+00
2.594178041000000157e+00
2.602948973000000166e+00
2.588849555000000358e+00
2.598551851000000301e+00
4.282504884000000622e+00
4.254765486000000152e+00
4.278839518999999925e+00
4.130095866000000449e+00
4.478871013000000012e+00
4.016701353000000196e+00
3.598098581000000351e+00
2.594273621000000141e+00
2.586807107000000272e+00
2.681903577000000372e+00
4.353217606000000295e+00
4.473371504000000165e+00
4.303106386000000505e+00
4.142066479000000356e+00
4.000679425000000400e+00
3.989119496000000265e+00
4.306167170000000155e+00
4.198246472000000118e+00
3.968858235000000345e+00
4.062217212000000188e+00
4.309787227000000165e+00
4.174110097999999880e+00
3.945391674000000126e+00
4.056015343000000328e+00
4.318277292000000323e+00
4.285055950000000280e+00
4.085685794999999843e+00
4.245921019999999935e+00
4.229125895000000135e+00
4.342585028000000236e+00
4.223184064999999876e+00
4.264588964000000537e+00
4.020554571999999993e+00
4.374895046000000676e+00
4.159011536000000397e+00
4.069537389000000616e+00
4.034042625000000548e+00
4.374330543000000127e+00
4.148530102000000497e+00
3.984024368000000038e+00
3.968734788000000346e+00
4.313757207000000093e+00
4.241351465000000154e+00
4.231308280000000366e+00
4.397178649999999855e+00
4.645799232999999973e+00
4.393430158000000141e+00
4.346757174000000390e+00
4.313664759999999987e+00
4.602026614000000571e+00
4.415239345999999898e+00
4.418662583000000588e+00
4.399245882999999857e+00
4.637359839000000150e+00
4.372297232000000200e+00
4.366753672000000641e+00
4.305907186999999858e+00
4.611546673000000318e+00
4.369321436999999975e+00
4.416724469000000042e+00
4.297472660000000388e+00
4.662752230000000608e+00
4.455023622000000572e+00
4.342589670000000623e+00
4.268501556000000363e+00
4.544309046000000407e+00
4.390627778000000703e+00
4.301207462000000703e+00
4.176194476000000044e+00
4.639892807999999924e+00
4.393161800000000561e+00
4.342476861000000632e+00
4.287024334999999908e+00
4.626620276000000587e+00
4.402618614000000541e+00
4.382980592000000009e+00
4.314390648999999911e+00
4.620931212000000343e+00
4.355141355000000658e+00
4.323640090000000491e+00
4.289258590000000204e+00
4.621916515000000558e+00
4.357393628000000518e+00
4.243990149000000045e+00
4.195038347000000556e+00
4.651789356000000097e+00
4.402258806999999941e+00
4.301440612000000385e+00
4.237853242999999992e+00
4.611351091000000402e+00
4.415293222999999934e+00
4.370523523000000132e+00
4.262298123999999966e+00
4.637868313000000242e+00
4.404158172999999898e+00
4.403945537000000243e+00
4.319902968000000065e+00
4.715727058000000582e+00
4.378556098999999868e+00
4.413139210000000645e+00
4.353194230000000609e+00
4.664717389999999853e+00
4.437653708000000030e+00
4.543687863000000604e+00
4.479550444000000020e+00
4.562092729000000624e+00
4.431863403000000368e+00
4.504737293999999892e+00
4.472776510000000094e+00
4.596493362000000360e+00
4.458889657000000284e+00
4.521148557000000068e+00
4.468478890000000092e+00
4.619114878000000424e+00
4.496909802000000234e+00
4.461460655000000664e+00
4.365367784000000029e+00
4.640880724000000512e+00
4.455387155000000377e+00
4.381414202000000202e+00
4.291360642999999975e+00
4.633202895000000154e+00
4.387173440999999841e+00
4.346499049000000170e+00
4.259576417999999975e+00
4.630995139000000371e+00
4.363198653000000427e+00
4.299975621000000636e+00
4.251439434999999989e+00
4.621526839000000386e+00
4.376105074999999900e+00
4.333713699000000474e+00
4.254218685000000555e+00
2.699473985000000020e+00
2.681641189000000036e+00
2.705110915000000116e+00
2.740578473000000237e+00
2.589296994000000129e+00
2.602579799000000360e+00
2.593250209000000250e+00
2.593504189999999987e+00
2.628619726000000156e+00
2.603084686000000314e+00
4.407827310000000054e+00
4.369049903000000512e+00
4.384424758000000644e+00
4.404746052000000134e+00
4.376567125000000225e+00
4.371615349999999900e+00
4.382071579000000661e+00
4.389076246000000125e+00
4.358988644000000079e+00
4.374829303000000280e+00
4.382124923000000116e+00
4.267982568999999948e+00
4.389838410000000302e+00
4.370120363999999924e+00
4.257221068000000663e+00
4.374141520000000227e+00
4.375136895000000692e+00
4.239775955000000707e+00
4.372284407000000428e+00
4.397902987000000152e+00
4.213999901000000214e+00
4.388049880000000513e+00
4.400333992000000194e+00
4.253737926000000336e+00
4.391948297999999973e+00
4.370667520000000472e+00
4.289341772000000219e+00
4.407639274000000107e+00
4.368195199000000528e+00
4.266673259000000051e+00
4.388653209000000111e+00
4.413595812000000507e+00
4.305925674000000036e+00
4.390018814000000269e+00
4.370529319000000079e+00
4.350571245000000253e+00
4.421588594000000150e+00
4.367376559000000213e+00
4.391545525000000616e+00
4.401760591000000389e+00
4.375796557000000142e+00
4.366269760999999860e+00
4.375222296000000455e+00
4.390938768999999908e+00
4.412361478000000226e+00
4.391208083000000428e+00
4.395609610000000167e+00
4.371811891000000116e+00
4.376866641000000335e+00
4.420502675000000714e+00
4.383387894000000173e+00
4.391022948999999898e+00
4.369211800000000423e+00
4.377374318000000208e+00
4.414016358000000473e+00
4.370741822000000276e+00
4.401662549000000091e+00
4.385186969000000268e+00
4.400294337000000056e+00
4.416157321000000024e+00
4.377796133000000367e+00
4.430219178000000646e+00
4.392642741000000406e+00
4.384277866000000579e+00
4.450966679000000426e+00
4.394812438999999848e+00
4.414033422000000151e+00
4.398573466000000209e+00
4.378999546000000187e+00
4.404071325000000314e+00
4.392076099000000511e+00
4.386655304000000477e+00
4.422617707000000564e+00
4.441158752000000653e+00
4.377552546000000433e+00
4.388409655000000242e+00
4.372964279000000509e+00
4.423312694000000711e+00
4.369672073000000267e+00
4.367865660000000538e+00
4.371786943000000036e+00
4.343914104000000442e+00
4.437257376000000697e+00
4.361752837000000049e+00
4.325613870000000638e+00
4.375720276000000020e+00
4.375975548000000437e+00
4.312821529000000709e+00
4.369007713000000237e+00
4.382823053000000080e+00
4.271480675000000282e+00
4.377250361000000645e+00
4.375857321000000688e+00
4.193795354000000586e+00
4.342353189000000668e+00
4.363070213000000308e+00
4.387984228000000542e+00
4.255840726999999823e+00
4.288297306000000475e+00
4.259263255000000470e+00
4.249745135000000396e+00
4.159669330999999914e+00
4.335657949000000677e+00
4.331400883000000590e+00
4.380717283000000073e+00
4.210276213000000212e+00
4.208724750000000014e+00
4.308561620999999953e+00
4.456340146000000502e+00
4.180359822000000669e+00
4.270079109000000095e+00
4.384939970000000464e+00
4.289006560000000690e+00
4.484319414999999864e+00
4.192469016000000437e+00
4.358808697000000620e+00
4.249502169000000329e+00
4.020538798000000469e+00
4.063158583999999962e+00
4.288274777999999898e+00
4.258826069000000381e+00
3.988199168000000405e+00
4.147776005999999960e+00
4.338963608000000249e+00
4.320416518000000039e+00
4.028064190000000266e+00
4.125295112999999958e+00
4.416226745000000342e+00
4.212582316999999854e+00
4.024948476000000497e+00
4.092540937999999962e+00
4.322833665000000103e+00
4.260900256000000219e+00
4.139185551999999824e+00
4.065241519000000636e+00
4.316075381000000100e+00
4.160778243000000209e+00
4.111434104000000644e+00
4.142361225000000147e+00
4.414195776000000571e+00
4.218286202000000706e+00
4.175135297000000634e+00
4.167177589000000459e+00
4.475896471000000432e+00
4.181263443000000635e+00
4.095663694999999827e+00
4.133253357000000072e+00
4.454473353000000024e+00
4.238496558000000469e+00
4.294155982000000371e+00
4.330619619000000142e+00
4.485799381000000530e+00
4.209548539000000034e+00
4.253998575999999865e+00
4.251106736000000552e+00
4.429699754000000489e+00
4.251099510000000414e+00
4.248340400000000017e+00
4.218934921999999865e+00
4.395882574000000709e+00
4.211741833000000490e+00
4.199439135000000434e+00
4.271721187999999891e+00
4.387720128000000663e+00
4.372102364999999935e+00
4.250555814000000154e+00
4.171928315000000609e+00
4.216646777000000235e+00
4.106195688000000565e+00
4.117505068999999907e+00
4.358538711000000454e+00
4.115780245999999920e+00
4.441048121000000570e+00
4.391281575999999909e+00
4.047845648000000018e+00
4.098562718000000160e+00
4.447408282000000490e+00
4.426398402000000232e+00
4.086982906000000249e+00
4.237800663000000689e+00
4.302274449000000445e+00
4.433054034000000421e+00
4.015118061999999988e+00
4.156481112999999894e+00
4.408991739000000187e+00
4.442156244000000420e+00
4.125588393000000131e+00
4.082276744000000512e+00
4.385033575000000461e+00
4.243364627000000056e+00
4.178834288000000008e+00
4.077512570000000558e+00
4.558175771000000154e+00
4.385841619999999885e+00
4.148916824000000503e+00
4.128160784000000305e+00
4.452989636999999945e+00
4.114312187000000343e+00
4.251678995000000683e+00
4.038951389000000169e+00
4.478213122000000546e+00
4.286882340000000013e+00
4.095280060000000333e+00
4.166307419999999873e+00
4.416970763000000133e+00
4.468923257000000149e+00
4.045794960000000273e+00
4.136743336000000326e+00
4.180253325999999880e+00
4.520497243000000331e+00
4.026731757000000300e+00
4.191263775000000358e+00
4.140293506999999984e+00
4.331634806000000282e+00
4.123008183000000493e+00
4.344767343000000004e+00
4.099251209000000173e+00
4.336708329000000361e+00
4.319102364999999999e+00
4.054682972000000163e+00
4.087496139999999833e+00
4.279784465000000537e+00
4.406364535000000693e+00
4.026667134000000203e+00
4.175629907000000252e+00
4.077047151000000369e+00
4.455154155999999865e+00
4.128705768000000553e+00
4.260308912000000170e+00
4.012841868000000645e+00
4.389263516000000642e+00
4.091670174999999965e+00
4.313167196000000203e+00
4.166771690000000028e+00
4.320627959000000295e+00
4.236017814000000214e+00
4.198266827000000312e+00
4.095547482000000628e+00
4.334651748999999832e+00
4.492426143000000316e+00
4.069989171000000461e+00
4.110121519000000667e+00
4.299575899000000589e+00
4.445424544999999839e+00
4.226075044999999974e+00
4.249929626000000127e+00
4.153303812999999955e+00
4.399356988000000079e+00
4.057299126000000200e+00
4.233250205000000044e+00
4.008278115000000419e+00
4.353947765000000025e+00
4.099699366000000289e+00
4.339459469000000347e+00
4.028231006000000392e+00
4.410117066999999835e+00
4.131940739000000029e+00
4.240057538000000292e+00
4.157323371000000378e+00
3.665724630000000150e+00
3.690101442000000009e+00
3.653933232000000420e+00
3.686273927000000228e+00
3.666829982000000321e+00
3.670966270000000087e+00
3.682571540000000088e+00
3.673933639000000362e+00
3.683010896000000312e+00
3.717567403000000326e+00
4.014616854000000679e+00
4.349986106000000241e+00
4.382856439000000215e+00
4.095584808999999993e+00
4.123211694000000094e+00
4.673399887000000419e+00
4.271121955999999997e+00
4.255330294000000180e+00
4.505868357000000657e+00
4.484087334999999896e+00
4.151259791000000199e+00
4.405373405000000631e+00
4.119418809999999986e+00
4.057619501000000461e+00
3.975626711000000313e+00
4.333258022999999959e+00
4.147896153000000474e+00
4.079929607000000402e+00
3.987092251000000420e+00
4.330344615000000452e+00
4.159488576000000215e+00
4.007487801999999988e+00
3.971313117000000226e+00
4.298855768000000133e+00
4.169454684000000633e+00
3.992120084000000180e+00
4.049259983999999868e+00
4.122636497000000233e+00
3.913840491000000199e+00
3.846930979000000139e+00
4.432238654999999916e+00
4.475130070000000515e+00
4.248225783000000533e+00
4.201081943000000152e+00
4.500402384000000033e+00
4.136747481000000448e+00
4.050567548000000073e+00
4.096756697000000003e+00
4.356185810000000380e+00
4.162676183000000307e+00
4.103750545000000471e+00
4.067252880999999931e+00
4.405299430000000349e+00
4.200870714000000561e+00
4.186019289999999948e+00
4.118657552000000166e+00
4.400509446000000047e+00
4.165997020999999911e+00
4.156760617000000657e+00
4.095836921000000075e+00
4.386032724000000549e+00
4.177854112000000342e+00
4.245387727000000666e+00
4.072670970999999973e+00
4.364062064000000518e+00
4.177561299000000616e+00
4.183401982000000352e+00
4.071979157000000349e+00
4.371643203000000533e+00
4.137105107000000004e+00
4.258849687000000550e+00
4.079127102000000171e+00
4.384305168000000030e+00
4.209001211000000353e+00
4.216945943000000696e+00
4.120532636000000082e+00
4.413181524000000522e+00
4.188804567000000034e+00
4.236820267000000584e+00
4.423664376000000509e+00
2.708876107000000033e+00
2.673173687000000243e+00
2.693440833000000367e+00
2.630083551000000242e+00
2.693714712000000233e+00
2.697285021999999977e+00
2.691351999000000106e+00
2.597540294000000305e+00
2.599799706000000210e+00
2.609555644000000285e+00
2.613174180000000124e+00
2.606855984000000070e+00
2.693984197000000247e+00
2.685859114999999964e+00
2.707282240000000062e+00
2.693626647999999957e+00
2.679342471000000003e+00
2.696002249000000184e+00
2.732973698000000340e+00
2.689036928000000159e+00
3.416847779000000251e+00
4.242384137000000166e+00
4.165765237000000454e+00
4.592966986000000418e+00
4.381729475000000207e+00
4.406438031000000421e+00
4.314751048999999838e+00
3.852148897000000183e+00
2.807419944000000278e+00
2.739956157000000392e+00
2.747156875000000387e+00
2.726787626000000131e+00
4.056570419999999899e+00
4.285273949000000471e+00
4.237098673000000204e+00
4.586519908000000534e+00
4.352176501000000641e+00
4.459850644000000308e+00
4.375502325000000248e+00
4.626526922000000042e+00
4.399950635000000609e+00
4.484061078999999950e+00
4.428532301000000615e+00
4.653415479000000410e+00
4.385915211000000369e+00
4.377744155000000248e+00
4.567302076000000710e+00
4.524897025000000461e+00
4.224759881000000661e+00
4.231624889999999972e+00
4.565648383000000088e+00
4.517208898999999889e+00
4.180155276000000697e+00
4.195299396000000236e+00
4.532125545000000422e+00
4.415949180000000140e+00
4.276765017000000668e+00
4.212642880000000645e+00
4.595270532999999880e+00
4.338697880000000673e+00
4.483256161999999989e+00
4.364480171000000297e+00
4.617757667000000232e+00
4.398428355000000067e+00
4.477255769000000107e+00
4.454131520000000677e+00
4.541733422000000076e+00
4.376744064000000378e+00
4.446881982999999927e+00
4.496275736000000300e+00
4.560669665000000705e+00
4.272503488999999988e+00
4.370924304999999954e+00
4.511276878000000323e+00
4.393597494000000658e+00
4.176020231999999943e+00
4.190743573000000666e+00
4.511010653000000481e+00
4.334119360999999948e+00
4.337424117000000301e+00
4.270562087000000062e+00
4.622511012000000363e+00
4.375324652000000647e+00
4.480476540000000618e+00
4.411890738000000312e+00
4.623634501000000618e+00
4.425234920000000294e+00
4.540199666000000356e+00
4.492229301000000063e+00
4.715662030000000726e+00
4.391975835000000217e+00
4.459376210000000285e+00
4.531693905000000022e+00
4.561222551000000180e+00
4.316411727000000198e+00
4.369030420000000525e+00
