-3.326033351339489107e-10
1.102108567794239874e-12
1.434273568081567601e-09
2.789726918881983069e-09
3.989269489831744247e-09
1.690643767203100215e-09
-8.300982131702502917e-09
-2.983826166055851096e-08
-7.108833138270379644e-08
-1.402701574762604858e-07
-2.468625966438900102e-07
-4.026368097682359367e-07
-6.174993442082269232e-07
-9.034203657653676153e-07
-1.271759241197669856e-06
-1.729689160954065297e-06
-2.288424960692871991e-06
-2.957688284902913755e-06
-3.742419736508953688e-06
-4.650512106721495319e-06
-5.687573384568651745e-06
-6.855839625215677169e-06
-8.158135295463502887e-06
-9.596750020360353785e-06
-1.117231973243205939e-05
-1.288554689577175976e-05
-1.473872860397307030e-05
-1.673079992740424078e-05
-1.886207484300456605e-05
-2.113520364122237799e-05
-2.354843547195627072e-05
-2.610339136885949773e-05
-2.880280635656035332e-05
-3.164617530142687963e-05
-3.463531861851411661e-05
-3.777086611536078641e-05
-4.105187925305117598e-05
-4.447767150432395557e-05
-4.804590682050732104e-05
-5.175337175184247548e-05
-5.559535423293778119e-05
-5.956617004198240566e-05
-6.365817236233381666e-05
-6.786159553068615911e-05
-7.216692255181842645e-05
-7.656202689136424710e-05
-8.103413984556786208e-05
-8.557079367610686020e-05
-9.015746885701629218e-05
-9.478054574143677993e-05
-9.942574086309563476e-05
-1.040785514739716471e-04
-1.087260135835511969e-04
-1.133546301889453925e-04
-1.179523062074743596e-04
-1.225078763209198256e-04
-1.270104707040090736e-04
-1.314508895593981448e-04
-1.358202037776004361e-04
-1.401108453781236629e-04
-1.443164495808303466e-04
-1.484312706030258564e-04
-1.524511996869554284e-04
-1.563725574607581644e-04
-1.601931650968195324e-04
-1.639118070764099993e-04
-1.675278156607029850e-04
-1.710424789791004075e-04
-1.744573267443155643e-04
-1.777749725285241388e-04
-1.809990631949448753e-04
-1.841329508102961291e-04
-1.871807525381888619e-04
-1.901460832623356979e-04
-1.930318591868578656e-04
-1.958404322599021567e-04
-1.985724634101550528e-04
-2.012272574853103658e-04
-2.038020550132421422e-04
-2.062920911950704935e-04
-2.086907602467759153e-04
-2.109891237101404072e-04
-2.131768594824220346e-04
-2.152419860412205926e-04
-2.171712427837367977e-04
-2.189509865554263102e-04
-2.205668972096073109e-04
-2.220051430446027467e-04
-2.232526576208275948e-04
-2.242973076670052733e-04
-2.251287889150977762e-04
-2.257381659128594189e-04
-2.261181411503447548e-04
-2.262626158241232187e-04
-2.261658008085384462e-04
-2.258217406024922748e-04
-2.252226550623828022e-04
-2.243577549982611824e-04
-2.232114269291134146e-04
-2.217608242266809297e-04
-2.199736937606600203e-04
-2.178050681633447391e-04
-2.151943479839243771e-04
-2.120623708149459998e-04
-2.083088509318690605e-04
-2.038119122968166269e-04
-1.984291520082863771e-04
-1.920019066972491486e-04
-1.843625011663714043e-04
-1.753434920958367948e-04
-1.647888631585545007e-04
-1.525644937072623806e-04
-1.385670779161693694e-04
-1.227304008437437894e-04
-1.050278339314041250e-04
-8.547200833454113040e-05
-6.411112886790017997e-05
-4.102275717040277341e-05
-1.630560118034074933e-05
9.930716253415635721e-06
3.757595926357014637e-05
6.652895582681468049e-05
9.670483119086646152e-05
1.280383616033397426e-04
1.604839328725748981e-04
1.940117722634486746e-04
2.286019840912786156e-04
2.642374190198874297e-04
3.008956156526966541e-04
3.385410190715839760e-04
3.771173959285246675e-04
4.165417236179199062e-04
4.567009440161928953e-04
4.974520767927634530e-04
5.386265952813589853e-04
5.800378104208218574e-04
6.214901057675794151e-04
6.627888792417912286e-04
7.037494366949541107e-04
7.442044843232478940e-04
7.840090989603736493e-04
8.230426272985424951e-04
8.612076135553612581e-04
8.984253824620254880e-04
9.346294427840406331e-04
9.697577726993074441e-04
1.003745532746553801e-03
1.036520236019087497e-03
1.068000065276743802e-03
1.098096132917414499e-03
1.126718293541087781e-03
1.153783377791175319e-03
1.179224948811690224e-03
1.203002698385695086e-03
1.225110105807151193e-03
1.245578880421289048e-03
1.264478860092725860e-03
1.281913345063780043e-03
1.298010018763484522e-03
1.312908794720803705e-03
1.326748470405521383e-03
1.339654008870326801e-03
1.351726738864747739e-03
1.363038714947294736e-03
1.373631953792656775e-03
1.383522536101738183e-03
1.392708399681293801e-03
1.401179559263793272e-03
1.408928777336448512e-03
1.415960809283982455e-03
1.422298863638139961e-03
1.427987130252859633e-03
1.433089390628558817e-03
1.437684233365554582e-03
1.441858033114347491e-03
1.445697436655529354e-03
1.449282715923814026e-03
1.452683288342736592e-03
1.455955931921738876e-03
1.459145452041573244e-03
1.462287223380510535e-03
1.465410350963107858e-03
1.468540348860573625e-03
1.471700400306626220e-03
1.474910608191802976e-03
1.478185505567671844e-03
1.481530441631899453e-03
1.484938056172377613e-03
1.488386235049489817e-03
1.491838613051510920e-03
1.495248424226737309e-03
1.498565563127762183e-03
1.501745994993895078e-03
1.504762027922535578e-03
1.507611404020165694e-03
1.510323374833298128e-03
1.512960198522054307e-03
1.515613280777378851e-03
1.518394212260132598e-03
1.521421736427801350e-03
1.524802532406827190e-03
1.528618714054233961e-03
1.532919613066507925e-03
1.537705903246917687e-03
1.542932861197772714e-03
1.548521026708992842e-03
1.554356755312930700e-03
1.560308427765619852e-03
1.566251134913444190e-03
1.572075077442813482e-03
1.577684866595714880e-03
1.583006755831321442e-03
1.587975938637690293e-03
1.592493707859767927e-03
1.596412273143548756e-03
1.599529766331437251e-03
1.601580776002173127e-03
1.602307202433147582e-03
1.601562292851462432e-03
1.599395467631944002e-03
1.596152464901139925e-03
1.592504454411770159e-03
1.589372414522614504e-03
1.587803921105750962e-03
1.588803888959230406e-03
1.593142351533282167e-03
1.601198391206159555e-03
1.612862001033693810e-03
1.627469999180759927e-03
1.643822907249490239e-03
1.660313129265183910e-03
1.675112544044843116e-03
1.686451945462702105e-03
1.692941529725242944e-03
1.693823382298525635e-03
1.689143518445602359e-03
1.679783189671935507e-03
1.667336090638906702e-03
1.653888738817951322e-03
1.641735554794343348e-03
1.633077622884522313e-03
1.629742998861538833e-03
1.632955400321396211e-03
1.643168261835741863e-03
1.659978634838753719e-03
1.682152927398432697e-03
1.707751488637735716e-03
1.734343949191163772e-03
1.759292375284600678e-03
1.780037826301606721e-03
1.794375427670488613e-03
1.800682450344713408e-03
1.798086065921007757e-03
1.786591027563664159e-03
1.767139264172371080e-03
1.741603485926929108e-03
1.712698261291494429e-03
1.683777647844036246e-03
1.658536827986609131e-03
1.640627474097675802e-03
1.633224587540995851e-03
1.638600688649840317e-03
1.657752571476611876e-03
1.690136011371098142e-03
1.733545595024675980e-03
1.784185074606864721e-03
1.836948189969125856e-03
1.885902286462900123e-03
1.924961615491338008e-03
1.948662674716278818e-03
1.952948563406060227e-03
1.935857896045243892e-03
1.897988480241619017e-03
1.842667244128201251e-03
1.775776580752253756e-03
1.705227195386475360e-03
1.640130412038262077e-03
1.589744884345627683e-03
1.562313484507892210e-03
1.563930049470572438e-03
1.597582516017637859e-03
1.662513323678466636e-03
1.754000203282510316e-03
1.863624374089393066e-03
1.980020478183513923e-03
2.090042727180550439e-03
2.180240668416771541e-03
2.238473522444123925e-03
2.255490775242346198e-03
2.226294189977503970e-03
2.151096885783058358e-03
2.035746465764271939e-03
1.891508773237629819e-03
1.734180128155619676e-03
1.582578285831503281e-03
1.456531151413006323e-03
1.374562359148056526e-03
1.351523147868429614e-03
1.396446391081216428e-03
1.510899398537164651e-03
1.688076769215029506e-03
1.912820327344211171e-03
2.162656597958542270e-03
2.409837438827780714e-03
2.624244984758329537e-03
2.776883581435242356e-03
2.843592428250751088e-03
2.808530011235202926e-03
2.666966586661306555e-03
2.426972810740693227e-03
2.109674165170881497e-03
1.747896278665487472e-03
1.383210330642273061e-03
1.061586458089650194e-03
8.280703867606138560e-04
7.210635336740193416e-04
7.668862600793117544e-04
9.753284375412030541e-04
1.336829666075506915e-03
1.821796133547761267e-03
2.382351969777953254e-03
2.956561520850336730e-03
3.474840000798868223e-03
3.867943577570317516e-03
4.075671220041731692e-03
4.055235012580543294e-03
3.788237117747138717e-03
3.285287959549540102e-03
2.587477531423474156e-03
1.764194974760574519e-03
9.071706771553988144e-04
1.211014900003782360e-04
-4.882438343639591296e-04
-8.271021286750528416e-04
-8.264186049043956584e-04
-4.526324648629068072e-04
2.848140439121727677e-04
1.330373872642184570e-03
2.584576202930327377e-03
3.911965789870739015e-03
5.154571744143636620e-03
6.149722573315821728e-03
6.750119419748392031e-03
6.843607538398655335e-03
6.370237061861848057e-03
5.334655884097881488e-03
3.812185533043675658e-03
1.946998325841348826e-03
-5.888089632386594394e-05
-1.965834147961966968e-03
-3.524220458987950728e-03
-4.505397033521108159e-03
-4.731683884235176815e-03
-4.101685967309073866e-03
-2.608987488743705774e-03
-3.529246140358033887e-04
2.460785329650943317e-03
5.532988010010946034e-03
8.500040120545778594e-03
1.097690795798020140e-02
1.260707555468712493e-02
1.310950915274673029e-02
1.231608889769372425e-02
1.019901182994958043e-02
6.890107265422006771e-03
2.688613652627763317e-03
-1.953571021814426000e-03
-6.478481587336538255e-03
-1.029622280433171305e-02
-1.286795577541906613e-02
-1.377616076800874771e-02
-1.277063606405807149e-02
-9.796264205116705578e-03
-5.019091856677274956e-03
1.147908900659789155e-03
8.044872384678583913e-03
1.482272933695647811e-02
2.056654340192760194e-02
2.445103637273502925e-02
2.586690292054212581e-02
2.447275913843663386e-02
2.019558787559387961e-02
1.325943014573982039e-02
4.261196915910800409e-03
-5.792433133968811348e-03
-1.558384190653351424e-02
-2.372172003357485986e-02
-2.902869809125884284e-02
-3.075352695944923512e-02
-2.858790872312848286e-02
-2.255247076579204243e-02
-1.299612640552943663e-02
-7.470177339977533042e-04
1.274980613831907042e-02
2.550077373103000478e-02
3.540768308479570747e-02
4.093041970484890407e-02
4.145708870674105068e-02
3.708345629596877802e-02
2.826336471783832613e-02
1.579341484360352252e-02
9.817409422948910301e-04
-1.425555564506722842e-02
-2.759578076929697019e-02
-3.689766620730936669e-02
-4.088788600425279779e-02
-3.945144189786426586e-02
-3.325961534280590798e-02
-2.320518144079677589e-02
-1.034906165932102107e-02
3.877922737802063161e-03
1.768768436003723132e-02
2.924176030978794388e-02
3.698017778942301603e-02
3.998479411223711255e-02
3.831618438035960805e-02
3.273229713038847133e-02
2.416703618846513177e-02
1.352098263731004585e-02
1.739566822449173985e-03
-1.004937333455912379e-02
-2.063002971007472930e-02
-2.882194787477180414e-02
-3.359426665847212168e-02
-3.443845882126075897e-02
-3.158766434657659522e-02
-2.566649806869245390e-02
-1.734665621215997905e-02
-7.307922834900106197e-03
3.630740348807593408e-03
1.445451870547676508e-02
2.398097014779241101e-02
3.090158964406944028e-02
3.411693717139620274e-02
3.322965180531069901e-02
2.864984724091058921e-02
2.117621833581896998e-02
1.167750077823220128e-02
1.121221603792067496e-03
-9.381206501122611729e-03
-1.868303304575390580e-02
-2.569147708317000983e-02
-2.946542805281658628e-02
-2.950652839077045134e-02
-2.595310353978567963e-02
-1.944561193357259923e-02
-1.081547827278508955e-02
-9.742551042436201807e-04
9.044232148560418447e-03
1.813328969657085690e-02
2.528373086823281629e-02
2.970199309123375611e-02
3.086377460135095174e-02
2.866668708968209828e-02
2.344234679158466866e-02
1.582056529243525481e-02
6.593209185192670276e-03
-3.314990532946548302e-03
-1.283089237150482169e-02
-2.083211423386611277e-02
-2.634493774979771233e-02
-2.871882009791900531e-02
-2.770418157991951652e-02
-2.347152772883259048e-02
-1.651369748735544499e-02
-7.546389688075008130e-03
2.547900478730771683e-03
1.270696132201429990e-02
2.170574423517325838e-02
2.833000059679394514e-02
3.165217152923627958e-02
3.128426026024387629e-02
2.737420595292592435e-02
2.045507469858525232e-02
1.132189664905301589e-02
9.674646735435851828e-04
-9.472827891678621201e-03
-1.877304382490961945e-02
-2.573863186859908295e-02
-2.943928283717353253e-02
-2.943480266091861447e-02
-2.585107478684507687e-02
-1.920568142960840316e-02
-1.025230073857256140e-02
6.259795551761310921e-05
1.061828268981888923e-02
2.020352590350656813e-02
2.764047623257014780e-02
3.195499656232247271e-02
3.262179325527629625e-02
2.965775793226890431e-02
2.351669696934727966e-02
1.491447113530131909e-02
4.751392307072680767e-03
-5.897954691829656454e-03
-1.582699841714434522e-02
-2.382789676935895620e-02
-2.887649190246688313e-02
-3.033487670124100297e-02
-2.811345266985918953e-02
-2.258537965602383166e-02
