-3.946391397776769289e-07
-1.282842411587885363e-06
-1.734227637470658135e-06
-1.947457070836755376e-06
-2.675855457832129156e-06
-3.122922319666464538e-06
-3.269488049662518201e-06
-3.836607370291995217e-06
-4.270485984808395543e-06
-4.396491936259528921e-06
-4.806531902341073438e-06
-5.220997137416083504e-06
-5.337041337702728415e-06
-5.614980122509019496e-06
-5.993300498078651852e-06
-6.102376236811700654e-06
-6.275574303339464716e-06
-6.602511421866368724e-06
-6.700208187174694592e-06
-6.798165539470546301e-06
-7.057197136963329456e-06
-7.140906677266754471e-06
-7.186906779029651117e-06
-7.363510745892555258e-06
-7.437809887289355073e-06
-7.437510909594190245e-06
-7.534205165580468928e-06
-7.596075458288003607e-06
-7.548946698174287659e-06
-7.581801327001711250e-06
-7.613450131261887847e-06
-7.530072880132792744e-06
-7.507040882517317898e-06
-7.494445136912553509e-06
-7.387084466285778908e-06
-7.307175306415956806e-06
-7.248881444490196800e-06
-7.118947778688598853e-06
-6.985191917002144537e-06
-6.881904529436559868e-06
-6.726365609409855273e-06
-6.544369445132692358e-06
-6.397040590789252571e-06
-6.211698839275569345e-06
-5.987848060909823431e-06
-5.798044525168378139e-06
-5.577775906095109770e-06
-5.321182450323809314e-06
-5.086526680051724630e-06
-4.832520299768551900e-06
-4.547684575993571495e-06
-4.267921028261255329e-06
-3.985149082068297251e-06
-3.670796747917294568e-06
-3.353180068305644687e-06
-3.042596734048689259e-06
-2.700204558291097499e-06
-2.353301177899305803e-06
-2.014466735879986844e-06
-1.649766577977416364e-06
-1.279588187970641338e-06
-9.153107800492989907e-07
-5.348758109881461782e-07
-1.466692972763126493e-07
2.367734268340674756e-07
6.267647452755517714e-07
1.026638424740489848e-06
1.420663965892343122e-06
1.813968723344477139e-06
2.217312836115539011e-06
2.611736568408542629e-06
3.001697080494224654e-06
3.397616494934062823e-06
3.782262100684619815e-06
4.160148264342554465e-06
4.536096220597759535e-06
4.901370059888854468e-06
5.254851972214612871e-06
5.599616677053852628e-06
5.933832540830162307e-06
6.249499302935436353e-06
6.552349711997637466e-06
6.841066943979823647e-06
7.106209912643077785e-06
7.353934490326816204e-06
7.581747511566112620e-06
7.782234514218082451e-06
7.958890212036921115e-06
8.109302507633088839e-06
8.228568776237681366e-06
8.316611510548445953e-06
8.372715737535186883e-06
8.393983214139525708e-06
8.377583905047800196e-06
8.326195426353415321e-06
8.237144075134935934e-06
8.108058231606046277e-06
7.943658255944940365e-06
7.741077120060287886e-06
7.500433985717180407e-06
7.225069504646975615e-06
6.913497575463943826e-06
6.566546938328688122e-06
6.184910471148454634e-06
5.769053750852111443e-06
5.317943319824659056e-06
4.831196737699923578e-06
4.310222070171605120e-06
3.752721352590159655e-06
3.159591609934086068e-06
2.532657895311122993e-06
1.870728108058163677e-06
1.175826857251430238e-06
4.492024775074783608e-07
-3.096091192421508491e-07
-1.099795133931048731e-06
-1.921601777428364826e-06
-2.775344665870035030e-06
-3.661995131451207742e-06
-4.582037281502816919e-06
-5.535631228215418457e-06
-6.524714692126705023e-06
-7.548970884191566563e-06
-8.609111168382914945e-06
-9.706637001294519520e-06
-1.084100820003122178e-05
-1.201323731608823529e-05
-1.322365921838824115e-05
-1.447223059208485165e-05
-1.575926220234245197e-05
-1.708453986829584136e-05
-1.844834627687497549e-05
-1.985006392473097494e-05
-2.128948412564640044e-05
-2.276652631340073774e-05
-2.427993745001521053e-05
-2.582936956902853699e-05
-2.741387352390576283e-05
-2.903183402867110823e-05
-3.068229988663341118e-05
-3.236347714313792239e-05
-3.407366278175598872e-05
-3.581109406294976440e-05
-3.757367206941012079e-05
-3.935956658918948623e-05
-4.116635944915995627e-05
-4.299209528915086902e-05
-4.483458336494430742e-05
-4.669120791534916678e-05
-4.855995475050665493e-05
-5.043804864282190804e-05
-5.232284620417740616e-05
-5.421181596645008072e-05
-5.610197078674047510e-05
-5.799073679680883211e-05
-5.987534908528900092e-05
-6.175331183746885486e-05
-6.362232919101877234e-05
-6.548010949918672580e-05
-6.732489056124568673e-05
-6.915471843352161293e-05
-7.096776616140428506e-05
-7.276232497552571617e-05
-7.453622071515077902e-05
-7.628742891537946050e-05
-7.801371386871023856e-05
-7.971266747055357155e-05
-8.138209383041675833e-05
-8.301963495846743642e-05
-8.462323083274329329e-05
-8.619089628736363617e-05
-8.772079479570457248e-05
-8.921145549250720705e-05
-9.066132248911590145e-05
-9.206917518684752059e-05
-9.343381605289764486e-05
-9.475397407037643377e-05
-9.602857581950441953e-05
-9.725635325118769253e-05
-9.843613718725152608e-05
-9.956681519619151738e-05
-1.006472694725760761e-04
-1.016766060184958636e-04
-1.026539093042850746e-04
-1.035784341816733923e-04
-1.044495331863495662e-04
-1.052665407221921106e-04
-1.060289688523458664e-04
-1.067362309757939680e-04
-1.073877459557796431e-04
-1.079829848397510073e-04
-1.085213583947567160e-04
-1.090025049931742145e-04
-1.094262318717673842e-04
-1.097926258983898743e-04
-1.101021312374719639e-04
-1.103553720129081187e-04
-1.105532504388735340e-04
-1.106967163551407594e-04
-1.107867225739544797e-04
-1.112227710303586865e-04
-1.121057015066421889e-04
-1.125001789418260075e-04
-1.126105758881493229e-04
-1.131940403149193588e-04
-1.134492340016206156e-04
-1.133630695432756168e-04
-1.136573616551626853e-04
-1.137756559448825720e-04
-1.135463528736757686e-04
-1.135556530288013962e-04
-1.135189350118777574e-04
-1.131252929058146730e-04
-1.128183804727855231e-04
-1.125219701996541384e-04
-1.118524549028167221e-04
-1.111374093228647907e-04
-1.104766500373514107e-04
-1.095181426058945045e-04
-1.085379885271657037e-04
-1.077492535461811084e-04
-1.068727193107374819e-04
-1.060882930949559437e-04
-1.055871818997999547e-04
-1.051488219901096762e-04
-1.047917527065938246e-04
-1.046659694731579633e-04
-1.046164002647562651e-04
-1.045403229185305912e-04
-1.045980734068188489e-04
-1.046846115297637335e-04
-1.046667453354720287e-04
-1.047009985480288062e-04
-1.047251370892465007e-04
-1.046308702888295878e-04
-1.045379155297464078e-04
-1.044464403140522098e-04
-1.042771246432745746e-04
-1.041085847045085790e-04
-1.039886225448163106e-04
-1.038478928341477706e-04
-1.037193673006843344e-04
-1.036684527811493632e-04
-1.036248130822618746e-04
-1.035869904134066361e-04
-1.036214505655606670e-04
-1.036577699484290157e-04
-1.036812364431369461e-04
-1.037349345647449889e-04
-1.037645401548657189e-04
-1.037446998436436095e-04
-1.036974619269370425e-04
-1.036087701936964868e-04
-1.034506316697785704e-04
-1.032585983330236093e-04
-1.030579667638540292e-04
-1.028300812417299535e-04
-1.026219613318290206e-04
-1.024621126999403453e-04
-1.023289723237399420e-04
-1.022475659443074214e-04
-1.022285791218456911e-04
-1.022497543586183938e-04
-1.023172523834050581e-04
-1.024407826044739168e-04
-1.026044023340681835e-04
-1.027908733299931585e-04
-1.029900904513211715e-04
-1.031595649969455297e-04
-1.032452941553924184e-04
-1.032274175172852911e-04
-1.030813436930191651e-04
-1.028059568178340047e-04
-1.024559372442251898e-04
-1.020856070090741315e-04
-1.017530493840578914e-04
-1.015129118510224370e-04
-1.013849651967049266e-04
-1.013564384704877249e-04
-1.014028406436326424e-04
-1.015093780538790211e-04
-1.016671928472262396e-04
-1.018972783791148210e-04
-1.022371656261874786e-04
-1.026915827582131286e-04
-1.032295025397603314e-04
-1.037677758159226920e-04
-1.041709408609873459e-04
-1.043069246128033547e-04
-1.040961487374431391e-04
-1.035495061562242817e-04
-1.027857735069563210e-04
-1.020037505912572853e-04
-1.014138494472879810e-04
-1.011539447413051913e-04
-1.012437879306705448e-04
-1.015736359302963894e-04
-1.019532011137246367e-04
-1.022220458339605264e-04
-1.023345047934736497e-04
-1.024051397573031216e-04
-1.026771349596744781e-04
-1.033966866552933996e-04
-1.046616132660807736e-04
-1.063056398927267435e-04
-1.078937093325543962e-04
-1.088524578808790124e-04
-1.087070144763368514e-04
-1.073340425028171424e-04
-1.050915166340250036e-04
-1.027557988340069333e-04
-1.012485492977980873e-04
-1.012377154639488620e-04
-1.028030351638832643e-04
-1.053294912875821568e-04
-1.077239341721195819e-04
-1.089105703814711117e-04
-1.083973484570646207e-04
-1.066419456414745878e-04
-1.049858260929481828e-04
-1.051079571408915095e-04
-1.081828268934537627e-04
-1.141121449617816679e-04
-1.212572889684032098e-04
-1.269073558264871679e-04
-1.284021688484995893e-04
-1.244835939983366226e-04
-1.162280238958144713e-04
-1.070115259325986015e-04
-1.013248568425014590e-04
-1.028020332551661135e-04
-1.123006980317856177e-04
-1.270035686146782003e-04
-1.411893337292940433e-04
-1.485959645796602413e-04
-1.454954161769479812e-04
-1.330771130435292086e-04
-1.177936838317938728e-04
-1.090797950425665346e-04
-1.150591566380296656e-04
-1.380244198149426481e-04
-1.719870647334053682e-04
-2.039877015993509196e-04
-2.192576525984165411e-04
-2.083830441093259740e-04
-1.732608381420906751e-04
-1.285898548862940774e-04
-9.717293365315330886e-05
-1.000992612199182055e-04
-1.457945311556889108e-04
-2.233580263799683850e-04
-3.043981255530280928e-04
-3.539716341762889191e-04
-3.468579343067400506e-04
-2.821825880359109967e-04
-1.888297261969216112e-04
-1.168868137173537303e-04
-1.162285139319556125e-04
-2.104962230336639508e-04
-3.794612451789703788e-04
-5.609198304777473360e-04
-6.744606367284944641e-04
-6.586563780130534531e-04
-5.060848164825208773e-04
-2.790038084592520707e-04
-9.297378601309024622e-05
-6.819293538561981775e-05
-2.674391956491496713e-04
-6.531888755139504763e-04
-1.090036499900778281e-03
-1.395478289909961615e-03
-1.420427677943937031e-03
-1.128333823024939894e-03
-6.369040075047932136e-04
-1.923199702001523537e-04
-6.852274435770224479e-05
-4.253853725871218207e-04
-1.200761939743679634e-03
-2.108533305876377720e-03
-2.754326035478817450e-03
-2.814366929833662326e-03
-2.200517618273796234e-03
-1.150823447754283340e-03
-1.886264349561487955e-04
9.567046193819652659e-05
-6.298509599089281100e-04
-2.213716067166421851e-03
-4.053823990183184379e-03
-5.362836485900536118e-03
-5.523160750398458697e-03
-4.378169932727504071e-03
-2.385170874460614421e-03
-5.263676380026159314e-04
1.216287529513859414e-04
-9.893799715397608337e-04
-3.453841681005848964e-03
-6.090539895339171575e-03
-7.644454263446368199e-03
-7.394631986442866227e-03
-5.403093821926789088e-03
-2.580674497966613072e-03
-3.441518183487040738e-04
1.298054540333793154e-04
-1.456973557687208341e-03
-4.314561524411472324e-03
-6.970565571795830917e-03
-8.165530508202971730e-03
-7.473289532402281263e-03
-5.287709338698566401e-03
-2.614231632632851767e-03
-6.514070273178043831e-04
-2.174758927506133309e-04
-1.391973874366384759e-03
-3.496127746421457544e-03
-5.410155925921035849e-03
-6.240563344085936145e-03
-5.757717100689182556e-03
-4.277060669046163152e-03
-2.394123267006156939e-03
-8.096335035745906962e-04
-1.305994559902194478e-04
-6.186944999954817944e-04
-2.074565892598458257e-03
-3.847111723550153666e-03
-5.107548101226749154e-03
-5.350242961244859596e-03
-4.574911340405316863e-03
-3.124305588958648308e-03
-1.533022700853981391e-03
-3.956504869607721021e-04
-1.702484647303214324e-04
-1.003266149245716100e-03
-2.583059410482683831e-03
-4.120157569370373925e-03
-4.805158817972221552e-03
-4.377768340728215371e-03
-3.129647162877600020e-03
-1.604713800137757933e-03
-4.155623938775681648e-04
-3.616847646866818024e-05
-6.091517360626238792e-04
-1.894563031309144229e-03
-3.317351508584451530e-03
-4.172099638957816638e-03
-4.059642797512964980e-03
-3.105440402997871729e-03
-1.766395732594093926e-03
-6.068063866481762485e-04
-1.107313854743056269e-04
-4.703915713546940420e-04
-1.523650221785607549e-03
-2.833476663361329546e-03
-3.814488644147621520e-03
-4.004394663018096684e-03
-3.338311420663561332e-03
-2.126344356903820364e-03
-8.714765542938313634e-04
-1.017435660709397341e-04
-1.614201355249235143e-04
-1.032461864406858951e-03
-2.348156463399012853e-03
-3.533492086021321633e-03
-4.044162616448501203e-03
-3.654637597103493028e-03
-2.561030554430675146e-03
-1.245034606189110524e-03
-2.756397957448229481e-04
-1.096611626199070076e-04
-8.820697206384243419e-04
-2.283448715542047043e-03
-3.667465522685156836e-03
-4.369102169584319385e-03
-4.064485352203136941e-03
-2.923914815773103696e-03
-1.473715339586557449e-03
-3.369196354741148757e-04
-7.597882771107338554e-06
-6.533503003688200103e-04
-2.003440313515812265e-03
-3.433135261382410427e-03
-4.264556624479266984e-03
-4.120398765576680118e-03
-3.096916278247918534e-03
-1.678786824339938144e-03
-4.994456436424564438e-04
-7.969240063407686647e-05
-6.328453538788894519e-04
-1.954289568674274884e-03
-3.460866509432581999e-03
-4.447049178220196207e-03
-4.460163537247058101e-03
-3.521373427937741184e-03
-2.061474753789397860e-03
-7.035899688147227975e-04
-2.361732092144292115e-05
-3.218061586025279769e-04
-1.485334219270193412e-03
-2.999357239569201087e-03
-4.157152960617228887e-03
-4.421209612833500689e-03
-3.696283581911495413e-03
