3.504206465612062504e-01
1.076401208265214571e+00
1.833170637360354238e+00
2.662781202634849631e+00
3.538535483503159718e+00
4.407345115933669177e+00
5.353400827948052054e+00
6.321150918310503464e+00
7.287960373117930324e+00
8.319005124568548126e+00
9.358926362856974990e+00
1.041674472780583471e+01
1.150797431472659937e+01
1.261841163685962819e+01
1.375075560156409971e+01
1.489233945336186338e+01
1.607151651318109131e+01
1.725946527745562520e+01
1.845394379411922969e+01
1.969107757956719240e+01
2.092457253794955108e+01
2.217495859937238123e+01
2.345527355971447392e+01
2.473491599667507757e+01
2.603617603227430166e+01
2.735138722959341706e+01
2.867988682800665856e+01
3.002212868654629574e+01
3.137347426822334739e+01
3.274835934468902110e+01
3.412533250215334135e+01
3.551812529197968615e+01
3.693247866286397141e+01
3.834637352627573392e+01
3.978268466275359572e+01
4.123263045583142627e+01
4.269024125096226641e+01
4.416873910544327231e+01
4.565791908578469815e+01
4.716490351653210666e+01
4.868609202927193991e+01
5.022377710530997774e+01
5.178320130504077667e+01
5.335391970839226872e+01
5.494989415069305494e+01
5.656602347417720011e+01
5.819851957772593920e+01
5.986089955501793014e+01
6.154295708635606843e+01
6.325082571324921332e+01
6.498787123003189947e+01
6.675021943267736901e+01
6.854514384232587076e+01
7.036876268537345425e+01
7.222686913687368815e+01
7.411978854420425478e+01
7.604541394531403853e+01
7.801286602386761615e+01
8.001617944036912888e+01
8.205976955615787460e+01
8.414800751453907424e+01
8.627586019846798138e+01
8.845049583559620032e+01
9.067011815517274442e+01
9.293555539447297065e+01
9.524993000428779055e+01
9.761035571697499336e+01
1.000211621485838975e+02
1.024793410067567692e+02
1.049853318247447334e+02
1.075411647656583796e+02
1.101413255081959903e+02
1.127887801873542628e+02
1.154804793839127655e+02
1.182131014085401546e+02
1.209879544710114203e+02
1.237996990717176402e+02
1.266481961199421278e+02
1.295309477561939104e+02
1.324449226144539580e+02
1.353905439478655808e+02
1.383635253941594101e+02
1.413645002452415156e+02
1.443918879884914475e+02
1.474430184374860460e+02
1.505195811246962592e+02
1.536183508352294496e+02
1.567393491920926181e+02
1.598824377684020419e+02
1.630450635613802888e+02
1.662282339726778559e+02
1.694297575178077864e+02
1.726492940947914008e+02
1.758866265992857336e+02
1.791396843202357161e+02
1.824095944033854835e+02
1.856946396807443875e+02
1.889946521416227938e+02
1.923102910886717609e+02
1.956398372209959291e+02
1.989844316062651046e+02
2.023432975136535106e+02
2.057158881551640377e+02
2.091027563072250075e+02
2.125023276076726120e+02
2.159149096944226471e+02
2.193394008661085763e+02
2.227747302834507082e+02
2.262209235253474731e+02
2.296761666226117029e+02
2.331404981547331090e+02
2.366131627809138536e+02
2.400930446639533784e+02
2.435803556583354066e+02
2.470735887381040072e+02
2.505722587002500745e+02
2.540754457186132527e+02
2.575815246024765770e+02
2.610899179500261198e+02
2.645987297719755702e+02
2.681068489928640020e+02
2.716129966767640553e+02
2.751152032005908836e+02
2.786125954920712502e+02
2.821032210996611411e+02
2.855856624073220473e+02
2.890586868266008196e+02
2.925203200334537996e+02
2.959695356394444161e+02
2.994045954281323247e+02
3.028240202102390981e+02
3.062266182819940923e+02
3.096105470173718004e+02
3.129747273552220577e+02
3.163175450719266451e+02
3.196374936705042842e+02
3.229334396250278019e+02
3.262036046678585990e+02
3.294468491685864819e+02
3.326617030346471893e+02
3.358466330424454327e+02
3.390005215999950678e+02
3.421217147760778516e+02
3.452090153297590405e+02
3.482610507487362383e+02
3.512763217117730505e+02
3.542537172529363261e+02
3.571916733367669963e+02
3.600889723227090826e+02
3.629443229717995223e+02
3.657562410738129870e+02
3.685236253604833223e+02
3.712450087220394153e+02
3.739191523377269277e+02
3.765448462311441631e+02
3.791206734517420500e+02
3.816455489091893014e+02
3.841181248440424838e+02
3.865371999663041720e+02
3.889016501324213095e+02
3.912101497915064101e+02
3.934616634259091938e+02
3.956549623469194898e+02
3.977888960726205028e+02
3.998624370994037918e+02
4.018743637837317806e+02
4.038236956182223594e+02
4.057093336770616361e+02
4.075302036742260157e+02
4.092853710323773271e+02
4.109737356643311159e+02
4.125943886988968075e+02
4.141463510924196498e+02
4.156286359394640044e+02
4.170403970188854146e+02
4.183806433987788864e+02
4.196485315424405371e+02
4.208431908476055696e+02
4.219637168289148690e+02
4.230093446878771601e+02
4.239791984253477608e+02
4.248725116747171455e+02
4.256885281209843015e+02
4.264264509929585074e+02
4.270856147012191855e+02
4.276652731669406649e+02
4.281647639684791784e+02
4.285834591919775676e+02
4.289206897313471814e+02
4.291759102364882210e+02
4.293485271602183388e+02
4.294380124501632281e+02
4.294438994380204804e+02
4.293656919707509587e+02
4.292030115824065888e+02
4.289554645772478807e+02
4.286227112231201772e+02
4.282044873584937932e+02
4.277005091544779702e+02
4.271105993055645627e+02
4.267865765426190592e+02
4.267642466745456886e+02
4.267161262193764628e+02
4.266980212419715599e+02
4.266976595288354019e+02
4.266750218222074409e+02
4.267200988221919147e+02
4.267804705516714989e+02
4.268358544431707173e+02
4.269512446184487544e+02
4.270700711813142902e+02
4.272022016735335228e+02
4.273651873718703200e+02
4.275476284985034567e+02
4.277582702939666888e+02
4.279904349349731092e+02
4.282745017875898839e+02
4.285811686290981584e+02
4.289015121091342166e+02
4.292577718095717501e+02
4.295876901354170059e+02
4.298948760673607694e+02
4.301777206513672240e+02
4.303970174347537636e+02
4.305726270333275352e+02
4.306999027743535180e+02
4.307853853866181453e+02
4.308395577038561441e+02
4.308678076122455991e+02
4.308931144457515643e+02
4.309016657553333971e+02
4.309119537705368543e+02
4.309321978782692781e+02
4.309423621836305642e+02
4.309652709614493915e+02
4.309916180285294445e+02
4.310151063812540997e+02
4.310478522681438562e+02
4.310788556927263926e+02
4.311143139832220186e+02
4.311498055870561075e+02
4.311866601134564121e+02
4.312288864201956926e+02
4.312653289598012520e+02
4.313084047380780817e+02
4.313516303954152136e+02
4.313901408703159746e+02
4.314354677708811892e+02
4.314760134598706145e+02
4.315163625330582136e+02
4.315580086724809235e+02
4.315956775414693993e+02
4.316349335002595353e+02
4.316704687917649608e+02
4.317065938437892783e+02
4.317421672684084228e+02
4.317740180518544548e+02
4.318097246371189044e+02
4.318422739214678927e+02
4.318750265046892309e+02
4.319108923825362467e+02
4.319439860449273283e+02
4.319801341346141044e+02
4.320162366508514538e+02
4.320519973904500262e+02
4.320890532397401671e+02
4.321234831105425087e+02
4.321585530439926970e+02
4.321907115240506982e+02
4.322205070681977190e+02
4.322503531133537535e+02
4.322761572839984296e+02
4.323024964819987304e+02
4.323282630533785778e+02
4.323525957007606735e+02
4.323789490704018590e+02
4.324045201888232555e+02
4.324316917057744831e+02
4.324603595609307263e+02
4.324900375073635814e+02
4.325230808569385772e+02
4.325568097085837849e+02
4.325926774423500092e+02
4.326290923716740053e+02
4.326631665136131915e+02
4.326959232861696023e+02
4.327239816855920935e+02
4.327478922794472282e+02
4.327685896374794083e+02
4.327855260145416878e+02
4.328017661231564830e+02
4.328171228859513917e+02
4.328329282741782436e+02
4.328499889462266879e+02
4.328672652432094878e+02
4.328868842585008565e+02
4.329086272892219540e+02
4.329343518935094721e+02
4.329665148063609763e+02
4.330046308637020047e+02
4.330493283762118608e+02
4.330972212347932100e+02
4.331435030849671648e+02
4.331835702651519568e+02
4.332118422177051116e+02
4.332272068387723039e+02
4.332306407803458796e+02
4.332264651742152637e+02
4.332214380671820777e+02
4.332197717870890870e+02
4.332246538144662509e+02
4.332349479361064368e+02
4.332470902534649895e+02
4.332591597352410417e+02
4.332709287213988318e+02
4.332879491915026620e+02
4.333188181072874841e+02
4.333713764393312431e+02
4.334491944918744935e+02
4.335454033211750016e+02
4.336442032996837952e+02
4.337237974959107873e+02
4.337638243725733673e+02
4.337554648676057809e+02
4.337047435151525860e+02
4.336332375955242924e+02
4.335698292611850206e+02
4.335380647294670098e+02
4.335467402466627505e+02
4.335839289317072485e+02
4.336235102077561123e+02
4.336391828591919193e+02
4.336203099884974677e+02
4.335838714858412573e+02
4.335712011692881447e+02
4.336327327830434228e+02
4.338031261467124864e+02
4.340764683268614021e+02
4.343968635243710992e+02
4.346695423466356374e+02
4.347961044953897272e+02
4.347197394429859969e+02
4.344578309667905955e+02
4.341063882597326256e+02
4.338071909455013042e+02
4.336895284402971242e+02
4.338078127161450084e+02
4.341033542405449452e+02
4.344202974754859952e+02
4.345779417460744298e+02
4.344698719651532883e+02
4.341368634405280318e+02
4.337715419410105255e+02
4.336515172801358062e+02
4.340208507588704379e+02
4.349564932365693721e+02
4.362723075071627932e+02
4.375303790353279965e+02
4.382060899298881509e+02
4.379477289374166276e+02
4.367807854371989720e+02
4.351384775962426943e+02
4.337182120896292759e+02
4.332299692353344085e+02
4.340735703588622982e+02
4.360271343190024709e+02
4.381980696994008326e+02
4.394465740397691889e+02
4.390663899814045408e+02
4.372065816282785704e+02
4.347990501787689368e+02
4.331884266157176171e+02
4.336909830455218753e+02
4.370644391444899384e+02
4.428341971219799689e+02
4.489676700482997944e+02
4.526496812811612926e+02
4.519756060105560209e+02
4.471872172768531755e+02
4.404081076980318130e+02
4.345109489404096621e+02
4.325261348311140637e+02
4.369845513525828551e+02
4.475064166739928737e+02
4.591116900723082495e+02
4.650621444549273633e+02
4.622516605135963346e+02
4.531747970825776406e+02
4.429706267089554217e+02
4.362566032642756682e+02
4.375136651604787517e+02
4.503607324892199131e+02
4.724348077627711859e+02
4.930641657347070463e+02
4.994125238933535798e+02
4.891673457437495927e+02
4.714811300035410682e+02
4.547117017627586506e+02
4.444718207136639876e+02
4.491036312402216595e+02
4.688894685350546752e+02
4.919249957420558417e+02
5.027270505977921857e+02
4.946171397810994677e+02
4.763893650130293054e+02
4.608352720014089527e+02
4.519753753200243409e+02
4.532847146585294809e+02
4.641241279519372824e+02
4.800196261835101268e+02
4.920751455909781384e+02
4.921333404179365516e+02
4.802678346668117229e+02
4.647415961561616768e+02
4.531147596147783361e+02
4.485026976230187756e+02
4.500928645785702429e+02
4.545838434128302765e+02
4.608251356577628712e+02
4.671506579743440284e+02
4.698194774724611875e+02
4.654426101817103358e+02
4.565935048447269651e+02
4.468348391679918450e+02
4.400744263627377677e+02
4.378664134648100799e+02
4.400422428335442646e+02
4.456829440097577049e+02
4.537230020997318434e+02
4.619689867779056272e+02
4.665885252720552216e+02
4.648009910222682493e+02
4.572504836729539193e+02
4.467878507711268412e+02
4.401693280557794310e+02
4.401389572876093439e+02
4.449921932073087305e+02
4.522241167224103719e+02
4.591149303749140813e+02
4.618218549192723117e+02
4.586425728534903214e+02
4.508832123568828365e+02
4.423495206649986358e+02
4.357395138776283261e+02
4.352652932472564089e+02
4.395273884765191497e+02
4.463617354471298881e+02
4.538744382185562358e+02
4.590557034042863620e+02
4.587691468082220467e+02
4.539603049396229153e+02
4.463559887952055760e+02
4.393563963589137984e+02
4.359956477080558557e+02
4.380808836366030050e+02
4.435608826852649713e+02
4.506739617826308972e+02
4.568996525868306549e+02
4.587778144125280164e+02
4.545389520220825261e+02
4.473350801089196693e+02
4.392856134219073851e+02
4.340955538692961682e+02
4.341941690796734861e+02
4.395756272794445181e+02
4.477878994555948111e+02
4.565583542543832323e+02
4.620447052133816328e+02
4.614335810732138725e+02
4.544868472255615757e+02
4.455970843435091524e+02
4.385756471064698303e+02
4.374966120716753721e+02
4.425493772748916967e+02
4.510409773840416392e+02
4.589767933853169097e+02
4.633238944039594003e+02
4.606501125374650769e+02
4.525585438767266169e+02
4.428189525782268561e+02
4.361378364180609424e+02
4.349277170166716360e+02
4.397296855635746624e+02
4.482814067173765125e+02
4.573806946524786667e+02
4.630757427905936652e+02
4.632502142533288065e+02
4.570183425578293850e+02
4.479282516338848836e+02
4.400382606653067228e+02
4.374609331298066763e+02
4.407891265984036409e+02
4.483968869478961778e+02
4.568780312286724552e+02
4.629207296436194952e+02
4.626123798353349912e+02
4.563085964455241310e+02
4.466893716215595873e+02
4.384120714856327368e+02
4.346322957320107889e+02
4.370952193171272597e+02
