-6.001321433253548054e-04
-9.295182498567644558e-04
-1.887773900007300165e-03
-3.061605535126132871e-03
-3.662180265464498596e-03
-5.619642362256538348e-03
-7.076368400473986853e-03
-8.760519109234254920e-03
-1.138191404710386934e-02
-1.343760418869621720e-02
-1.600651522062690457e-02
-1.861139480821716319e-02
-2.142687129788245493e-02
-2.432924621025733813e-02
-2.680821654467058224e-02
-2.999024351670631638e-02
-3.241249445235405702e-02
-3.470099873070986440e-02
-3.747733592052515661e-02
-3.919305055780109015e-02
-4.137839441974944243e-02
-4.352148472920425171e-02
-4.496717739196709474e-02
-4.693231600627489897e-02
-4.856254780445490304e-02
-5.017538798732745775e-02
-5.191160468368094527e-02
-5.363595813010357816e-02
-5.570017650643466212e-02
-5.754806446106641715e-02
-5.979317029598085753e-02
-6.213647727397830778e-02
-6.430218331235248996e-02
-6.699410578279696438e-02
-6.943119561380939331e-02
-7.196144349468536205e-02
-7.473543632643320223e-02
-7.711186381927914724e-02
-7.964950454915875611e-02
-8.197607414888086197e-02
-8.407610490679529036e-02
-8.618694064127208065e-02
-8.787415033960277455e-02
-8.957006196639349938e-02
-9.100021103522371035e-02
-9.212691788368498891e-02
-9.326941714154646235e-02
-9.404491883115806417e-02
-9.482178090207860066e-02
-9.548187892437010049e-02
-9.598336991964151466e-02
-9.660374689692385886e-02
-9.703865472935957470e-02
-9.758479305917600044e-02
-9.814109986568109179e-02
-9.862919066905462273e-02
-9.933807369016545152e-02
-9.991627848911477372e-02
-1.005502550732471079e-01
-1.012159967396160098e-01
-1.016302038448611000e-01
-1.019648130324286583e-01
-1.019146064350300307e-01
-1.013734526873788511e-01
-1.002039063873239044e-01
-9.801251987041759151e-02
-9.466396741252758318e-02
-8.966836345830486721e-02
-8.269827502540838537e-02
-7.337452806690247797e-02
-6.109358950498933183e-02
-4.558919061285493513e-02
-2.626934304163164313e-02
-2.704437234843481974e-03
2.538633319719352244e-02
5.851178373339660510e-02
9.682356410318870843e-02
1.405945594907720420e-01
1.900187314334083055e-01
2.451056503446498169e-01
3.060299575253706550e-01
3.727220342941937048e-01
4.452010214593933313e-01
5.234645870765195497e-01
6.073584993708225355e-01
6.968982368533822580e-01
7.919036644985908424e-01
8.922415722737859767e-01
9.978026522293745870e-01
1.108299064393369449e+00
1.223577762799640922e+00
1.343326386124197747e+00
1.467234509007201204e+00
1.595031572522137786e+00
1.726290070902120277e+00
1.860712931027772576e+00
1.997898263822178500e+00
2.137429992319559879e+00
2.278957702543522146e+00
2.421987246175774544e+00
2.566104130953088536e+00
2.710826404216771124e+00
2.855614817070582845e+00
2.999975118705211052e+00
3.143266190544110827e+00
3.284834914739519718e+00
3.423876964501373799e+00
3.559374911521153706e+00
3.690159201846010539e+00
3.814715962162331664e+00
3.931337647706591554e+00
4.038132022486951911e+00
4.133090310743291695e+00
4.214377017549820081e+00
4.280358714508637696e+00
4.329826259493626317e+00
4.362055180453872971e+00
4.376716172107933289e+00
4.373902424913153730e+00
4.353924152154101890e+00
4.317271664443810053e+00
4.264569957106941089e+00
4.196468895742917482e+00
4.113686955997076566e+00
4.016862275796112769e+00
3.906496759079639336e+00
3.782931680938419472e+00
3.646271687252553573e+00
3.496508988464899215e+00
3.333570194441766610e+00
3.157413275659586294e+00
2.968157661173933093e+00
2.766089168460325265e+00
2.551753764874838737e+00
2.325973871712375907e+00
2.089854095640055309e+00
1.844835423783031558e+00
1.592621172103506400e+00
1.335135742556478711e+00
1.074411700538567604e+00
8.124292446998375716e-01
5.510409971558245523e-01
2.918592788408562733e-01
3.623553224832032349e-02
-2.147231889845211406e-01
-4.601536889867294811e-01
-6.993536321256215160e-01
-9.317398151811437934e-01
-1.156770712105961163e+00
-1.373847593694893732e+00
-1.582277636060779535e+00
-1.781211302791162687e+00
-1.969662189094697702e+00
-2.146574279434312782e+00
-2.310900825567314243e+00
-2.461747606821223844e+00
-2.598463755456883906e+00
-2.720720698733764209e+00
-2.828563119019694483e+00
-2.922384947340331607e+00
-3.002903133632905508e+00
-3.071062632903225342e+00
-3.127919384659325175e+00
-3.174529306975708121e+00
-3.211811028335652018e+00
-3.240469155442687654e+00
-3.260943984707086241e+00
-3.273413419694890081e+00
-3.277867542048161553e+00
-3.274188106977619306e+00
-3.262265515724067200e+00
-3.242096465879071410e+00
-3.213845266766436115e+00
-3.177887907131096146e+00
-3.134788484238557604e+00
-3.085253983365482178e+00
-3.030059981904894784e+00
-2.969953609832122421e+00
-2.905586031744550102e+00
-2.837452114903480815e+00
-2.765879345254769195e+00
-2.691062306585128017e+00
-2.613117696049697791e+00
-2.532174681112643544e+00
-2.448445062376482628e+00
-2.362271721839976468e+00
-2.274142776888247397e+00
-2.184647375558088189e+00
-2.094409383580509321e+00
-2.003989346432174301e+00
-1.913786416854843964e+00
-1.823970902819526785e+00
-1.734444273001399139e+00
-1.644863502649510423e+00
-1.554712337892498297e+00
-1.463412173157482066e+00
-1.370462941383831179e+00
-1.275565715996695992e+00
-1.178720096173749177e+00
-1.080264543176469694e+00
-9.821491315710977332e-01
-8.843632177496236757e-01
-7.879530006757766714e-01
-6.945369794403553065e-01
-6.032988239714773826e-01
-5.164254734061626273e-01
-4.342488469967769049e-01
-3.552885249590005401e-01
-2.801324573047110356e-01
-2.077580342676745850e-01
-1.364250084251228401e-01
-6.599335886127022377e-02
3.685138326825487809e-03
7.336452664338510843e-02
1.425478458802733606e-01
2.097066169706756078e-01
2.748923170688448714e-01
3.373037204482551843e-01
3.973111201167505158e-01
4.598913904088313132e-01
5.305304541702229315e-01
6.169687884287489155e-01
7.274327638704485288e-01
8.636002244049874044e-01
1.021472367579565166e+00
1.189756700484211560e+00
1.350996436038414572e+00
1.488375732251629557e+00
1.589011682864138741e+00
1.647193898664413680e+00
1.665521180727253192e+00
1.653013478226649902e+00
1.622953388266382024e+00
1.590771875337133157e+00
1.573394744293740821e+00
1.586925130551257279e+00
1.645033130659065534e+00
1.757285515794152264e+00
1.924647496807512681e+00
2.139981375794094642e+00
2.388871901960898825e+00
2.651238866529338267e+00
2.907885193614575758e+00
3.142228020387909382e+00
3.342343688484556985e+00
3.502486773000851539e+00
3.620281597942245799e+00
3.697096163351632381e+00
3.737670428564661584e+00
3.749849287723770352e+00
3.745369937336584076e+00
3.738729929107037719e+00
3.746234020916855645e+00
3.783605657938891476e+00
3.864781907822442353e+00
4.001168193790605621e+00
4.199977429147712549e+00
4.464905519404883449e+00
4.793957878993061250e+00
5.177421765474405468e+00
5.598001666293075829e+00
6.029352829561343441e+00
6.438909399386270493e+00
6.792477398292266599e+00
7.058329629005845263e+00
7.213568027369790414e+00
7.247955825282510034e+00
7.166259939290965164e+00
6.989506569564291283e+00
6.753370577731923952e+00
6.505566757852804471e+00
6.300588227807737418e+00
6.193389868259004061e+00
6.231712667709399689e+00
6.447847263796770534e+00
6.853414300725039432e+00
7.435241468424627520e+00
8.155729497893833724e+00
8.957222515302055044e+00
9.767544025636459182e+00
1.050912056901038660e+01
1.110799462687765882e+01
1.150227347723610016e+01
1.165101045584476580e+01
1.154009109581767589e+01
1.118611718297556834e+01
1.063709758227977886e+01
9.968652164606064403e+00
9.277208461474486967e+00
8.669614832894735557e+00
8.251468980469425674e+00
8.114637299067467779e+00
8.325510591529830862e+00
8.915794863871449039e+00
9.875132427194554197e+00
1.114866802204364227e+01
1.263901812184183271e+01
1.421292522897248212e+01
1.571422104635918160e+01
1.698008233061798933e+01
1.786019693136056929e+01
1.823707488534038390e+01
1.804353608205332193e+01
1.727652578734303646e+01
1.600438414887931415e+01
1.436560097345905973e+01
1.255918953204962740e+01
1.082600518106843168e+01
9.423013214837109075e+00
8.592322310627700688e+00
8.528725628176079709e+00
9.349764592697567878e+00
1.107210752458695602e+01
1.359977504879845966e+01
1.672563691828181831e+01
2.014768552434899362e+01
2.349922002444604630e+01
2.638831774113379680e+01
2.844388874534279665e+01
2.936358610457578067e+01
2.895790508351266013e+01
2.718587678309856415e+01
2.417531039191255360e+01
2.022241371152431100e+01
1.576949075406389156e+01
1.136212802570032920e+01
7.591310943957202184e+00
5.025979506409311348e+00
4.141667252827009982e+00
5.250955973150944089e+00
8.444846631391033753e+00
1.355740202222618151e+01
2.016332608042191410e+01
2.761329075229523866e+01
3.510052210049789778e+01
4.174573467912354374e+01
4.669088654050148079e+01
4.919727540385148501e+01
4.874656809324743278e+01
4.513692840117467142e+01
3.855203067727303790e+01
2.957748174869146851e+01
1.915325402902225704e+01
8.474337182871030549e+00
-1.131879312848196761e+00
-8.333058397252578686e+00
-1.193029763459002623e+01
-1.102415495758920727e+01
-5.199878955192868801e+00
5.321117863857327990e+00
1.963925919971329748e+01
3.628552347346629148e+01
5.343765669126531748e+01
6.914112824084716635e+01
8.146183110627474377e+01
8.860310577922457753e+01
8.909768244420143901e+01
8.212967935934106833e+01
6.787637337779632674e+01
4.764366421991056200e+01
2.365082237699147072e+01
-1.419156430150376735e+00
-2.478543061978604811e+01
-4.364780148996492670e+01
-5.514310905697628584e+01
-5.658496758403193638e+01
-4.620298458246366380e+01
-2.408748409905825483e+01
7.372544342377615578e+00
4.409757610964546615e+01
8.168518503374031070e+01
1.164848669779723309e+02
1.454436004692973654e+02
1.650168283010251855e+02
1.707451166264913240e+02
1.587432120217765714e+02
1.283615569315213349e+02
8.366339876369417539e+01
3.187165001523045049e+01
-2.037834357139731623e+01
-6.943455671873334722e+01
-1.128214038344389536e+02
-1.451745175313768641e+02
-1.572113568743454266e+02
-1.400371361579919949e+02
-9.229080105975988602e+01
-2.388312253530432372e+01
4.873086532305400453e+01
1.134968850157907241e+02
1.703348060417681893e+02
2.244769199682953058e+02
2.717079887923543424e+02
2.936553440056861746e+02
2.706264304860293350e+02
2.012501838247152932e+02
1.082212874436987420e+02
2.144649954546079584e+01
-4.768070559892080951e+01
-1.105247373581866981e+02
-1.752830830709971224e+02
-2.253631280148214557e+02
-2.309593275306882560e+02
-1.793766884230331584e+02
-9.005174244725716903e+01
-1.201321490193720365e+00
5.608014055319983981e+01
9.068960548133077282e+01
1.313405090919557097e+02
1.818558874594752410e+02
2.154234824740481997e+02
2.048853397195108528e+02
1.562652025953728412e+02
9.943741985462111188e+01
4.800744151731903742e+01
6.970005743483071114e+00
-2.031164934195007277e+01
-4.818203239389929138e+01
-8.013579319622115804e+01
-9.764736304467609784e+01
-8.737244333383853245e+01
-6.008331017282714726e+01
-3.438344533618710841e+01
-1.223172338093958444e+01
7.621684905089765039e+00
2.603245954372044935e+01
5.089111840042549773e+01
8.878851066516702417e+01
1.339872285972377313e+02
1.589933019006554673e+02
1.459224248731567286e+02
1.131776546446802882e+02
7.789365668990338065e+01
4.275484161654029691e+01
1.175293496824512829e+01
-1.785106650371253068e+01
-5.726517871519985192e+01
-1.086714097464605402e+02
-1.491194937023297200e+02
-1.483919017884665266e+02
-1.071657309143531478e+02
-5.470881741936408105e+01
-1.113973558058671642e+01
2.194247039140080346e+01
4.587877745410735031e+01
6.683467880678442441e+01
9.512184506927758321e+01
1.277014503592739061e+02
1.434417160900517274e+02
1.278038378873975773e+02
8.951113216420642971e+01
4.700051495663488765e+01
9.196248272021321668e+00
-2.445310670377692475e+01
-5.476520481790915795e+01
-8.242780147779173205e+01
-1.074520573152493625e+02
-1.233394922960492153e+02
-1.173944418158047540e+02
-8.751710032184428201e+01
-4.711074671685913984e+01
-8.633429924234732766e+00
2.546132097816668249e+01
5.865474628120486500e+01
9.416765113818561872e+01
1.281197980529956908e+02
1.506581941599640970e+02
1.518964244807497153e+02
1.265586094030304736e+02
8.314255351848098030e+01
3.716336310823426459e+01
-2.946512191875967801e+00
-3.990536340994118802e+01
-8.095192586546974667e+01
-1.236260864400998116e+02
-1.519946851991334427e+02
-1.504401448582745218e+02
-1.184386000576453739e+02
-6.906792638124782968e+01
-1.901134158968721977e+01
2.074277691361096743e+01
5.064616242319647199e+01
8.058575900264666814e+01
1.152919100767892928e+02
1.447526757168544123e+02
1.524721688612891342e+02
1.307159228920207283e+02
8.910566192123053497e+01
4.245139571329659134e+01
1.363917683413404802e-01
-3.549944084896337415e+01
-6.942966893876983647e+01
-1.062017636440786816e+02
-1.378758297831670063e+02
-1.477176809877108781e+02
-1.275872394703264519e+02
-8.566956091081195268e+01
-3.804380076091254637e+01
3.446892997486386889e+00
3.653938464608251024e+01
6.758363204541781499e+01
1.021878338379740114e+02
