9.999945672145379438e-01
9.999865256581040862e-01
9.999819379728235313e-01
9.999748099333533036e-01
9.999684272580686706e-01
9.999629426324151416e-01
9.999555728716454928e-01
9.999503798608844196e-01
9.999434038764501986e-01
9.999371639729045524e-01
9.999316811240382963e-01
9.999242029395123410e-01
9.999190511439828288e-01
9.999124538868999768e-01
9.999058089126336979e-01
9.999005525031759989e-01
9.998934628560335325e-01
9.998878517036074998e-01
9.998816848108000865e-01
9.998751771969291990e-01
9.998697732925150294e-01
9.998629915060147644e-01
9.998574472017660586e-01
9.998514246356035029e-01
9.998449782327613056e-01
9.998397701768250156e-01
9.998332326910123191e-01
9.998275882924182456e-01
9.998219621663375634e-01
9.998049441335140619e-01
9.997861559679246390e-01
9.997662021939809351e-01
9.997452344874115937e-01
9.997232329766978509e-01
9.997000685529744413e-01
9.996760244835790621e-01
9.996506978930190801e-01
9.996244390049068285e-01
9.995972005090434376e-01
9.995687386249317852e-01
9.995395244688471958e-01
9.995092518620716238e-01
9.994780857943634800e-01
9.994462104195594998e-01
9.994134848291650330e-01
9.993802093846235746e-01
9.993463164108730146e-01
9.993119826787643101e-01
9.992773503316026984e-01
9.992423530719326541e-01
9.992073333969889726e-01
9.991722213093047200e-01
9.991371255169083643e-01
9.991023022404406095e-01
9.990676158825215758e-01
9.990332477246279819e-01
9.989991466935814746e-01
9.989654932587217484e-01
9.989324627818706448e-01
9.988999844585079169e-01
9.988682163864577301e-01
9.988371468207253301e-01
9.988067769322114264e-01
9.987772434527358856e-01
9.987484230597283297e-01
9.987204245225538290e-01
9.986932395029164411e-01
9.986667885219527863e-01
9.986411663634258140e-01
9.986162609666531242e-01
9.985920888827484188e-01
9.985686319123990851e-01
9.985458075267583666e-01
9.985236602211017276e-01
9.985020977721649205e-01
9.984811361451387812e-01
9.984607855365433826e-01
9.984409875335795714e-01
9.984218376284198504e-01
9.984033189586717372e-01
9.983854841703239114e-01
9.983684396122503024e-01
9.983522011142050845e-01
9.983369131241740524e-01
9.983226442878458951e-01
9.983094935408181048e-01
9.982975996303440347e-01
9.982870141194515323e-01
9.982778804529671701e-01
9.982702602302506723e-01
9.982642177934213379e-01
9.982598498051844516e-01
9.982571581697121665e-01
9.982562124939263759e-01
9.982570387785090205e-01
9.982596538376763418e-01
9.982641362039540445e-01
9.982705237870589388e-01
9.982789425175250253e-01
9.982895519473262702e-01
9.983025677124292008e-01
9.983183492058587127e-01
9.983373203019180187e-01
9.983600899609021972e-01
9.983874225681906855e-01
9.984202232104646413e-01
9.984596036968758082e-01
9.985067565599778927e-01
9.985629683008511170e-01
9.986295287177535673e-01
9.987076109707190286e-01
9.987982604335475800e-01
9.989022521832383594e-01
9.990162263590757208e-01
9.991421707779549743e-01
9.992816553210199793e-01
9.993585493486319971e-01
9.992759041680835397e-01
9.991811577996146942e-01
9.990840705471281114e-01
9.989754803784703929e-01
9.988553092624787855e-01
9.987323658922374614e-01
9.986033025829602616e-01
9.984589947260555931e-01
9.983120351602935427e-01
9.981305621102141146e-01
9.979385344206580521e-01
9.977272377903400047e-01
9.974743392379443740e-01
9.972069246880861382e-01
9.969341688285769942e-01
9.966568734263988594e-01
9.963760208850563904e-01
9.960927690601120155e-01
9.958083706276060765e-01
9.955241409336453851e-01
9.952338502479883831e-01
9.949441238722050995e-01
9.946580385760377396e-01
9.943766047192000856e-01
9.941006695464396081e-01
9.938309184963983745e-01
9.935678966001770807e-01
9.933120750079948991e-01
9.930638832604489208e-01
9.928237734567180173e-01
9.925922534682029008e-01
9.923698869720928295e-01
9.921551324026651741e-01
9.919486053527711844e-01
9.917532006459062188e-01
9.915694201076682424e-01
9.913975680206493779e-01
9.912377096945391708e-01
9.910896267644732083e-01
9.909528213046822076e-01
9.908265551095877255e-01
9.907099039846701816e-01
9.906018594569093727e-01
9.905014179656083106e-01
9.904076750588968192e-01
9.903199034727931949e-01
9.902375839793882140e-01
9.901604210529887373e-01
9.900883071088140142e-01
9.900212649359980688e-01
9.899593792826568706e-01
9.899027102485241647e-01
9.898512333073067326e-01
9.898047892126350389e-01
9.897630632250751237e-01
9.897256014889687092e-01
9.896918385816592112e-01
9.896611535606372190e-01
9.896329235039319494e-01
9.896065682146011344e-01
9.895815883149292613e-01
9.895575718979146007e-01
9.895341928512209062e-01
9.895111925882009718e-01
9.894883537214409497e-01
9.894654865702003921e-01
9.894424163339651246e-01
9.894189916799880358e-01
9.893951050337339570e-01
9.893707159936245832e-01
9.893458819133630344e-01
9.893207694592919266e-01
9.892956515137232287e-01
9.892708799411840115e-01
9.892468296364774760e-01
9.892238323479635165e-01
9.892020983416950353e-01
9.891816495256615660e-01
9.891622765986918253e-01
9.891435251756498515e-01
9.891247270004537295e-01
9.891050644901923095e-01
9.890836659322982394e-01
9.890586273249305505e-01
9.890296292181914861e-01
9.889980667556946825e-01
9.889626991781607090e-01
9.889238719910958819e-01
9.888828241486687931e-01
9.888397495516825231e-01
9.887960020899971836e-01
9.887520109156645587e-01
9.887092023278063468e-01
9.886679133765219341e-01
9.886282414198215296e-01
9.885918213719698810e-01
9.885582995796828865e-01
9.885291933073162562e-01
9.885066247247326077e-01
9.884917970446590596e-01
9.884873610144335743e-01
9.884942360436285158e-01
9.885119722586203084e-01
9.885380447283557137e-01
9.885670682886948946e-01
9.885925290017348877e-01
9.886061091749861474e-01
9.885995957413946655e-01
9.885685892141233833e-01
9.885110871690790946e-01
9.884280248909572686e-01
9.883218599554769446e-01
9.882025455559894089e-01
9.880822919059684128e-01
9.879742406083253936e-01
9.878915866041517724e-01
9.878445669746762636e-01
9.878387275956900249e-01
9.878740323539267898e-01
9.879437085992069933e-01
9.880363990212396308e-01
9.881298551745782976e-01
9.882124367426572409e-01
9.882705437190472120e-01
9.882912066666996731e-01
9.882661152092828694e-01
9.881923511557479944e-01
9.880726869076619234e-01
9.879160102560294865e-01
9.877357837831609588e-01
9.875490633637524773e-01
9.873742354624479578e-01
9.872289453107578883e-01
9.871252944849704392e-01
9.870785283262369925e-01
9.870972716993855478e-01
9.871818634646802870e-01
9.873165492328433990e-01
9.874932075007963883e-01
9.876927804537558586e-01
9.878918165926020567e-01
9.880647123533062848e-01
9.881860238179194234e-01
9.882339208092103533e-01
9.881927312998823876e-01
9.880557204687253625e-01
9.878269840858420192e-01
9.875219022490916432e-01
9.871671229968562722e-01
9.867982389585785441e-01
9.864565067096807693e-01
9.861843664050778946e-01
9.860196733976624994e-01
9.859903804200774724e-01
9.861103499223592417e-01
9.863745125670161373e-01
9.867594932899260707e-01
9.872238475448253947e-01
9.877122379902960603e-01
9.881533949126672933e-01
9.884502058747122177e-01
9.885986213314125193e-01
9.885619299326393605e-01
9.883234140537014989e-01
9.878900668440857569e-01
9.872935566070927260e-01
9.865660124893440575e-01
9.857538385302698769e-01
9.849873985768305973e-01
9.843603405012905094e-01
9.839363947286224876e-01
9.838056406867455861e-01
9.840155036975073433e-01
9.845653813218108175e-01
9.853818440969109860e-01
9.863859541017738763e-01
9.874544100262900859e-01
9.883848363769009993e-01
9.891427099398381051e-01
9.894161153366520800e-01
9.893174856237458847e-01
9.889920208541151947e-01
9.884514330913001245e-01
9.874608646245257582e-01
9.860218030298328884e-01
9.844162984013773432e-01
9.826955834251858146e-01
9.811660102960202412e-01
9.800277620801548517e-01
9.795205878959661883e-01
9.797644733359438529e-01
9.807966772239978814e-01
9.825585620351493521e-01
9.848410687606270475e-01
9.872770022010246560e-01
9.893074281771868650e-01
9.897218470948409008e-01
9.893920373306154259e-01
9.888928396856684344e-01
9.883136043956326500e-01
9.877102446129767399e-01
9.870994506812642566e-01
9.858478220757983523e-01
9.826664862096050612e-01
9.787916943538029768e-01
9.749929359910191051e-01
9.720523954738933270e-01
9.704722469194073664e-01
9.705807973473602468e-01
9.725225164635011854e-01
9.762201097174667552e-01
9.813631994991850460e-01
9.871992890294387646e-01
9.901973073475985876e-01
9.896179453680109539e-01
9.884725555071943726e-01
9.870887644476689093e-01
9.858405839582214947e-01
9.848553307599201556e-01
9.840337277692613460e-01
9.833242398042386645e-01
9.807443364533274810e-01
9.719817468007831973e-01
9.627419277669729825e-01
9.552429114880354177e-01
9.506347908220966758e-01
9.498043145987007385e-01
9.532362106688505587e-01
9.609005932187952848e-01
9.722003852279225145e-01
9.859973876063675702e-01
9.920789961440862337e-01
9.839480246903401506e-01
9.716052022017606093e-01
9.635907453034168180e-01
9.614154670071827224e-01
9.659758974034783341e-01
9.768576895646958747e-01
9.765640189852873299e-01
9.758833332391337878e-01
9.604496225828824674e-01
9.382198101564797055e-01
9.192741193110578468e-01
9.064812018442485186e-01
9.021926875893863107e-01
9.078644732448150068e-01
9.237591716396927888e-01
9.487394738354737456e-01
9.802168005177952503e-01
9.849635218445802476e-01
9.492362119313227931e-01
9.182275781295280437e-01
8.966318040696305003e-01
8.882811028001655895e-01
8.955100942792878493e-01
9.185986003310352421e-01
9.563480598807807542e-01
9.622866976776047743e-01
9.426858995126492502e-01
8.916666798247234738e-01
8.466118973577625439e-01
8.149174019102843891e-01
8.021410492037808204e-01
8.116070061847323602e-01
8.442463839677362136e-01
8.976483580684483377e-01
9.662148720441194882e-01
9.571732097708182119e-01
8.789013554821307750e-01
8.108408391947954375e-01
7.642422116348684957e-01
7.466718930178327662e-01
7.617224791294135988e-01
8.094820712591664913e-01
8.871141936564904684e-01
9.337697697133678920e-01
9.097142535638889083e-01
8.130923869012631755e-01
7.330891293487495908e-01
6.855903766425742729e-01
6.768961291036560413e-01
7.072159279626305528e-01
7.730365760946091847e-01
8.695286477366880318e-01
9.338904170074292521e-01
8.952568246855036049e-01
7.875436624327443180e-01
7.077093626620533096e-01
6.694961222856169458e-01
6.754190262211758888e-01
7.213252264732298302e-01
7.999344071315415139e-01
9.034653555038879569e-01
9.085088346331099407e-01
8.728711618664971583e-01
7.874153471777584068e-01
7.242237381515744810e-01
6.960184427423206088e-01
7.039141818870320311e-01
7.430993489378751038e-01
8.050524707351996989e-01
8.851963073278574790e-01
9.283744082309280943e-01
9.150610472561193642e-01
8.450159582593268492e-01
7.766075888288913598e-01
7.335343416644816150e-01
7.219822464276034468e-01
7.411953064344016795e-01
7.866242054508485460e-01
8.518461099026560790e-01
9.314818925170961217e-01
9.296801633547073784e-01
8.968630026113969533e-01
8.253020297123035975e-01
7.689844842806026204e-01
7.400162003388421894e-01
7.432733777549196397e-01
7.763868258599775363e-01
8.319373265332214995e-01
9.039765964035274548e-01
9.449743180933602993e-01
9.285361284668243176e-01
8.583568897133588838e-01
7.997796311729319374e-01
7.654172181909112416e-01
7.610625461329019181e-01
7.869068622858211848e-01
8.379071600756344829e-01
9.061721874328398929e-01
9.397624165410948249e-01
9.303114916981893856e-01
8.694960297169225250e-01
8.133378454578197303e-01
7.763444425016687855e-01
7.638609526122414062e-01
7.778742690749160804e-01
8.159470222041440568e-01
8.730311513844748461e-01
9.432061593218170614e-01
9.496722224008201652e-01
9.044424461047431141e-01
8.395194042448151928e-01
7.923172643757465661e-01
7.695369133817845375e-01
7.744388762979284024e-01
8.065205516156804810e-01
8.613534562239254511e-01
9.326930614714570300e-01
9.424710870024509690e-01
9.096701280348777896e-01
8.414135844992567392e-01
7.879884537945776035e-01
7.588934442703726413e-01
7.584726803526858907e-01
7.864818194830628384e-01
8.379317668294691268e-01
9.073648416995524491e-01
9.490360739270582435e-01
9.288640295765326904e-01
8.569747560244863616e-01
7.985621653280743359e-01
7.649340078409498922e-01
7.611959847023909154e-01
7.874180862029847017e-01
8.395615305406783913e-01
9.106098863196461224e-01
9.397795383538146696e-01
9.225862698730911138e-01
8.537110699651085932e-01
7.946271030247801237e-01
7.579256734413473140e-01
7.491290452528615029e-01
7.692075545649007529e-01
8.143801688620749823e-01
8.793718720762880858e-01
9.472170443185156108e-01
9.436997623800668089e-01
8.810113326313523396e-01
8.151918270849768389e-01
7.709766833944359243e-01
7.551952782535582553e-01
7.698558463813814923e-01
8.126968617493982583e-01
