4.454081059300000334e+01
4.265417327600000164e+01
4.315789626600000162e+01
4.434671084600000057e+01
4.269410425699999934e+01
4.246695919300000099e+01
4.140975520599999982e+01
4.094175894199999988e+01
3.837099583300000205e+01
3.715310377000000130e+01
3.594211025999999976e+01
3.626753948500000035e+01
3.587916960100000097e+01
3.599172033300000351e+01
3.570571436000000176e+01
3.545632266600000548e+01
3.508399416500000001e+01
4.448057698000000215e+01
4.440433417300000229e+01
4.442593527000000364e+01
4.335612305200000094e+01
4.370679561600000085e+01
4.391222276599999930e+01
4.382784561300000092e+01
4.451154620500000192e+01
4.427110368800000373e+01
4.456808282000000077e+01
4.477770539600000177e+01
4.428295821400000420e+01
4.402555959800000096e+01
4.376588574300000545e+01
4.435955023600000402e+01
4.444258879899999926e+01
4.503788315000000608e+01
4.464254338300000313e+01
4.413962974100000025e+01
4.458001709000000545e+01
4.458987508900000307e+01
4.427537368400000162e+01
4.489111270100000439e+01
4.489949987300000345e+01
4.460675756200000563e+01
4.436555087400000019e+01
4.485913598300000160e+01
4.484970935400000513e+01
5.050953381500000461e+01
4.934594523800000587e+01
4.922330909000000077e+01
4.872839602400000558e+01
4.952130363400000590e+01
4.776011867500000108e+01
4.916933823400000136e+01
4.849137630900000318e+01
4.731528564700000317e+01
4.708097384999999946e+01
4.688368044700000326e+01
4.663349994400000043e+01
4.753709982200000184e+01
4.715789389400000431e+01
5.026627938500000425e+01
5.187464337700000527e+01
5.194113610400000169e+01
5.244276552200000197e+01
5.218305327600000254e+01
5.296809585700000156e+01
5.301738413900000069e+01
5.296112307599999980e+01
5.228347639700000116e+01
5.359322446600000234e+01
5.251503546400000033e+01
4.153260670400000265e+01
5.169753484800000365e+01
5.195288579500000026e+01
4.320251435300000509e+01
4.607575304500000613e+01
4.963349502800000579e+01
4.954063232400000061e+01
5.039128004400000549e+01
4.995128138000000462e+01
5.127346217800000261e+01
5.044311825800000548e+01
5.893336698800000306e+01
6.079881733500000252e+01
6.084022041000000058e+01
6.096229010700000117e+01
6.094469576500000585e+01
5.979046096900000151e+01
6.053681501500000195e+01
5.897890060000000290e+01
6.067352031500000464e+01
6.270542911800000496e+01
6.199383126400000066e+01
6.279804537700000111e+01
6.232147567000000521e+01
6.177530741200000364e+01
6.207501055400000212e+01
5.946644445800000511e+01
5.899063452100000404e+01
5.816637611400000196e+01
5.919062118100000447e+01
5.831988232800000560e+01
5.779095194700000349e+01
5.925019808000000410e+01
5.836778834600000465e+01
5.785845345600000655e+01
5.866019545800000401e+01
5.826363590900000133e+01
5.821655553200000099e+01
5.866017904300000652e+01
5.868416154400000551e+01
5.868000580300000024e+01
5.838275263500000278e+01
5.843974382400000422e+01
5.823466374700000614e+01
5.854690466100000634e+01
5.873924890400000720e+01
5.950848696100000268e+01
5.821570879400000109e+01
5.873743981500000189e+01
5.590425163000000452e+01
4.937989234200000510e+01
6.220978102500000517e+01
6.215230570000000654e+01
6.401235505900000078e+01
6.227044743900000157e+01
6.450278941000000543e+01
6.386038302700000457e+01
6.439532052100000215e+01
5.103359371700000224e+01
5.742587636900000092e+01
6.451085213100000715e+01
6.236929485400000317e+01
6.270053338200000326e+01
6.235956940900000234e+01
6.299778828400000208e+01
5.892821594800000184e+01
6.189471627700000056e+01
6.190033780400000296e+01
6.089365030400000478e+01
6.270396177800000714e+01
6.174326527800000264e+01
6.410699122799999827e+01
6.368679693000000697e+01
6.374043347900000356e+01
6.322835500600000103e+01
6.300920361300000394e+01
6.307866727900000114e+01
6.302250949500000132e+01
6.375203633600000330e+01
6.322438097400000601e+01
6.332843224100000157e+01
6.091786969400000373e+01
6.367702811300000576e+01
6.020462490600000649e+01
6.348947023000000200e+01
6.201194971200000339e+01
6.193239740200000654e+01
6.157655731000000543e+01
6.258970508200000182e+01
6.123739095900000251e+01
6.057243634300000679e+01
6.192523994000000442e+01
6.192573043400000188e+01
6.281506044800000410e+01
6.339324209400000143e+01
6.187873006400000264e+01
6.242523925700000120e+01
6.183708124500000736e+01
6.257430582700000343e+01
6.271838954300000069e+01
6.276754530300000567e+01
6.196859357900000731e+01
6.251461294300000304e+01
6.098664005300000213e+01
6.110946363600000097e+01
6.241000283300000717e+01
6.323268367800000078e+01
6.198268895400000389e+01
6.414467625600001099e+01
6.276767740200000389e+01
6.265942329600000704e+01
6.174332128500000039e+01
6.198529425200000276e+01
6.224889977300000510e+01
6.120110070600000540e+01
6.312299098700000144e+01
6.287654536500000546e+01
6.196217665700000055e+01
6.165483485200000047e+01
6.198092039300000522e+01
6.269991146400000304e+01
6.341629133500000393e+01
6.354429265900000701e+01
6.287153378400000037e+01
6.276544084700000070e+01
6.214358597800000439e+01
6.179953144700000678e+01
5.562309645900000277e+01
5.267947889100000225e+01
5.216985252400000661e+01
5.169339205400000026e+01
5.145895900300000392e+01
5.312604779700000535e+01
5.320444840700000100e+01
5.237848125900000440e+01
5.199401053500000103e+01
5.169702763400000123e+01
5.338335386900000401e+01
5.200107110100000085e+01
5.259125174300000083e+01
5.271570317700000174e+01
5.208838237200000520e+01
5.219495000100000226e+01
5.278384822200000315e+01
5.111618057100000101e+01
5.271061870000000482e+01
5.152502159600000198e+01
5.288437943899999993e+01
5.228147710600000408e+01
3.459939022200000380e+01
3.259017947899999967e+01
4.611820513500000374e+01
4.791141820400000029e+01
4.816172947400000481e+01
4.806282889400000613e+01
4.865023726700000140e+01
4.829171134300000290e+01
4.799533544600000567e+01
4.858899021800000639e+01
4.742216931000000102e+01
4.741634075400000370e+01
3.320566945600000253e+01
3.177938046800000294e+01
5.022257337200000649e+01
4.962456346700000154e+01
5.002199846999999977e+01
4.933306745600000198e+01
5.138016826500000178e+01
5.015195752099999993e+01
5.013505623600000405e+01
5.021654529300000291e+01
5.042220291499999973e+01
4.976269523400000594e+01
4.872036821600000422e+01
4.927627014700000530e+01
4.864039688400000472e+01
4.901816436200000027e+01
4.789583080799999948e+01
4.830267934900000171e+01
4.073312874600000555e+01
3.281653835499999872e+01
4.989179276300000510e+01
4.988769213200000507e+01
4.944247776300000652e+01
5.067459933700000363e+01
4.982984067699999997e+01
5.030091965100000095e+01
4.977705388400000430e+01
5.064483153200000487e+01
5.018242362200000173e+01
4.973053699000000449e+01
5.055734222800000310e+01
5.093623450500000160e+01
4.991063547200000272e+01
5.099742722600000633e+01
4.999349870100000004e+01
6.040486162400000580e+01
5.066699358099999984e+01
5.076698702400000229e+01
5.117322064100000034e+01
4.975762557700000599e+01
4.994778094400000157e+01
5.027651568800000348e+01
5.969237453200000232e+01
6.011650611300000691e+01
6.021577668800000538e+01
5.988435032000000291e+01
5.769620982800000064e+01
3.273890815100000395e+01
3.768068578000000457e+01
4.573692151100000558e+01
3.791180968800000528e+01
5.318942040200000321e+01
4.503770096300000603e+01
3.866930255000000471e+01
5.976423946400000631e+01
6.168539049800000384e+01
6.096590777400000150e+01
5.083807509700000082e+01
5.078420172600000626e+01
6.007682896200000044e+01
6.151146417200000371e+01
6.135606887900000572e+01
6.170541923300000065e+01
6.105715297400000452e+01
6.062903633400000558e+01
5.987400860600000385e+01
6.081415405100000271e+01
5.124003014300000558e+01
6.016064676000000588e+01
6.201742376800000045e+01
6.063715405800000724e+01
6.251851470000000432e+01
6.033349246700000634e+01
6.103577181600000046e+01
6.066433469200000417e+01
6.138579045600000228e+01
5.087997350100000205e+01
6.133400519600000678e+01
6.064632484000000545e+01
6.102847267500000328e+01
6.114842780100000397e+01
6.057959029300000253e+01
6.120577286300000708e+01
6.037738607000000712e+01
6.048392515500000144e+01
6.160958707200000362e+01
6.131443297600000619e+01
6.180851932900000634e+01
6.120268663200000248e+01
6.080322385800000262e+01
6.025309661800000072e+01
6.186380250300000228e+01
5.501518285800000285e+01
5.819891518000000019e+01
5.889328480700000057e+01
5.908307417500000014e+01
5.976873665700000515e+01
5.887482186100000092e+01
5.813720201100000651e+01
5.851958133700000531e+01
5.846108305400000660e+01
4.760184826300000083e+01
3.902990130900000310e+01
3.806015575100000348e+01
4.139256997200000399e+01
3.788185382800000411e+01
5.465670834700000569e+01
5.743383750000000276e+01
5.733751791400000286e+01
5.765706878900000021e+01
5.576995137700000527e+01
4.293716690900000543e+01
3.826721180400000577e+01
4.014864943300000277e+01
4.018237590700000084e+01
4.014662787000000321e+01
3.852111102700000345e+01
3.820954463900000064e+01
3.875102554000000055e+01
3.895102044900000493e+01
4.007754759600000227e+01
3.993461658300000039e+01
3.860954403000000212e+01
4.028155051899999961e+01
3.922013047600000135e+01
3.952282721600000315e+01
3.928321143100000512e+01
3.965819981700000341e+01
4.041070446300000185e+01
4.572466927400000003e+01
3.812459031300000589e+01
4.399260366400000066e+01
4.388886129700000538e+01
4.662963226300000485e+01
4.593541066800000294e+01
4.472655915800000059e+01
4.658246750800000058e+01
4.486720102800000376e+01
4.574207175900000522e+01
5.859163834700000706e+01
7.290808354000000691e+01
7.252496653000000038e+01
7.354608555400000114e+01
7.293692539900000327e+01
7.304035265699999968e+01
7.271437740100000724e+01
8.301407541300000048e+01
8.382633318199999906e+01
8.289351827800000194e+01
8.335823890300000016e+01
8.363029700600000638e+01
8.315179538000001003e+01
8.326384833000000185e+01
7.295036184700001058e+01
8.322712397000000806e+01
8.224701107600000682e+01
9.354353942000000188e+01
9.260736864700000126e+01
9.265987931500001196e+01
9.270840373600000817e+01
9.490622065899999882e+01
7.853988714900000900e+01
8.296658584500001155e+01
8.286245127500001217e+01
8.744529782800000817e+01
8.925552952500000004e+01
9.076937374199999908e+01
1.023013087290000129e+02
1.032843663969999994e+02
9.326344122900000855e+01
8.276670265600000675e+01
8.179339141100000177e+01
5.337845610100000471e+01
5.943929744200000442e+01
6.342686424000000045e+01
6.283768943400000495e+01
6.737893638900000326e+01
6.746147290200001123e+01
5.882583195800000198e+01
6.986729188800001111e+01
7.955138908600000036e+01
9.364262444700000287e+01
9.141233267000001206e+01
9.198070449700000495e+01
1.028061273200000016e+02
1.052146089810000120e+02
9.318792518600000108e+01
9.359829046500000516e+01
8.317117615800000863e+01
8.359069034700000600e+01
8.321075242000000571e+01
9.036643206300000486e+01
8.961163089500000467e+01
8.383458338799999865e+01
6.608103510700000527e+01
9.037886929100000089e+01
9.091533066899999938e+01
7.216476206699999807e+01
5.248371096500000021e+01
7.299670034500000781e+01
5.096987175900000011e+01
7.920591314400000726e+01
8.853228936100001079e+01
8.899490539500000352e+01
8.858357106600000463e+01
9.148354575000000466e+01
8.306597339000001057e+01
8.427816325000000575e+01
8.409625237600000958e+01
8.531830739100000471e+01
8.451915437200000270e+01
9.631283212400001048e+01
9.511896884700000498e+01
9.540957509600001174e+01
9.593792557800000509e+01
8.440945261200000971e+01
6.868576681400000439e+01
5.830506387300000171e+01
7.682923326000000941e+01
7.585238326700000755e+01
7.660311620000000232e+01
7.761462130000001025e+01
8.686684547000000123e+01
8.778880667300001051e+01
7.870239176500000156e+01
7.780352329200000838e+01
6.835017800200000693e+01
7.740298043399999983e+01
7.742471482100000912e+01
7.965934230400000615e+01
8.134369651600000850e+01
9.309910690099999897e+01
9.174506674399999895e+01
9.195935016200000689e+01
8.242024463700001036e+01
7.201685418600000332e+01
8.195404839300000788e+01
8.007481151800000418e+01
7.780574951900000258e+01
9.237401498100000197e+01
9.023571917700000711e+01
8.997974943600000586e+01
9.218664039400000831e+01
8.002063705400000515e+01
8.066797603500000946e+01
8.051373896000001196e+01
8.041879036800000335e+01
8.076882631300000526e+01
8.965454464200000473e+01
7.190910655100000781e+01
9.002200743100000579e+01
9.167314130400001204e+01
8.110604967800000509e+01
7.886266343600000539e+01
8.365883919499999877e+01
8.195297181500001216e+01
8.077120378400000789e+01
9.106724286200000051e+01
7.785966554099999826e+01
5.738573334300000539e+01
6.361591393800000560e+01
8.397792768600000102e+01
7.527371069900000577e+01
8.373721697999999947e+01
8.521469766500000276e+01
8.463537542800000324e+01
8.348156721899999866e+01
8.452776234300000624e+01
9.553179742000000374e+01
9.675743721599999958e+01
