-4.485296080658507378e-04
-4.471505686276522340e-04
-4.471276316975192344e-04
-4.471504733566389334e-04
-4.472200312855001414e-04
-4.473369635132895539e-04
-4.475015544097571407e-04
-4.477137796748964504e-04
-4.479732573642314364e-04
-4.482792501925292328e-04
-4.486306923595639873e-04
-4.490262029005487321e-04
-4.494640940544414320e-04
-4.499424196419132826e-04
-4.504590038478806235e-04
-4.510114616079752281e-04
-4.515972858998296147e-04
-4.522138080803594917e-04
-4.528583185670065347e-04
-4.535280457851342817e-04
-4.542202320101385027e-04
-4.549321440533438121e-04
-4.556611246375741331e-04
-4.564046111460440258e-04
-4.571601487229903782e-04
-4.579254392067522161e-04
-4.586983403526145864e-04
-4.594768841237328871e-04
-4.602592924562998178e-04
-4.610439642005470517e-04
-4.618295053743226575e-04
-4.626147001723923680e-04
-4.633985279667296453e-04
-4.641801464450034942e-04
-4.649588768168566588e-04
-4.657342056874069769e-04
-4.665057632829983092e-04
-4.672733145277829792e-04
-4.680367448467448455e-04
-4.687960428045867545e-04
-4.695512875046992107e-04
-4.703026407759658412e-04
-4.710503269389487713e-04
-4.717946243543158502e-04
-4.725358575541349637e-04
-4.732743835167418922e-04
-4.740105806200212157e-04
-4.747448485720173750e-04
-4.754776051080211730e-04
-4.762092600252287866e-04
-4.769402448673298878e-04
-4.776709712356330684e-04
-4.784018638182008232e-04
-4.791333302056610677e-04
-4.798657746024614923e-04
-4.805995971329801719e-04
-4.813351835442070126e-04
-4.820729080645680398e-04
-4.828131542622404737e-04
-4.835562685684413609e-04
-4.843026047973708614e-04
-4.850525028160523888e-04
-4.858062882945324290e-04
-4.865642930368396790e-04
-4.873268242278072648e-04
-4.880941781165715199e-04
-4.888666568503285959e-04
-4.896445481711309000e-04
-4.904281274836774784e-04
-4.912176716637128848e-04
-4.920134454300395532e-04
-4.928157121414367126e-04
-4.936247339354382646e-04
-4.944407576978893104e-04
-4.952640498545601844e-04
-4.960948465082548609e-04
-4.969334218701826344e-04
-4.977800117794695112e-04
-4.986348820096297985e-04
-4.994982893413713043e-04
-5.003704957456944769e-04
-5.012517730745846833e-04
-5.021423816337078350e-04
-5.030426201008131315e-04
-5.039527488787109988e-04
-5.048730623569142040e-04
-5.058038507893547475e-04
-5.067454100921020554e-04
-5.076980354595805878e-04
-5.086620332578339898e-04
-5.096377079238934016e-04
-5.106253649217462609e-04
-5.116253117137814499e-04
-5.126378553738097921e-04
-5.136633031005422012e-04
-5.147019687540277388e-04
-5.157541513312047243e-04
-5.168201581834397373e-04
-5.179003005340021559e-04
-5.189948694001023100e-04
-5.201041755054092164e-04
-5.212285130867799765e-04
-5.223681841665106518e-04
-5.235234827871693142e-04
-5.246947178266792022e-04
-5.258821762638143937e-04
-5.270861680450877884e-04
-5.283069873518453363e-04
-5.295449408970753780e-04
-5.308003378501346958e-04
-5.320734816349759200e-04
-5.333646879018827391e-04
-5.346742764922307600e-04
-5.360025542855417768e-04
-5.373498697669454316e-04
-5.387165266101945349e-04
-5.401028653484463149e-04
-5.415092143717936679e-04
-5.429359141578826708e-04
-5.443833013540899657e-04
-5.458517133016815848e-04
-5.473414881468352533e-04
-5.488529686986653999e-04
-5.503864896894139491e-04
-5.519423859207117644e-04
-5.535209882945313353e-04
-5.551226276157006367e-04
-5.567476229345613703e-04
-5.583962947447451697e-04
-5.600689475943054774e-04
-5.617658871831521239e-04
-5.634874082338647838e-04
-5.652337902312121187e-04
-5.670053173367772814e-04
-5.688022456512564773e-04
-5.706248332459917805e-04
-5.724733223300138008e-04
-5.743479528225181596e-04
-5.762489388855263073e-04
-5.781765009121864196e-04
-5.801308310959818471e-04
-5.821121262239437044e-04
-5.841205629880663608e-04
-5.861563122100399426e-04
-5.882195380502164284e-04
-5.903103840743106900e-04
-5.924290004816201716e-04
-5.945755206515634939e-04
-5.967500698589311980e-04
-5.989527662453308920e-04
-6.011837263564245859e-04
-6.034430575230231852e-04
-6.057308498674807140e-04
-6.080472064462494330e-04
-6.103922119832239090e-04
-6.127659527704887310e-04
-6.151684930899570247e-04
-6.175999151397659759e-04
-6.200602796907483949e-04
-6.225496367029403899e-04
-6.250680533587127385e-04
-6.276155571222075125e-04
-6.301921825768719287e-04
-6.327979678449890955e-04
-6.354329098179345436e-04
-6.380970243857753132e-04
-6.407902994332026481e-04
-6.435127045956168246e-04
-6.462641996135554123e-04
-6.490447219398287615e-04
-6.518542050304443336e-04
-6.546925344075305020e-04
-6.575595976887615990e-04
-6.604552472561087129e-04
-6.633793127180931393e-04
-6.663316038379996087e-04
-6.741781467672902650e-04
-6.771186014248309348e-04
-6.800889981728452938e-04
-6.830891467191069211e-04
-6.861188176082722023e-04
-6.891777380169106237e-04
-6.922656077268385388e-04
-6.953820917143804792e-04
-6.985268163478552950e-04
-7.016993730651899241e-04
-7.048993248826018743e-04
-7.081261930996785026e-04
-7.113794720653432435e-04
-7.146586316897352020e-04
-7.179631250214812965e-04
-7.212923969213136388e-04
-7.246458950255219023e-04
-7.280230951284272223e-04
-7.314235000999147474e-04
-7.348466684459209475e-04
-7.382922157100901828e-04
-7.417598072712028312e-04
-7.452491822407258937e-04
-7.487601009076305658e-04
-7.522923227976097138e-04
-7.558455715067635694e-04
-7.629963975630538187e-04
-7.664964532666518338e-04
-7.700216057560105298e-04
-7.735708601047663890e-04
-7.771430402953027894e-04
-7.807367874562709531e-04
-7.843505800825267826e-04
-7.879827928491955902e-04
-7.916317270179051846e-04
-7.952957326029519436e-04
-7.989732874053023792e-04
-8.026630978485993495e-04
-8.063641685762679145e-04
-8.100758794732376700e-04
-8.137979580630227971e-04
-8.175304528068583210e-04
-8.212736228307981889e-04
-8.250277990090593150e-04
-8.287932000416997624e-04
-8.325697516131658205e-04
-8.363569299341122587e-04
-8.401536458341185565e-04
-8.439581840324894557e-04
-8.477681979618401087e-04
-8.515808056358542544e-04
-8.553926833243519212e-04
-8.592002458118752628e-04
-8.629998246301173737e-04
-8.667878860363353866e-04
-8.705612590115263671e-04
-8.743173806197157560e-04
-8.766667815296447230e-04
-8.804354273278525156e-04
-8.842142498743932322e-04
-8.880026319130207568e-04
-8.918003777114158481e-04
-8.956075903954197059e-04
-8.994244916765703479e-04
-9.032511516099406279e-04
-9.070872158678522368e-04
-9.109316547600831981e-04
-9.147826535854663987e-04
-9.186375837522131604e-04
-9.224931656892643161e-04
-9.263457051572610013e-04
-9.301914241643949310e-04
-9.340267911606137119e-04
-9.378487940830959602e-04
-9.416551498275804732e-04
-9.454443991585570473e-04
-9.472569263979657705e-04
-9.510782051774802071e-04
-9.549165597977360420e-04
-9.587706207153656734e-04
-9.626388757788539863e-04
-9.665197658603741360e-04
-9.704117311243320998e-04
-9.743132555750655399e-04
-9.782229093008298904e-04
-9.821393544412471144e-04
-9.860613542495011430e-04
-9.899877718849703356e-04
-9.939175555778723137e-04
-9.978497302609579123e-04
-1.001783375809139898e-03
-1.005717606722411617e-03
-1.009651554598200995e-03
-1.013584338807604901e-03
-1.017515049522854653e-03
-1.021442734019939458e-03
-1.025366374640679368e-03
-1.029284860371015853e-03
-1.033196994931762092e-03
-1.037101471035306588e-03
-1.040996870205201930e-03
-1.044881661027563524e-03
-1.048754194113432625e-03
-1.052612712368339309e-03
-1.056455361816976968e-03
-1.060280202525021309e-03
-1.064085232163614059e-03
-1.067868400025928644e-03
-1.071627652837747746e-03
-1.075360955921089712e-03
-1.079066328776856487e-03
-1.082741902552752933e-03
-1.086385945467394087e-03
-1.089996928299585832e-03
-1.093573567770289579e-03
-1.097114884010541580e-03
-1.100620250868433736e-03
-1.104089460912671683e-03
-1.107522771631730407e-03
-1.110920969160655858e-03
-1.114285421710548007e-03
-1.117618127280395335e-03
-1.120921768377192151e-03
-1.124199761795563468e-03
-1.127456296573514649e-03
-1.130696376583362195e-03
-1.133925855920092651e-03
-1.137151472124786622e-03
-1.140380867389878539e-03
-1.143622618521300538e-03
-1.146886248942768916e-03
-1.150182237716346201e-03
-1.153522037597443095e-03
-1.156918075728707862e-03
-1.160383745341109218e-03
-1.163933412248741028e-03
-1.167582398930999688e-03
-1.171346979578213876e-03
-1.175244363396665825e-03
-1.179292663050501844e-03
-1.183510898450368387e-03
-1.187918941769616765e-03
-1.192537520219860703e-03
-1.197388155682599375e-03
-1.202493158783402016e-03
-1.207875566455740568e-03
-1.213559132851038669e-03
-1.219568261365266970e-03
-1.225927984668806481e-03
-1.232663904560116208e-03
-1.239802162128489371e-03
-1.247369372084361494e-03
-1.255392589744053211e-03
-1.263899242584520799e-03
-1.272917089817360292e-03
-1.282474135180788899e-03
-1.292598576799197652e-03
-1.303318705000999778e-03
-1.314662817747391799e-03
-1.326659106445915448e-03
-1.339335508249162032e-03
-1.352719548347591783e-03
-1.366838154298610775e-03
-1.381717418327821356e-03
-1.397382338494401743e-03
-1.413856510937283595e-03
-1.431161773243760926e-03
-1.449317829443907968e-03
-1.468341805990758253e-03
-1.488247780706553058e-03
-1.509046295325444653e-03
-1.530743823641156354e-03
-1.553342237878285736e-03
-1.576838283376402750e-03
-1.601223051164724076e-03
-1.626481493391396249e-03
-1.652591991280205619e-03
-1.679525966413741855e-03
-1.707247590757021705e-03
-1.735713587566745097e-03
-1.764873122062082800e-03
-1.794667837493046925e-03
-1.825031987048864046e-03
-1.855892714952567246e-03
-1.887170463510390306e-03
-1.918779501910994334e-03
-1.950628579619473335e-03
-1.982621703755516052e-03
-2.014659005178387474e-03
-2.046637704117282297e-03
-2.078453150783365899e-03
-2.109999915886340283e-03
-2.141172921993339529e-03
-2.171868616479555314e-03
-2.201986107036590923e-03
-2.231428309962257828e-03
-2.260103064644081172e-03
-2.287924158350662651e-03
-2.314812312984027010e-03
-2.340696071426173752e-03
-2.365512560650873120e-03
-2.389208162034694993e-03
-2.411739017160741128e-03
-2.433071412455412030e-03
-2.453181997721931573e-03
-2.472057849423059395e-03
-2.489696375645999993e-03
-2.506105052993423676e-03
-2.521301042043844198e-03
-2.535310643189681024e-03
-2.548168660243543826e-03
-2.559917696459690362e-03
-2.570607395349644442e-03
-2.580293718731918595e-03
-2.589038255187969817e-03
-2.596907695828765128e-03
-2.603973428202954743e-03
-2.610311391759712052e-03
-2.616002166624942227e-03
-2.621131333022108656e-03
-2.625790109622716528e-03
-2.630076204851450328e-03
-2.634094866116321043e-03
-2.637959982482174226e-03
-2.641795176283601165e-03
-2.645734728329296459e-03
-2.649924176478801741e-03
-2.654520493070022802e-03
-2.659691674095077119e-03
-2.665615674718457839e-03
-2.672478615503570687e-03
-2.680472280150447695e-03
-2.689790907339784098e-03
-2.700627443244507653e-03
-2.713169313203755983e-03
-2.727593994222843321e-03
-2.744064482196328925e-03
-2.762724973806585105e-03
-2.783696868971508032e-03
-2.807075319952168080e-03
-2.832926435103466645e-03
-2.861285203090147000e-03
-2.892154224512499816e-03
-2.925503159653675134e-03
-2.967654151642129534e-03
-3.006141622130531488e-03
-3.046845460513702974e-03
-3.089613618473263656e-03
-3.134268190513322949e-03
-3.180608417668873145e-03
-3.228414306666316236e-03
-3.277450826927319483e-03
-3.327472704636735834e-03
-3.378229781164643342e-03
-3.429472807597866435e-03
-3.480959577681352890e-03
-3.532461201799508288e-03
-3.583768378945251243e-03
-3.634697517462814886e-03
-3.685096640615448393e-03
-3.734851005854356032e-03
-3.783888475869523482e-03
-3.832184558322238033e-03
-3.879767119449595292e-03
-3.926720569466524147e-03
-3.980286024121704180e-03
-4.027209743670545627e-03
-4.074190147987377664e-03
-4.121568000878261806e-03
-4.169745511303779573e-03
-4.219182280149058606e-03
-4.270389513685857175e-03
-4.323922625712461887e-03
-4.380372472745364121e-03
-4.440355434648379784e-03
-4.504502590763070913e-03
-4.573448293979098800e-03
-4.647818447667262376e-03
-4.728218845811982263e-03
-4.815223917292721367e-03
-4.909366302124906767e-03
-5.011127513346314011e-03
-5.120929840188304105e-03
-5.239129477474513408e-03
-5.366010603094495401e-03
-5.501779993546951353e-03
-5.646561832467478226e-03
-5.800392459592851324e-03
-5.963215418750000829e-03
-6.134877611294053956e-03
-6.315127990541569147e-03
-6.503620487624539592e-03
-6.699922837749561211e-03
-6.903532268995316024e-03
-7.113898084692982238e-03
-7.330449740841626927e-03
-7.552627716636561850e-03
-7.779913224911783054e-03
-8.011852345321535118e-03
-8.248070349700653559e-03
-8.488273103443577661e-03
-8.732234265035332399e-03
-8.979769291109218621e-03
-9.230699379955686901e-03
-9.484810409979282930e-03
-9.741812809091476844e-03
-1.000130836016632774e-02
-1.026276877659493270e-02
-1.052552892742697477e-02
-1.078879507236674140e-02
-1.105166589654427156e-02
-1.131316220670530726e-02
-1.157226010145562256e-02
-1.182792256035347656e-02
-1.207912561315693800e-02
-1.232487706587237497e-02
-1.256422780500365821e-02
-1.279627741716804490e-02
-1.302017671381272557e-02
-1.323512982864816223e-02
-1.344039784464956533e-02
-1.363530476274077419e-02
-1.381924538240708600e-02
-1.399169395070731792e-02
-1.415221198725058471e-02
-1.430045410137636974e-02
-1.443617100517491370e-02
-1.455920984655412198e-02
-1.466951236629709943e-02
-1.476711167724964469e-02
-1.485212837484817250e-02
-1.492476618555893531e-02
-1.498530697134625722e-02
-1.503410439336605453e-02
-1.507157558380822771e-02
-1.509819024748948468e-02
-1.511445728023808055e-02
-1.512090954398914722e-02
-1.511808809448456081e-02
-1.510652740985274356e-02
-1.508674316628988432e-02
-1.505922366792922240e-02
-1.502442532773373696e-02
-1.498277189296293166e-02
-1.493465641962121726e-02
-1.488044466657623133e-02
-1.482047861739443917e-02
-1.475507927546637621e-02
-1.468454857869727626e-02
-1.460917103633663228e-02
-1.452921619532476782e-02
-1.444494307319132975e-02
-1.435660733516141985e-02
-1.426447112265472050e-02
-1.416881483143339615e-02
-1.406994915342796304e-02
-1.396822579689815935e-02
-1.386404497444315709e-02
-1.375785851275013183e-02
-1.365016773342830891e-02
-1.354151651782042887e-02
-1.343248026948462570e-02
-1.332365186733353024e-02
-1.321562573071421998e-02
-1.310898085393752410e-02
-1.300426364159168457e-02
-1.290197094613865225e-02
-1.280253429990219072e-02
-1.270630611517609143e-02
-1.261354896903155165e-02
-1.252442881247151085e-02
-1.243901275675696194e-02
-1.235727157232469064e-02
-1.227908707950031708e-02
-1.220426405733332498e-02
-1.213254667632723827e-02
-1.206363893524464714e-02
-1.199722859843155298e-02
-1.193301375047861601e-02
-1.187073048490583371e-02
-1.181017991468136241e-02
-1.175125196674342565e-02
-1.169394332714568385e-02
-1.163836708699406142e-02
-1.158475254593727133e-02
-1.153343447332644267e-02
-1.148483126796329135e-02
-1.143941200999754049e-02
-1.139765408454673778e-02
-1.135999606145798868e-02
-1.132678997595171211e-02
-1.129825853964094851e-02
-1.127446912158047709e-02
-1.125533815812818084e-02
-1.124066806559853582e-02
-1.123020406086638889e-02
-1.122368457547040510e-02
-1.122086086985385478e-02
-1.122149020371665529e-02
-1.122532667673092899e-02
-1.123211862358308721e-02
-1.124160904505955294e-02
-1.125353746669888189e-02
-1.126764389061674088e-02
-1.128367551105069477e-02
-1.130139652522066385e-02
-1.132060026147463372e-02
-1.134112146118637643e-02
-1.136284533119480411e-02
-1.138571025764700817e-02
-1.140970259479179294e-02
-1.143484475399358935e-02
-1.146118046091437748e-02
-1.148876254065955838e-02
-1.151764812894195966e-02
-1.154790371267477855e-02
-1.157961854726663464e-02
-1.161292067618224788e-02
-1.164798637363906320e-02
-1.168503260037812019e-02
-1.172428476120535024e-02
-1.176591886099809248e-02
-1.180998731337146168e-02
-1.185634731953877363e-02
-1.190461504145534644e-02
-1.195416386372272211e-02
-1.200417108725149173e-02
-1.205370109638725928e-02
-1.210180583190167969e-02
-1.214763141223207388e-02
-1.219052762246874977e-02
-1.223014601238470167e-02
-1.226649475280505719e-02
-1.231503984842896582e-02
-1.234778971208327913e-02
-1.237885287004580892e-02
-1.240891874101923698e-02
-1.243857104728240959e-02
-1.246819325130543721e-02
-1.249790289185870318e-02
-1.252751958451259195e-02
-1.255656930918003233e-02
-1.256977923584645662e-02
-1.259594258405660749e-02
-1.261894420248599324e-02
-1.263765549167072955e-02
-1.265104596714916596e-02
-1.265829390428852008e-02
-1.265888362816935953e-02
-1.265268091812932205e-02
-1.263997765149627028e-02
-1.262149841933790650e-02
-1.259836714151418846e-02
-1.258783066840352127e-02
-1.256228917043133997e-02
-1.253767823422569094e-02
-1.251590294129578673e-02
-1.249879895377781214e-02
-1.248806802819912853e-02
-1.250075716685561389e-02
-1.251056717284371178e-02
-1.253055484640164252e-02
-1.256092589925483782e-02
-1.260141931731795228e-02
-1.265131015774911827e-02
-1.270944129626305763e-02
-1.277428886181652956e-02
-1.284405845210223607e-02
-1.291680341122813935e-02
-1.299055258634218557e-02
-1.306343259001307988e-02
-1.313376966011192692e-02
-1.320015935130092188e-02
-1.326149786071151304e-02
-1.331697487109984035e-02
-1.336603327901919602e-02
-1.340830591353703305e-02
-1.344354293213168017e-02
-1.347154622785562417e-02
-1.349212794184151409e-02
-1.350510837208607207e-02
-1.351036340857536544e-02
-1.350792280037371729e-02
-1.349810884720969995e-02
-1.348169217424421973e-02
-1.346002996144290975e-02
-1.343514577080429095e-02
-1.340971248046940456e-02
-1.338691217811494028e-02
-1.337016703784055238e-02
-1.335758645577833637e-02
-1.336265773321798633e-02
-1.338249392775214819e-02
-1.341284760859873249e-02
-1.345948802257412868e-02
-1.351654679508651480e-02
-1.358136822066091653e-02
-1.365115688153895057e-02
-1.372335348812092626e-02
-1.379587760751144199e-02
-1.386715177618957906e-02
-1.393600836180342029e-02
-1.400166283446746540e-02
-1.406699914326126066e-02
-1.412554544430455472e-02
-1.418129703044390677e-02
-1.423413232924664040e-02
-1.428377848680661977e-02
-1.432999005268609238e-02
-1.437257475545017371e-02
-1.441132786417220757e-02
-1.444598145311504211e-02
-1.447925607385436297e-02
-1.450462658088291779e-02
-1.452505556974459378e-02
-1.454040663477484951e-02
-1.455071484907088930e-02
-1.455621113956306889e-02
-1.455732319685654197e-02
-1.455464839388020959e-02
-1.454889779958778995e-02
-1.454081769683424064e-02
-1.453110223656461919e-02
-1.452031380509699598e-02
-1.450882496170646796e-02
-1.449678977161195093e-02
-1.448414655193241973e-02
-1.447065118297119479e-02
-1.445593924623289617e-02
-1.443961363910284401e-02
-1.442134751707124796e-02
-1.440097960593578197e-02
-1.437856833376438548e-02
-1.435437958194341057e-02
-1.432881933807750308e-02
-1.430236601412948616e-02
-1.427556430870502435e-02
-1.424569918491436216e-02
-1.421928044877118769e-02
-1.419701785261573423e-02
-1.417724547746190833e-02
-1.416343643208251013e-02
-1.415179077678130337e-02
-1.414222297269063233e-02
-1.413373709291398939e-02
-1.412521497724805730e-02
-1.411612076986090702e-02
-1.410643393588706385e-02
-1.409644169621249166e-02
-1.408660856058729927e-02
-1.407750299420307272e-02
-1.406975149466360708e-02
-1.406394944898636812e-02
-1.406040136389674622e-02
-1.405875803428546789e-02
-1.405804934730137123e-02
-1.405729928911914062e-02
-1.405877013017919896e-02
-1.405625834181856160e-02
-1.405132331158687187e-02
-1.404234661030179243e-02
-1.402846459469531126e-02
-1.400960877175061459e-02
-1.398914469595557986e-02
-1.396190032580679752e-02
-1.393134078331303982e-02
-1.389801739630491806e-02
-1.386240943601624309e-02
-1.382490199640373785e-02
-1.378286295382336046e-02
-1.374237391121857499e-02
-1.370056581513623417e-02
-1.365789771344549930e-02
-1.361507810906936733e-02
-1.357296289450360405e-02
-1.353225364014720711e-02
-1.349028820855913136e-02
-1.345245445180665023e-02
-1.341502238873248931e-02
-1.337731961617572018e-02
-1.333860852749391146e-02
-1.329806888451801061e-02
-1.325484548379829430e-02
-1.320814761163191520e-02
-1.315735177129240263e-02
-1.310207207086411252e-02
-1.304218729272776933e-02
-1.297783235346128272e-02
-1.290936962469735327e-02
-1.283735421393761289e-02
-1.276250100659681586e-02
-1.268565397005705364e-02
-1.260775278091874618e-02
-1.252979003875387409e-02
-1.245275467340323239e-02
-1.237756280718371737e-02
-1.230498428325677018e-02
-1.223557826980636865e-02
-1.216965243733270086e-02
-1.210725588272898445e-02
-1.204820756607605237e-02
-1.199215287625565729e-02
-1.193863495121960661e-02
-1.188716680843027174e-02
-1.183729527286236927e-02
-1.178865906670267805e-02
-1.173833091863696332e-02
-1.169415903680415258e-02
-1.165154111217037158e-02
-1.161055257677123809e-02
-1.156799477211589711e-02
-1.153399802890364700e-02
-1.150289348963995373e-02
-1.147486962133070776e-02
-1.145009805245122969e-02
-1.142868229686566650e-02
-1.141065828384746350e-02
-1.139600855534772528e-02
-1.138463052759164373e-02
-1.137628290601155889e-02
-1.137056458548613147e-02
-1.136693980624547962e-02
-1.136479146388036376e-02
-1.136347786873104226e-02
-1.136237385811200706e-02
-1.136088931689982484e-02
-1.135847031516479255e-02
-1.135459313347797483e-02
-1.134876019986963414e-02
-1.134050388827689826e-02
-1.132940091227996326e-02
-1.131509623440718482e-02
-1.129733337486282796e-02
-1.127599059191908282e-02
-1.125112182000231886e-02
-1.122298160011192536e-02
-1.119199718711827440e-02
-1.115869676915348663e-02
-1.112365479044585825e-02
-1.108746869639409827e-02
-1.105640590721990169e-02
-1.102120217870428132e-02
-1.098561888460136693e-02
-1.095377952631260143e-02
-1.092009543075811440e-02
-1.088622584304033136e-02
-1.085238860511206216e-02
-1.081921466779267593e-02
-1.078770277851415216e-02
-1.075888421324389110e-02
-1.073796720728326104e-02
-1.071563585891555093e-02
-1.069579111340202004e-02
-1.067852094424615039e-02
-1.066388007125995685e-02
-1.065176812760360026e-02
-1.064184967955461580e-02
-1.063824866470719499e-02
-1.063087998957878977e-02
-1.062364243616109594e-02
-1.061610449142047496e-02
-1.060795142046599970e-02
-1.059900313460371279e-02
-1.058921234171894543e-02
-1.057864686207499183e-02
-1.056746014239939857e-02
-1.055585506819223252e-02
-1.054404728344227049e-02
-1.053223425181992745e-02
-1.052057508542370012e-02
-1.050918370602837992e-02
-1.049813482605077564e-02
-1.048747921375547953e-02
-1.047726249521485631e-02
-1.046754092795532110e-02
-1.045838851451708074e-02
-1.044989225637560359e-02
-1.044213582937492113e-02
-1.043517542401173337e-02
-1.042901403988660824e-02
-1.042358143073240928e-02
-1.041872593801618230e-02
-1.041422212495757282e-02
-1.040979484036308467e-02
-1.040515715310108558e-02
-1.040005667024557212e-02
-1.039432272152696068e-02
-1.038790583808568702e-02
-1.038090126183333073e-02
-1.037355005172047040e-02
-1.036621477960852911e-02
-1.035933157086943446e-02
-1.035334567425771901e-02
-1.034864226830134459e-02
-1.034548607772856066e-02
-1.034398126938118612e-02
-1.034405759452183826e-02
-1.034548201035712101e-02
-1.034788998141578098e-02
-1.035082829420330697e-02
-1.035380114898509785e-02
-1.035631325850550066e-02
-1.035790682124559936e-02
-1.035819180737751477e-02
-1.035686988429262989e-02
-1.035375135118032919e-02
-1.034876324611244680e-02
-1.034194706367452810e-02
-1.033344620304799122e-02
-1.032348506184443959e-02
-1.031234286895388319e-02
-1.030032608288766749e-02
-1.028774331597592795e-02
-1.027488597331316367e-02
-1.026201585523078830e-02
-1.024935874303911643e-02
-1.023710188029214319e-02
-1.022539336903438567e-02
-1.021434231418538729e-02
-1.020401939619275389e-02
-1.019445785616079903e-02
-1.018565463831166973e-02
-1.017757139308572700e-02
-1.017013512952247289e-02
-1.016323849976907834e-02
-1.015674027290969228e-02
-1.015046804822561377e-02
-1.014422782975865633e-02
-1.012846250660059955e-02
-1.012342762254925255e-02
-1.011789407318053335e-02
-1.011159051335364101e-02
-1.010434603297694078e-02
-1.008667003293828301e-02
-1.007955163602469728e-02
-1.007204146098727993e-02
-1.006428501820755272e-02
-1.005639706315453186e-02
-1.004839496752951700e-02
-1.004019166488123727e-02
-1.003165742484435352e-02
-1.002269583941228781e-02
-1.001326713333250407e-02
-1.000336538009571896e-02
-9.992942264183679590e-03
-9.991796555683385428e-03
-9.978522401879463821e-03
-9.963126671397315448e-03
-9.942207073662667760e-03
-9.926366560164545660e-03
-9.909162546437033647e-03
-9.890795315159461865e-03
-9.871557772322958613e-03
-9.851748731595777464e-03
-9.831589496328563271e-03
-9.811175117786785638e-03
-9.790518391686320321e-03
-9.769631404803191810e-03
-9.748636998666015963e-03
-9.727789066348024871e-03
-9.707324448764154123e-03
-9.687327125862399413e-03
-9.667705758269196092e-03
-9.648284140309493218e-03
-9.628922633987679891e-03
-9.609584635930645824e-03
-9.590333705941644915e-03
-9.571296585179911443e-03
-9.552623694293604917e-03
-9.534459007309870060e-03
-9.516920216535995625e-03
-9.500087064122364477e-03
-9.483995639644748898e-03
-9.468637349345498944e-03
-9.453961712486969038e-03
-9.439882290594725500e-03
-9.426284958792552349e-03
-9.413037625791154106e-03
-9.400000425624499556e-03
-9.387035507894825326e-03
-9.374015580494721167e-03
-9.360830619406512731e-03
-9.347392341409188621e-03
-9.333636303066050743e-03
-9.319521713666012452e-03
-9.305029256605201748e-03
-9.290157361431516936e-03
-9.274917479068500725e-03
-9.259328956741363914e-03
-9.243414110168823861e-03
-9.227194005742567207e-03
-9.210685351125624809e-03
-9.193898761993002378e-03
-9.176838439046985929e-03
-9.159503271509439326e-03
-9.141888969013689525e-03
-9.123991028134326164e-03
-9.105808040983653928e-03
-9.087344908176309133e-03
-9.068615526269807603e-03
-9.049644565183034839e-03
-9.030468019803616908e-03
-9.011132352340633922e-03
-8.991692194093570123e-03
-8.972206723044384713e-03
-8.952735039056969324e-03
-8.933331006363842697e-03
-8.914038152695036299e-03
-8.887782823353840289e-03
-8.869037512362898390e-03
-8.850461686894794955e-03
-8.832029026323295895e-03
-8.813698064283337352e-03
-8.795417362358892710e-03
-8.777132136199294887e-03
-8.758791430155121738e-03
-8.740354815690853929e-03
-8.721797809460585249e-03
-8.696153666380712632e-03
-8.677713081210736146e-03
-8.659201575653141525e-03
-8.640665339433584169e-03
-8.622161907181902230e-03
-8.603753523732382558e-03
