1.249997821483543325e-01
1.249953103381517133e-01
1.249908389959251964e-01
1.249863676321832651e-01
1.249818957837121741e-01
1.249774229795075908e-01
1.249729487439936587e-01
1.249684726004034047e-01
1.249639940742048455e-01
1.249595126966626113e-01
1.249550280081860171e-01
1.249505395616441195e-01
1.249460469254101425e-01
1.249415496861741998e-01
1.249370474513880475e-01
1.249325398514110758e-01
1.249280265411758795e-01
1.249235072016573467e-01
1.249189815407146104e-01
1.249144492937131617e-01
1.249099102236311820e-01
1.249053641209445092e-01
1.249008108030808945e-01
1.248962501135762737e-01
1.248916819209835299e-01
1.248871061175359232e-01
1.248825226176311226e-01
1.248779313561216575e-01
1.248733322865375056e-01
1.248687253791873342e-01
1.248641106192560496e-01
1.248594880049037625e-01
1.248548575453456433e-01
1.248502192590378174e-01
1.248455731719546880e-01
1.248409193159254610e-01
1.248362577270877155e-01
1.248315884445499874e-01
1.248269115091157067e-01
1.248222269621421382e-01
1.248175348445899752e-01
1.248128351961345361e-01
1.248081280545271093e-01
1.248034134549380614e-01
1.247986914295087651e-01
1.247939620069535155e-01
1.247892252122820428e-01
1.247844810665811738e-01
1.247797295868662004e-01
1.247749707859967250e-01
1.247702046726001796e-01
1.247654312511184971e-01
1.247606505218028933e-01
1.247558624807447031e-01
1.247510671199785759e-01
1.247462644275069699e-01
1.247414543874236920e-01
1.247366369800060326e-01
1.247318121817716369e-01
1.247269799656102324e-01
1.247221403008774571e-01
1.247172931534761137e-01
1.247124384859769064e-01
1.247075762576684010e-01
1.247027064247076128e-01
1.246978289401405315e-01
1.246929437540735125e-01
1.246880508136897769e-01
1.246831500633313050e-01
1.246782414445878062e-01
1.246733248963674268e-01
1.246684003548985120e-01
1.246634677538305674e-01
1.246585270242423910e-01
1.246535780946561867e-01
1.246486208910720511e-01
1.246436553369458661e-01
1.246386813532091575e-01
1.246336988582394251e-01
1.246287077678313593e-01
1.246237079951639931e-01
1.246186994507630236e-01
1.246136820424779551e-01
1.246086556753747410e-01
1.246036202517515623e-01
1.245985756710610154e-01
1.245935218298666602e-01
1.245884586218103524e-01
1.245833859375314739e-01
1.245783036646834346e-01
1.245732116878935369e-01
1.245681098887156252e-01
1.245629981456328611e-01
1.245578763340622341e-01
1.245527443263269585e-01
1.245476019916632454e-01
1.245424491962607849e-01
1.245372858032329499e-01
1.245321116726480770e-01
1.245269266615426917e-01
1.245217306239462807e-01
1.245165234108624869e-01
1.245113048703124642e-01
1.245060748473366674e-01
1.245008331839717181e-01
1.244955797192801167e-01
1.244903142893371700e-01
1.244850367271661123e-01
1.244797468628055098e-01
1.244744445232316560e-01
1.244691295323355484e-01
1.244638017109107597e-01
1.244584608765800515e-01
1.244531068438060745e-01
1.244477394238275442e-01
1.244423584246139719e-01
1.244369636508595722e-01
1.244315549039447522e-01
1.244261319818736611e-01
1.244206946793103979e-01
1.244152427875326872e-01
1.244097760944031100e-01
1.244042943844240051e-01
1.243987974386990686e-01
1.243932850349902114e-01
1.243877569476970341e-01
1.243822129479396355e-01
1.243766528035898378e-01
1.243710762793288210e-01
1.243654831366995117e-01
1.243598731342015484e-01
1.243542460273533296e-01
1.243486015687800122e-01
1.243429395083309325e-01
1.243372595931200447e-01
1.243315615677013791e-01
1.243258451741355713e-01
1.243201101520845786e-01
1.243143562389561613e-01
1.243085831699744515e-01
1.243027906783097242e-01
1.242969784951928752e-01
1.242911463499979802e-01
1.242852939703525533e-01
1.242794210822290718e-01
1.242735274100648241e-01
1.242676126768023775e-01
1.242616766040133269e-01
1.242557189119707500e-01
1.242497393197274924e-01
1.242437375451359571e-01
1.242377133050070886e-01
1.242316663151268180e-01
1.242255962902672900e-01
1.242195029443357857e-01
1.242133859903910703e-01
1.242072451407003758e-01
1.242010801067906373e-01
1.241948905995488711e-01
1.241886763292191914e-01
1.241824370055285842e-01
1.241761723377486776e-01
1.241698820347713894e-01
1.241635658051748886e-01
1.241572233573759593e-01
1.241508543996820146e-01
1.241444586404686357e-01
1.241380357882700958e-01
1.241315855519971867e-01
1.241251076410565257e-01
1.241186017655283719e-01
1.241120676364302067e-01
1.241055049658740805e-01
1.240989134673346345e-01
1.240922928558571003e-01
1.240856428483342322e-01
1.240789534242760089e-01
1.240721954950348566e-01
1.240654079964743500e-01
1.240585906301310409e-01
1.240517430997146037e-01
1.240448651114917505e-01
1.240379563745746955e-01
1.240310166012919407e-01
1.240240455075365400e-01
1.240170428130960428e-01
1.240100082420429600e-01
1.240029415230196885e-01
1.239958423896338202e-01
1.239887105806600914e-01
1.239815458402933057e-01
1.239743479182581765e-01
1.239671165698112837e-01
1.239598515556091796e-01
1.239525526413730733e-01
1.239452195975562637e-01
1.239378521986983228e-01
1.239304502228723709e-01
1.239230134510955483e-01
1.239155416668957926e-01
1.239080346561360763e-01
1.239004922072259179e-01
1.238928888671223250e-01
1.238852396739029554e-01
1.238775553413539871e-01
1.238698356238250586e-01
1.238620802866078896e-01
1.238542891077843433e-01
1.238464618799103023e-01
1.238385984114177274e-01
1.238306985274530841e-01
1.238227620699344639e-01
1.238147888966565913e-01
1.238067788794886825e-01
1.237987319016061738e-01
1.237906478541197647e-01
1.237825266324274892e-01
1.237743681328084544e-01
1.237661722497821887e-01
1.237579388747765130e-01
1.237496678963595498e-01
1.237413592023974829e-01
1.237330126838149663e-01
1.237246282398231784e-01
1.237162057839767543e-01
1.237077452504678904e-01
1.236992465999702251e-01
1.236907098245384473e-01
1.236821349510354162e-01
1.236735220428159671e-01
1.236648711993541816e-01
1.236561825536575121e-01
1.236474562673077482e-01
1.236386953020406632e-01
1.236299079155152303e-01
1.236210827857831956e-01
1.236122198149240264e-01
1.236033189087317324e-01
1.235943799731901716e-01
1.235854029123866354e-01
1.235763876288215740e-01
1.235673340264018677e-01
1.235582420161255163e-01
1.235491115235360371e-01
1.235399424968694621e-01
1.235307349143754535e-01
1.235214887896721042e-01
1.235122041740193272e-01
1.235028811553747080e-01
1.234935198543516965e-01
1.234841204178004637e-01
1.234746830109298560e-01
1.234652255821592354e-01
1.234557320104640032e-01
1.234462001309905022e-01
1.234366297804095763e-01
1.234270208098751515e-01
1.234173730859825374e-01
1.234076864910120808e-01
1.233979609226010243e-01
1.233881962930862414e-01
1.233783925286174726e-01
1.233685495681724059e-01
1.233586673625337582e-01
1.233487458733733555e-01
1.233387850724364243e-01
1.233287849409162307e-01
1.233187454690078955e-01
1.233086666556337668e-01
1.232985485084603650e-01
1.232883910440809028e-01
1.232781942884070142e-01
1.232679582772538002e-01
1.232576830571048276e-01
1.232473686859876377e-01
1.232370152345382414e-01
1.232266227870303932e-01
1.232161914425628640e-01
1.232057213162044418e-01
1.231952125400993664e-01
1.231846652645167545e-01
1.231740796587489778e-01
1.231634559118713196e-01
1.231527942332434206e-01
1.231420948527689602e-01
1.231313580208350938e-01
1.231205840078903602e-01
1.231097731036191467e-01
1.230989256156847095e-01
1.230880418679779903e-01
1.230771221983873176e-01
1.230661669560087768e-01
1.230551764978348589e-01
1.230441511848683472e-01
1.230330913776739588e-01
1.230219974313703779e-01
1.230108696900722304e-01
1.229997084807877561e-01
1.229885141068093185e-01
1.229772868406058400e-01
1.229660269162761999e-01
1.229547345215778881e-01
1.229434097895717587e-01
1.229320527899501053e-01
1.229206635200682657e-01
1.229092418957342114e-01
1.228977877418101355e-01
1.228863007826685866e-01
1.228747806325093672e-01
1.228632267856905186e-01
1.228516386069565536e-01
1.228400153218092428e-01
1.228283560067660873e-01
1.228166595798924898e-01
1.228049247913738512e-01
1.227931502143078807e-01
1.227813342356477294e-01
1.227694750474447732e-01
1.227575706382965787e-01
1.227456187851384134e-01
1.227336170453156988e-01
1.227215627490406968e-01
1.227094529921794325e-01
1.226972846294618891e-01
1.226850542680811840e-01
1.226727582617364448e-01
1.226603927051086868e-01
1.226479534288236195e-01
1.226354359948821360e-01
1.226228356926343244e-01
1.226101475352752018e-01
1.225973662570710859e-01
1.225844863110510524e-01
1.225715018677072249e-01
1.225584068144761063e-01
1.225451947563172272e-01
1.225318590175647065e-01
1.225183926452802358e-01
1.225047884143848215e-01
1.224910388349272350e-01
1.224771361618077481e-01
1.224630724074047133e-01
1.224488393574854478e-01
1.224344285908289531e-01
1.224198315030011613e-01
1.224050393346554910e-01
1.223900432046862580e-01
1.223748341485188795e-01
1.223594031617060984e-01
1.223437412488364295e-01
1.223278394777442268e-01
1.223116890386969080e-01
1.222952813082479051e-01
1.222786079171876150e-01
1.222616608216874623e-01
1.222444323770740804e-01
1.222269154129769497e-01
1.222091033088135298e-01
1.221909900683947753e-01
1.221725703923605549e-01
1.221538397471592929e-01
1.221347944292693888e-01
1.221154316234171755e-01
1.220957494535974686e-01
1.220757470258160698e-01
1.220554244616014888e-01
1.220347829214537272e-01
1.220138246175929003e-01
1.219925528155181432e-01
1.219709718240823554e-01
1.219490869740014194e-01
1.219269045848647565e-01
1.219044319209232202e-01
1.218816771361795476e-01
1.218586492093595708e-01
1.218353578696507733e-01
1.218118135141912362e-01
1.217880271184387936e-01
1.217640101407390790e-01
1.217397744224592987e-01
1.217153320852184528e-01
1.216906954267817920e-01
1.216658768171866994e-01
1.216408885967336234e-01
1.216157429772979776e-01
1.215904519484210383e-01
1.215650271892867035e-01
1.215394799875426785e-01
1.215138211654586409e-01
1.214880610135454231e-01
1.214622092312196422e-01
1.214362748735516306e-01
1.214102663026568052e-01
1.213841911416913832e-01
1.213580562290892950e-01
1.213318675703987382e-01
1.213056302849734175e-01
1.212793485450816278e-01
1.212530255053447664e-01
1.212266632213190726e-01
1.212002625569637421e-01
1.211738230820575829e-01
1.211473429620063408e-01
1.211208188438540334e-01
1.210942457436972458e-01
1.210676169417317233e-01
1.210409238919045727e-01
1.210141561534592153e-01
1.209873013513971945e-01
1.209603451721297657e-01
1.209332713993655078e-01
1.209060619935555386e-01
1.208786972163595208e-01
1.208511557993902918e-01
1.208234151545951318e-01
1.207954516216790120e-01
1.207672407465612135e-01
1.207387575838450022e-01
1.207099770156238455e-01
1.206808740790462076e-01
1.206514052562963346e-01
1.206215189178068414e-01
1.205912354003739473e-01
1.205605333542802693e-01
1.205293930946308434e-01
1.204977968440095887e-01
1.204657289415936167e-01
1.204331760129260381e-01
1.204001270943775709e-01
1.203665737065396646e-01
1.203325098715438413e-01
1.202979320704117283e-01
1.202628391381877354e-01
1.202272320962009533e-01
1.201911139223550695e-01
1.201544892613533866e-01
1.201173640774096801e-01
1.200797452521386866e-01
1.200416401305163111e-01
1.200030560181498257e-01
1.199639996342208303e-01
1.199244216828234816e-01
1.198843606648647697e-01
1.198438303529966720e-01
1.198028283580809678e-01
1.197613485427737046e-01
1.197193804278918888e-01
1.196769086489713613e-01
1.196339124796556852e-01
1.195903654367411473e-01
1.195462349794874785e-01
1.195014823133021542e-01
1.194560623051915960e-01
1.194099235153826405e-01
1.193630083461833663e-01
1.193152533054845227e-01
1.192665893785031239e-01
1.192169424980650400e-01
1.191662341014606968e-01
1.191143817613704581e-01
1.190612998800437833e-01
1.190069004393188995e-01
1.189510938032197762e-01
1.188937895728029021e-01
1.188348974922856793e-01
1.187743283996056665e-01
1.187119952028222736e-01
1.186478138477061878e-01
1.185817042248000497e-01
1.185135909509866803e-01
1.184434039556788304e-01
1.183710788092018906e-01
1.182965567523991263e-01
1.182197844201300363e-01
1.181407132948325139e-01
1.180592989694181638e-01
1.179755003361557114e-01
1.178892788394532570e-01
1.178005979310077223e-01
1.177094228437173401e-01
1.176157207583207881e-01
1.175194613806471305e-01
1.174206178866435551e-01
1.173191681379506801e-01
1.172150960324503388e-01
1.171083928392652324e-01
1.169990583782524046e-01
1.168871019374988635e-01
1.167725428703379059e-01
1.166554108655450672e-01
1.165357459289746989e-01
1.164135981436796585e-01
1.162890272843443290e-01
1.161621023518287915e-01
1.160329010709383879e-01
1.159015093672607771e-01
1.157680208157489121e-01
1.156325360403230307e-01
1.154951620425445774e-01
1.153560114460318725e-01
1.152152016577497468e-01
1.150728539611193396e-01
1.149290925662752871e-01
1.147840436450534018e-01
1.146378343753675783e-01
1.144905920121657289e-01
1.143424429947085819e-01
1.141935120952818905e-01
1.140439216146225815e-01
1.138937906340091594e-01
1.137432343411195756e-01
1.135923634530968812e-01
1.134412837625251164e-01
1.132900958282049841e-01
1.131388948224113095e-01
1.129877705317076375e-01
1.128368074925672065e-01
1.126860852298298132e-01
1.125356785586360819e-01
1.123856579103396647e-01
1.122360896500593508e-01
1.120870363655065288e-01
1.119385571202406032e-01
1.117907076752931300e-01
1.116435406878552722e-01
1.114971058930951386e-01
1.113514502660703509e-01
1.112066181490041772e-01
1.110626513194977183e-01
1.109195889719180039e-01
1.107774675889191401e-01
1.106363206922678644e-01
1.104961784789770113e-01
1.103570673667213509e-01
1.102190094875428739e-01
1.100820221792775527e-01
1.099461175248380995e-01
1.098113019844446370e-01
1.096775761556527118e-01
1.095449346851045114e-01
1.094133663458090877e-01
1.092828542859476254e-01
1.091533764486078834e-01
1.090249061552130139e-01
1.088974128367770078e-01
1.087708628869367283e-01
1.086452206012306215e-01
1.085204491594387588e-01
1.083965116041401971e-01
1.082733717674229657e-01
1.081509950986795088e-01
1.080293493481091771e-01
1.079084050635977649e-01
1.077881358632929720e-01
1.076685184535298712e-01
1.075495323737127445e-01
1.074311594660386365e-01
1.073133830907231079e-01
1.071961871332184207e-01
1.070795548759745086e-01
1.069634678268810285e-01
1.068479046074458649e-01
1.067328400088854712e-01
1.066182443280353220e-01
1.065040830875575301e-01
1.063903172101060141e-01
1.062769036699980491e-01
1.061637966018335877e-01
1.060509487569788051e-01
1.059383130610170726e-01
1.058258439442216065e-01
1.057134981760979586e-01
1.056012351424218537e-01
1.054890167759329755e-01
1.053768074540467475e-01
1.052645739943636888e-01
1.051522857048670240e-01
1.050399144404264018e-01
1.049274346472749003e-01
1.048148233781087402e-01
1.047020602528636324e-01
1.045891273352916040e-01
1.044760088974568818e-01
1.043626910597104523e-01
1.042491613226835950e-01
1.041354080414859662e-01
1.040214199160587744e-01
1.039071855727400628e-01
1.037926932845587291e-01
1.036779308296221225e-01
1.035628854340763516e-01
1.034475437094336259e-01
1.033318914904518965e-01
1.032159135180403392e-01
1.030995929898100849e-01
1.029829111011113935e-01
1.028658467935267828e-01
1.027483769696605070e-01
1.026304773881800969e-01
1.025121243053809944e-01
1.023932967097438834e-01
1.022739787825794472e-01
1.021541621062036914e-01
1.020338471894494531e-01
1.019130440518405817e-01
1.017917717652730147e-01
1.016700569097890583e-01
1.015479309763284016e-01
1.014254269978228651e-01
1.013025608839337316e-01
1.011792286779209099e-01
1.010555788340802702e-01
1.009316243850431893e-01
1.008073719632244930e-01
1.006828233980438803e-01
1.005579781061993472e-01
1.004328359558553790e-01
1.003074002523473979e-01
1.001818131941259876e-01
1.000559693646348725e-01
9.992988034980074263e-02
9.980358400756531023e-02
9.967712903688606685e-02
9.955057338039129122e-02
9.942398158724606583e-02
9.929742131623191248e-02
9.917095924675328744e-02
9.904465674822755805e-02
9.891856570475800192e-02
9.879264783765033531e-02
9.866690998824076408e-02
9.854142401481337521e-02
9.841617010926291542e-02
9.829110973181791333e-02
9.816618667785698138e-02
9.804128310097620647e-02
9.791622976569717973e-02
9.779102271308103000e-02
9.766555865364760780e-02
9.753973480163781462e-02
9.741345354593158867e-02
9.728662694183705384e-02
9.715918070065114598e-02
9.703105735041493707e-02
9.690221830422786342e-02
9.677264468199259229e-02
9.664233687197729128e-02
9.651131297054953151e-02
9.637960637261898389e-02
9.624726287353869980e-02
9.611433767176277843e-02
9.598089263170228591e-02
9.584699408579283597e-02
9.571271133328031200e-02
9.557811584056576104e-02
9.544328097874668626e-02
9.530828197037022331e-02
9.517319558996410744e-02
9.503809910723774734e-02
9.490306801134561210e-02
9.476817222984307287e-02
9.463347085426671024e-02
9.449900577034515969e-02
9.436479499467649579e-02
9.423082684490996508e-02
9.409705622432142091e-02
9.396345430931683784e-02
9.382986230980652764e-02
9.369613898280304554e-02
9.356214464710260748e-02
9.342776923940962486e-02
9.329286808444643697e-02
9.315735134153484143e-02
9.302115680285359678e-02
9.288424920044972832e-02
9.274661633252644088e-02
9.260826398026400508e-02
9.246921137053311368e-02
9.232948733596976765e-02
9.218912290632694240e-02
9.204812857703588425e-02
9.190656417358761265e-02
9.176445809596528447e-02
9.162184097554043616e-02
9.147874611029810366e-02
9.133520892459816298e-02
9.119126677438003925e-02
9.104695939019720463e-02
9.090231414480916261e-02
9.075737806327410784e-02
9.061221528179609630e-02
9.046687609195637469e-02
9.032141123479837941e-02
9.017587003462192163e-02
9.003029841402500344e-02
8.988473705082362930e-02
8.973921996672686030e-02
8.959377380820708614e-02
8.944841797427062480e-02
8.930316558864909160e-02
8.915802515879751866e-02
8.901300265761362407e-02
8.886810371907222228e-02
8.872333563702268500e-02
8.857870887074274779e-02
8.843423778443421091e-02
8.828994041325793907e-02
8.814583721715564535e-02
8.800194907958672208e-02
8.785829512044689149e-02
8.771489096398320251e-02
8.757174773832712700e-02
8.742887145352062905e-02
8.728626867001083867e-02
8.714395872903604734e-02
8.700189323759538462e-02
8.686003055714770771e-02
8.671833582588418798e-02
8.657676737536149081e-02
8.643530351035157155e-02
8.629392831542632980e-02
8.615263746955796609e-02
8.601143479735544328e-02
8.587032646243672462e-02
8.572931700005957667e-02
8.558840701915403082e-02
8.544759186753224378e-02
8.530686085078069414e-02
8.516619705450867439e-02
8.502557890890322101e-02
8.488498516264525451e-02
8.474440179776469850e-02
8.460382508951766467e-02
8.446325054533249110e-02
8.432267541604193672e-02
8.418213722684594891e-02
8.404166953926600625e-02
8.390131824797196491e-02
8.376113333275879425e-02
8.362113332305468050e-02
8.348138874833045675e-02
8.334193532248478087e-02
8.320280312461203476e-02
8.306401708270420847e-02
8.292559784781163013e-02
8.278756561786258794e-02
8.264995846047906713e-02
8.251276372972501938e-02
8.237599229260543499e-02
8.223964904613505211e-02
8.210373082223329511e-02
8.196822643212878234e-02
8.183314674966252200e-02
8.169845254881799579e-02
8.156413394191371069e-02
8.143019056835647251e-02
8.129662912419938214e-02
8.116346414426174605e-02
8.103071862568926587e-02
8.089842385352094545e-02
8.076661817516887776e-02
8.063534490630662466e-02
8.050464977135560196e-02
8.037457828036598251e-02
8.024517331532259046e-02
8.011647304591833219e-02
7.998850918616381978e-02
7.986130556586019946e-02
7.973487701828871344e-02
7.960922864819243439e-02
7.948435560193073401e-02
7.936024347645170840e-02
7.923686945285712824e-02
7.911420412709564698e-02
7.899221386592572558e-02
7.887086339083498876e-02
7.875011823487471085e-02
7.862994675114537424e-02
7.851032146231998188e-02
7.839121968221239578e-02
7.827262345729636694e-02
7.815451890966390591e-02
7.803691441569675369e-02
7.791977531627501674e-02
7.780306942866607733e-02
7.768678084989914800e-02
7.757090755542056515e-02
7.745541690430438053e-02
7.734025046040039764e-02
7.722537827677238009e-02
7.711076856203225027e-02
7.699638815974917117e-02
7.688220326865426169e-02
7.676818001808768943e-02
7.665428513546328204e-02
7.654048710029449920e-02
7.642675768700459005e-02
7.631307345781175588e-02
7.619941682891041845e-02
7.608577656524719013e-02
7.597214778232712351e-02
7.585853166119597979e-02
7.574493508147824017e-02
7.563137029065271355e-02
7.551785462878554678e-02
7.540441025433189393e-02
7.529106377440142328e-02
7.517784567636294490e-02
7.506478948306855026e-02
7.495193057384763602e-02
7.483930461188548211e-02
7.472694562098858295e-02
7.461488408095402758e-02
7.450314558275693277e-02
7.439175015384279221e-02
7.428071193257923532e-02
7.416999532661328054e-02
7.405962448123092068e-02
7.394960795006821908e-02
7.383994068886721995e-02
7.373058800446145866e-02
7.362157321321749492e-02
7.351289727959740838e-02
7.340455676972224008e-02
7.329653976684487315e-02
7.318882380760241557e-02
7.308136440259301037e-02
7.297410957215264005e-02
7.286706444551066530e-02
7.276020368034213925e-02
7.265350115622309923e-02
7.254693095596788377e-02
7.244046943693842333e-02
7.233406060994612696e-02
7.222771896109740630e-02
7.212144988260917045e-02
7.201525451957942192e-02
7.190913771399118359e-02
7.180310672059962707e-02
7.169716985603295789e-02
7.159133525659257258e-02
7.148560988147589779e-02
7.137999885245603637e-02
7.127450516348295129e-02
7.116912973037811674e-02
7.106387169395550485e-02
7.095872885242213157e-02
7.085369808992010576e-02
7.074877569018553358e-02
7.064395747280531601e-02
7.053923875278036992e-02
7.043461418615265535e-02
7.033007760844126044e-02
7.022562198593675087e-02
7.012123957769043903e-02
7.001692235343659476e-02
6.991266264333741154e-02
6.980845392721077292e-02
6.970429162045857496e-02
6.960017369248691632e-02
6.949610096476468990e-02
6.939207697794161356e-02
6.928810738419220738e-02
6.918419890293027452e-02
6.908035796327159639e-02
6.897658923047113311e-02
6.887289426038570306e-02
6.876927053077204477e-02
6.866571105081105408e-02
6.856220465209775239e-02
6.845873693409121330e-02
6.835529170942603039e-02
6.825185270801296944e-02
6.814840527647615664e-02
6.804493784694005953e-02
6.794144302244137235e-02
6.783791820990099641e-02
6.773436580468260304e-02
6.763079297654642219e-02
6.752721112286078076e-02
6.742363505403733970e-02
6.732008197698709229e-02
6.721657035609263087e-02
6.711311874955867840e-02
6.700974472596656073e-02
6.690646395446926686e-02
6.680328953587405527e-02
6.670023160662327810e-02
6.659729720804294373e-02
6.649449037686144814e-02
6.639181239109984145e-02
6.628926210554865472e-02
6.618683632809083117e-02
6.608453020936441713e-02
6.598233763378122396e-02
6.588025160669536140e-02
6.577826463348721009e-02
6.567636908769453052e-02
6.557455756824649706e-02
6.547282324843312074e-02
6.537116022058153675e-02
6.526956383769629000e-02
6.516803104069875119e-02
6.506656062556391562e-02
6.496523280724968152e-02
6.486397558237576300e-02
6.476277121000988124e-02
6.466162620990163756e-02
6.456054934809435375e-02
6.445960962458295584e-02
6.435878169878340993e-02
6.425802722366164010e-02
6.415734932447314520e-02
6.405674977447790852e-02
6.395622969809759695e-02
6.385579064693756857e-02
6.375543534680996882e-02
6.365516768469278719e-02
6.355499219455520987e-02
6.345491358748198141e-02
6.335493678187549549e-02
6.325503772071408570e-02
6.315519100915889528e-02
6.305548873657593201e-02
6.295598845066345539e-02
6.285665233034103128e-02
6.275748222513859165e-02
6.265849077273433210e-02
6.255968803720031446e-02
6.246108104639750552e-02
6.236267420434603304e-02
6.226447038884006663e-02
6.216647204837344454e-02
6.206868157786253615e-02
6.197110073813105746e-02
6.187372926595243600e-02
6.177656431057423209e-02
6.167960142157158376e-02
6.158283630821725224e-02
6.148626616365904934e-02
6.138988982791371979e-02
6.129370699338625855e-02
6.119771714489798120e-02
6.110191874948575630e-02
6.100630884718850205e-02
6.091088298892050751e-02
6.081563541779248100e-02
6.072055940181916162e-02
6.062564764905482156e-02
6.053089275324204099e-02
6.043628762815905081e-02
6.034182589614613124e-02
6.024750220374906762e-02
6.015331244594920163e-02
6.005925388978610585e-02
5.996532519753341312e-02
5.987152635826990116e-02
5.977785854366339524e-02
5.968432390876653171e-02
5.959092536111147698e-02
5.949766632154240148e-02
5.940455049818179484e-02
5.931158169113846107e-02
5.921876364046050473e-02
5.912609992402587111e-02
5.903359390605551760e-02
5.894124873141862175e-02
5.884906735627540297e-02
5.875705260239472150e-02
5.866520722096259244e-02
5.857353395175098759e-02
5.848203556534396080e-02
5.839071487902849911e-02
5.829957474085247643e-02
5.820861798075473159e-02
5.811784733208182063e-02
5.802726533095516059e-02
5.793687420440736535e-02
5.784667576063975969e-02
5.775667129582788550e-02
5.766686153137013521e-02
5.757724659318912142e-02
5.748782604067515650e-02
5.739859894742087298e-02
5.730957825863135929e-02
5.722080367597881523e-02
5.713221559944817868e-02
5.704381246518284987e-02
5.695559305892129026e-02
5.686755664097660479e-02
5.677970301024697075e-02
5.669203249826670898e-02
5.660454589338079212e-02
5.651724430422561118e-02
5.643015703388797044e-02
5.634329684687899853e-02
5.625662148771318205e-02
5.617013142334510711e-02
5.608382659138774068e-02
5.599770632245134466e-02
