1.000000000000000021e-03
1.100000000000000283e-02
2.100000000000001171e-02
3.100000000000002059e-02
4.100000000000002948e-02
5.100000000000003836e-02
6.100000000000004724e-02
7.100000000000004918e-02
8.100000000000005806e-02
9.100000000000006695e-02
1.010000000000000758e-01
1.110000000000000847e-01
1.210000000000000936e-01
1.310000000000000886e-01
1.410000000000000975e-01
1.510000000000001064e-01
1.610000000000001152e-01
1.710000000000001241e-01
1.810000000000001330e-01
1.910000000000001419e-01
2.010000000000001508e-01
2.110000000000001597e-01
2.210000000000001685e-01
2.310000000000001774e-01
2.410000000000001863e-01
2.510000000000001674e-01
2.610000000000001763e-01
2.710000000000001852e-01
2.810000000000001941e-01
2.910000000000002029e-01
3.010000000000002118e-01
3.110000000000002207e-01
3.210000000000002296e-01
3.310000000000002385e-01
3.410000000000002474e-01
3.510000000000002562e-01
3.610000000000002651e-01
3.710000000000002740e-01
3.810000000000002829e-01
3.910000000000002918e-01
4.010000000000003006e-01
4.110000000000003095e-01
4.210000000000003184e-01
4.310000000000003273e-01
4.410000000000003362e-01
4.510000000000003451e-01
4.610000000000003539e-01
4.710000000000003628e-01
4.810000000000003717e-01
4.910000000000003806e-01
5.010000000000003340e-01
5.110000000000003428e-01
5.210000000000003517e-01
5.310000000000003606e-01
5.410000000000003695e-01
5.510000000000003784e-01
5.610000000000003872e-01
5.710000000000003961e-01
5.810000000000004050e-01
5.910000000000004139e-01
6.010000000000004228e-01
6.110000000000004317e-01
6.210000000000004405e-01
6.310000000000004494e-01
6.410000000000004583e-01
6.510000000000004672e-01
6.610000000000004761e-01
6.710000000000004849e-01
6.810000000000004938e-01
6.910000000000005027e-01
7.010000000000005116e-01
7.110000000000005205e-01
7.210000000000005294e-01
7.310000000000005382e-01
7.410000000000005471e-01
7.510000000000005560e-01
7.610000000000005649e-01
7.710000000000005738e-01
7.810000000000005826e-01
7.910000000000005915e-01
8.010000000000006004e-01
8.110000000000006093e-01
8.210000000000006182e-01
8.310000000000006271e-01
8.410000000000006359e-01
8.510000000000006448e-01
8.610000000000006537e-01
8.710000000000006626e-01
8.810000000000006715e-01
8.910000000000006803e-01
9.010000000000006892e-01
9.110000000000006981e-01
9.210000000000007070e-01
9.310000000000007159e-01
9.410000000000007248e-01
9.510000000000007336e-01
9.610000000000007425e-01
9.710000000000007514e-01
9.810000000000007603e-01
9.910000000000007692e-01
1.001000000000000556e+00
1.010999999999999455e+00
1.020999999999998353e+00
1.030999999999997252e+00
1.040999999999996151e+00
1.050999999999995049e+00
1.060999999999993948e+00
1.070999999999992847e+00
1.080999999999991745e+00
1.090999999999990644e+00
1.100999999999989543e+00
1.110999999999988441e+00
1.120999999999987340e+00
1.130999999999986239e+00
1.140999999999985137e+00
1.150999999999984036e+00
1.160999999999982935e+00
1.170999999999981833e+00
1.180999999999980732e+00
1.190999999999979631e+00
1.200999999999978529e+00
1.210999999999977428e+00
1.220999999999976326e+00
1.230999999999975225e+00
1.240999999999974124e+00
1.250999999999973022e+00
1.260999999999971921e+00
1.270999999999970820e+00
1.280999999999969718e+00
1.290999999999968617e+00
1.300999999999967516e+00
1.310999999999966414e+00
1.320999999999965313e+00
1.330999999999964212e+00
1.340999999999963110e+00
1.350999999999962009e+00
1.360999999999960908e+00
1.370999999999959806e+00
1.380999999999958705e+00
1.390999999999957604e+00
1.400999999999956502e+00
1.410999999999955401e+00
1.420999999999954300e+00
1.430999999999953198e+00
1.440999999999952097e+00
1.450999999999950996e+00
1.460999999999949894e+00
1.470999999999948793e+00
1.480999999999947692e+00
1.490999999999946590e+00
1.500999999999945489e+00
1.510999999999944388e+00
1.520999999999943286e+00
1.530999999999942185e+00
1.540999999999941084e+00
1.550999999999939982e+00
1.560999999999938881e+00
1.570999999999937780e+00
1.580999999999936678e+00
1.590999999999935577e+00
1.600999999999934476e+00
1.610999999999933374e+00
1.620999999999932273e+00
1.630999999999931172e+00
1.640999999999930070e+00
1.650999999999928969e+00
1.660999999999927867e+00
1.670999999999926766e+00
1.680999999999925665e+00
1.690999999999924563e+00
1.700999999999923462e+00
1.710999999999922361e+00
1.720999999999921259e+00
1.730999999999920158e+00
1.740999999999919057e+00
1.750999999999917955e+00
1.760999999999916854e+00
1.770999999999915753e+00
1.780999999999914651e+00
1.790999999999913550e+00
1.800999999999912449e+00
1.810999999999911347e+00
1.820999999999910246e+00
1.830999999999909145e+00
1.840999999999908043e+00
1.850999999999906942e+00
1.860999999999905841e+00
1.870999999999904739e+00
1.880999999999903638e+00
1.890999999999902537e+00
1.900999999999901435e+00
1.910999999999900334e+00
1.920999999999899233e+00
1.930999999999898131e+00
1.940999999999897030e+00
1.950999999999895929e+00
1.960999999999894827e+00
1.970999999999893726e+00
1.980999999999892625e+00
1.990999999999891523e+00
2.000999999999890644e+00
2.010999999999889543e+00
2.020999999999888441e+00
2.030999999999887340e+00
2.040999999999886239e+00
2.050999999999885137e+00
2.060999999999884036e+00
2.070999999999882935e+00
2.080999999999881833e+00
2.090999999999880732e+00
2.100999999999879631e+00
2.110999999999878529e+00
2.120999999999877428e+00
2.130999999999876326e+00
2.140999999999875225e+00
2.150999999999874124e+00
2.160999999999873022e+00
2.170999999999871921e+00
2.180999999999870820e+00
2.190999999999869718e+00
2.200999999999868617e+00
2.210999999999867516e+00
2.220999999999866414e+00
2.230999999999865313e+00
2.240999999999864212e+00
2.250999999999863110e+00
2.260999999999862009e+00
2.270999999999860908e+00
2.280999999999859806e+00
2.290999999999858705e+00
2.300999999999857604e+00
2.310999999999856502e+00
2.320999999999855401e+00
2.330999999999854300e+00
2.340999999999853198e+00
2.350999999999852097e+00
2.360999999999850996e+00
2.370999999999849894e+00
2.380999999999848793e+00
2.390999999999847692e+00
2.400999999999846590e+00
2.410999999999845489e+00
2.420999999999844388e+00
2.430999999999843286e+00
2.440999999999842185e+00
2.450999999999841084e+00
2.460999999999839982e+00
2.470999999999838881e+00
2.480999999999837780e+00
2.490999999999836678e+00
2.500999999999835577e+00
2.510999999999834476e+00
2.520999999999833374e+00
2.530999999999832273e+00
2.540999999999831171e+00
2.550999999999830070e+00
2.560999999999828969e+00
2.570999999999827867e+00
2.580999999999826766e+00
2.590999999999825665e+00
2.600999999999824563e+00
2.610999999999823462e+00
2.620999999999822361e+00
2.630999999999821259e+00
2.640999999999820158e+00
2.650999999999819057e+00
2.660999999999817955e+00
2.670999999999816854e+00
2.680999999999815753e+00
2.690999999999814651e+00
2.700999999999813550e+00
2.710999999999812449e+00
2.720999999999811347e+00
2.730999999999810246e+00
2.740999999999809145e+00
2.750999999999808043e+00
2.760999999999806942e+00
2.770999999999805841e+00
2.780999999999804739e+00
2.790999999999803638e+00
2.800999999999802537e+00
2.810999999999801435e+00
2.820999999999800334e+00
2.830999999999799233e+00
2.840999999999798131e+00
2.850999999999797030e+00
2.860999999999795929e+00
2.870999999999794827e+00
2.880999999999793726e+00
2.890999999999792625e+00
2.900999999999791523e+00
2.910999999999790422e+00
2.920999999999789321e+00
2.930999999999788219e+00
2.940999999999787118e+00
2.950999999999786017e+00
2.960999999999784915e+00
2.970999999999783814e+00
2.980999999999782712e+00
2.990999999999781611e+00
3.000999999999780510e+00
3.010999999999779408e+00
3.020999999999778307e+00
3.030999999999777206e+00
3.040999999999776104e+00
3.050999999999775003e+00
3.060999999999773902e+00
3.070999999999772800e+00
3.080999999999771699e+00
3.090999999999770598e+00
3.100999999999769496e+00
3.110999999999768395e+00
3.120999999999767294e+00
3.130999999999766192e+00
3.140999999999765091e+00
3.150999999999763990e+00
3.160999999999762888e+00
3.170999999999761787e+00
3.180999999999760686e+00
3.190999999999759584e+00
3.200999999999758483e+00
3.210999999999757382e+00
3.220999999999756280e+00
3.230999999999755179e+00
3.240999999999754078e+00
3.250999999999752976e+00
3.260999999999751875e+00
3.270999999999750774e+00
3.280999999999749672e+00
3.290999999999748571e+00
3.300999999999747470e+00
3.310999999999746368e+00
3.320999999999745267e+00
3.330999999999744166e+00
3.340999999999743064e+00
3.350999999999741963e+00
3.360999999999740862e+00
3.370999999999739760e+00
3.380999999999738659e+00
3.390999999999737557e+00
3.400999999999736456e+00
3.410999999999735355e+00
3.420999999999734253e+00
3.430999999999733152e+00
3.440999999999732051e+00
3.450999999999730949e+00
3.460999999999729848e+00
3.470999999999728747e+00
3.480999999999727645e+00
3.490999999999726544e+00
3.500999999999725443e+00
3.510999999999724341e+00
3.520999999999723240e+00
3.530999999999722139e+00
3.540999999999721037e+00
3.550999999999719936e+00
3.560999999999718835e+00
3.570999999999717733e+00
3.580999999999716632e+00
3.590999999999715531e+00
3.600999999999714429e+00
3.610999999999713328e+00
3.620999999999712227e+00
3.630999999999711125e+00
3.640999999999710024e+00
3.650999999999708923e+00
3.660999999999707821e+00
3.670999999999706720e+00
3.680999999999705619e+00
3.690999999999704517e+00
3.700999999999703416e+00
3.710999999999702315e+00
3.720999999999701213e+00
3.730999999999700112e+00
3.740999999999699011e+00
3.750999999999697909e+00
3.760999999999696808e+00
3.770999999999695707e+00
3.780999999999694605e+00
3.790999999999693504e+00
3.800999999999692402e+00
3.810999999999691301e+00
3.820999999999690200e+00
3.830999999999689098e+00
3.840999999999687997e+00
3.850999999999686896e+00
3.860999999999685794e+00
3.870999999999684693e+00
3.880999999999683592e+00
3.890999999999682490e+00
3.900999999999681389e+00
3.910999999999680288e+00
3.920999999999679186e+00
3.930999999999678085e+00
3.940999999999676984e+00
3.950999999999675882e+00
3.960999999999674781e+00
3.970999999999673680e+00
3.980999999999672578e+00
3.990999999999671477e+00
4.000999999999670820e+00
4.010999999999674159e+00
4.020999999999677499e+00
4.030999999999680838e+00
4.040999999999684178e+00
4.050999999999687518e+00
4.060999999999690857e+00
4.070999999999694197e+00
4.080999999999697536e+00
4.090999999999700876e+00
4.100999999999704215e+00
4.110999999999707555e+00
4.120999999999710894e+00
4.130999999999714234e+00
4.140999999999717573e+00
4.150999999999720913e+00
4.160999999999724253e+00
4.170999999999727592e+00
4.180999999999730932e+00
4.190999999999734271e+00
4.200999999999737611e+00
4.210999999999740950e+00
4.220999999999744290e+00
4.230999999999747629e+00
4.240999999999750969e+00
4.250999999999754309e+00
4.260999999999757648e+00
4.270999999999760988e+00
4.280999999999764327e+00
4.290999999999767667e+00
4.300999999999771006e+00
4.310999999999774346e+00
4.320999999999777685e+00
4.330999999999781025e+00
4.340999999999784364e+00
4.350999999999787704e+00
4.360999999999791044e+00
4.370999999999794383e+00
4.380999999999797723e+00
4.390999999999801062e+00
4.400999999999804402e+00
4.410999999999807741e+00
4.420999999999811081e+00
4.430999999999814420e+00
4.440999999999817760e+00
4.450999999999821100e+00
4.460999999999824439e+00
4.470999999999827779e+00
4.480999999999831118e+00
4.490999999999834458e+00
4.500999999999837797e+00
4.510999999999841137e+00
4.520999999999844476e+00
4.530999999999847816e+00
4.540999999999851156e+00
4.550999999999854495e+00
4.560999999999857835e+00
4.570999999999861174e+00
4.580999999999864514e+00
4.590999999999867853e+00
4.600999999999871193e+00
4.610999999999874532e+00
4.620999999999877872e+00
4.630999999999881211e+00
4.640999999999884551e+00
4.650999999999887891e+00
4.660999999999891230e+00
4.670999999999894570e+00
4.680999999999897909e+00
4.690999999999901249e+00
4.700999999999904588e+00
4.710999999999907928e+00
4.720999999999911267e+00
4.730999999999914607e+00
4.740999999999917947e+00
4.750999999999921286e+00
4.760999999999924626e+00
4.770999999999927965e+00
4.780999999999931305e+00
4.790999999999934644e+00
4.800999999999937984e+00
4.810999999999941323e+00
4.820999999999944663e+00
4.830999999999948002e+00
4.840999999999951342e+00
4.850999999999954682e+00
4.860999999999958021e+00
4.870999999999961361e+00
4.880999999999964700e+00
4.890999999999968040e+00
4.900999999999971379e+00
4.910999999999974719e+00
4.920999999999978058e+00
4.930999999999981398e+00
4.940999999999984738e+00
4.950999999999988077e+00
4.960999999999991417e+00
4.970999999999994756e+00
4.980999999999998096e+00
4.991000000000001435e+00
5.001000000000004775e+00
5.011000000000008114e+00
5.021000000000011454e+00
5.031000000000014793e+00
5.041000000000018133e+00
5.051000000000021473e+00
5.061000000000024812e+00
5.071000000000028152e+00
5.081000000000031491e+00
5.091000000000034831e+00
5.101000000000038170e+00
5.111000000000041510e+00
5.121000000000044849e+00
5.131000000000048189e+00
5.141000000000051529e+00
5.151000000000054868e+00
5.161000000000058208e+00
5.171000000000061547e+00
5.181000000000064887e+00
5.191000000000068226e+00
5.201000000000071566e+00
5.211000000000074905e+00
5.221000000000078245e+00
5.231000000000081585e+00
5.241000000000084924e+00
5.251000000000088264e+00
5.261000000000091603e+00
5.271000000000094943e+00
5.281000000000098282e+00
5.291000000000101622e+00
5.301000000000104961e+00
5.311000000000108301e+00
5.321000000000111640e+00
5.331000000000114980e+00
5.341000000000118320e+00
5.351000000000121659e+00
5.361000000000124999e+00
5.371000000000128338e+00
5.381000000000131678e+00
5.391000000000135017e+00
5.401000000000138357e+00
5.411000000000141696e+00
5.421000000000145036e+00
5.431000000000148376e+00
5.441000000000151715e+00
5.451000000000155055e+00
5.461000000000158394e+00
5.471000000000161734e+00
5.481000000000165073e+00
5.491000000000168413e+00
5.501000000000171752e+00
5.511000000000175092e+00
5.521000000000178431e+00
5.531000000000181771e+00
5.541000000000185111e+00
5.551000000000188450e+00
5.561000000000191790e+00
5.571000000000195129e+00
5.581000000000198469e+00
5.591000000000201808e+00
5.601000000000205148e+00
5.611000000000208487e+00
5.621000000000211827e+00
5.631000000000215167e+00
5.641000000000218506e+00
5.651000000000221846e+00
5.661000000000225185e+00
5.671000000000228525e+00
5.681000000000231864e+00
5.691000000000235204e+00
5.701000000000238543e+00
5.711000000000241883e+00
5.721000000000245223e+00
5.731000000000248562e+00
5.741000000000251902e+00
5.751000000000255241e+00
5.761000000000258581e+00
5.771000000000261920e+00
5.781000000000265260e+00
5.791000000000268599e+00
5.801000000000271939e+00
5.811000000000275278e+00
5.821000000000278618e+00
5.831000000000281958e+00
5.841000000000285297e+00
5.851000000000288637e+00
5.861000000000291976e+00
5.871000000000295316e+00
5.881000000000298655e+00
5.891000000000301995e+00
5.901000000000305334e+00
5.911000000000308674e+00
5.921000000000312014e+00
5.931000000000315353e+00
5.941000000000318693e+00
5.951000000000322032e+00
5.961000000000325372e+00
5.971000000000328711e+00
5.981000000000332051e+00
5.991000000000335390e+00
6.001000000000338730e+00
6.011000000000342069e+00
6.021000000000345409e+00
6.031000000000348749e+00
6.041000000000352088e+00
6.051000000000355428e+00
6.061000000000358767e+00
6.071000000000362107e+00
6.081000000000365446e+00
6.091000000000368786e+00
6.101000000000372125e+00
6.111000000000375465e+00
6.121000000000378805e+00
6.131000000000382144e+00
6.141000000000385484e+00
6.151000000000388823e+00
6.161000000000392163e+00
6.171000000000395502e+00
6.181000000000398842e+00
6.191000000000402181e+00
6.201000000000405521e+00
6.211000000000408861e+00
6.221000000000412200e+00
6.231000000000415540e+00
6.241000000000418879e+00
6.251000000000422219e+00
6.261000000000425558e+00
6.271000000000428898e+00
6.281000000000432237e+00
6.291000000000435577e+00
6.301000000000438916e+00
6.311000000000442256e+00
6.321000000000445596e+00
6.331000000000448935e+00
6.341000000000452275e+00
6.351000000000455614e+00
6.361000000000458954e+00
6.371000000000462293e+00
6.381000000000465633e+00
6.391000000000468972e+00
6.401000000000472312e+00
6.411000000000475652e+00
6.421000000000478991e+00
6.431000000000482331e+00
6.441000000000485670e+00
6.451000000000489010e+00
6.461000000000492349e+00
6.471000000000495689e+00
6.481000000000499028e+00
6.491000000000502368e+00
6.501000000000505707e+00
6.511000000000509047e+00
6.521000000000512387e+00
6.531000000000515726e+00
6.541000000000519066e+00
6.551000000000522405e+00
6.561000000000525745e+00
6.571000000000529084e+00
6.581000000000532424e+00
6.591000000000535763e+00
6.601000000000539103e+00
6.611000000000542443e+00
6.621000000000545782e+00
6.631000000000549122e+00
6.641000000000552461e+00
6.651000000000555801e+00
6.661000000000559140e+00
6.671000000000562480e+00
6.681000000000565819e+00
6.691000000000569159e+00
6.701000000000572498e+00
6.711000000000575838e+00
6.721000000000579178e+00
6.731000000000582517e+00
6.741000000000585857e+00
6.751000000000589196e+00
6.761000000000592536e+00
6.771000000000595875e+00
6.781000000000599215e+00
6.791000000000602554e+00
6.801000000000605894e+00
6.811000000000609234e+00
6.821000000000612573e+00
6.831000000000615913e+00
6.841000000000619252e+00
6.851000000000622592e+00
6.861000000000625931e+00
6.871000000000629271e+00
6.881000000000632610e+00
6.891000000000635950e+00
6.901000000000639290e+00
6.911000000000642629e+00
6.921000000000645969e+00
6.931000000000649308e+00
6.941000000000652648e+00
6.951000000000655987e+00
6.961000000000659327e+00
6.971000000000662666e+00
6.981000000000666006e+00
6.991000000000669345e+00
7.001000000000672685e+00
7.011000000000676025e+00
7.021000000000679364e+00
7.031000000000682704e+00
7.041000000000686043e+00
7.051000000000689383e+00
7.061000000000692722e+00
7.071000000000696062e+00
7.081000000000699401e+00
7.091000000000702741e+00
7.101000000000706081e+00
7.111000000000709420e+00
7.121000000000712760e+00
7.131000000000716099e+00
7.141000000000719439e+00
7.151000000000722778e+00
7.161000000000726118e+00
7.171000000000729457e+00
7.181000000000732797e+00
7.191000000000736136e+00
7.201000000000739476e+00
7.211000000000742816e+00
7.221000000000746155e+00
7.231000000000749495e+00
7.241000000000752834e+00
7.251000000000756174e+00
7.261000000000759513e+00
7.271000000000762853e+00
7.281000000000766192e+00
7.291000000000769532e+00
7.301000000000772872e+00
7.311000000000776211e+00
7.321000000000779551e+00
7.331000000000782890e+00
7.341000000000786230e+00
7.351000000000789569e+00
7.361000000000792909e+00
7.371000000000796248e+00
7.381000000000799588e+00
7.391000000000802928e+00
7.401000000000806267e+00
7.411000000000809607e+00
7.421000000000812946e+00
7.431000000000816286e+00
7.441000000000819625e+00
7.451000000000822965e+00
7.461000000000826304e+00
7.471000000000829644e+00
7.481000000000832983e+00
7.491000000000836323e+00
7.501000000000839663e+00
7.511000000000843002e+00
7.521000000000846342e+00
7.531000000000849681e+00
7.541000000000853021e+00
7.551000000000856360e+00
7.561000000000859700e+00
7.571000000000863039e+00
7.581000000000866379e+00
7.591000000000869719e+00
7.601000000000873058e+00
7.611000000000876398e+00
7.621000000000879737e+00
7.631000000000883077e+00
7.641000000000886416e+00
7.651000000000889756e+00
7.661000000000893095e+00
7.671000000000896435e+00
7.681000000000899774e+00
7.691000000000903114e+00
7.701000000000906454e+00
7.711000000000909793e+00
7.721000000000913133e+00
7.731000000000916472e+00
7.741000000000919812e+00
7.751000000000923151e+00
7.761000000000926491e+00
7.771000000000929830e+00
7.781000000000933170e+00
7.791000000000936510e+00
7.801000000000939849e+00
7.811000000000943189e+00
7.821000000000946528e+00
7.831000000000949868e+00
7.841000000000953207e+00
7.851000000000956547e+00
7.861000000000959886e+00
7.871000000000963226e+00
7.881000000000966565e+00
7.891000000000969905e+00
7.901000000000973245e+00
7.911000000000976584e+00
7.921000000000979924e+00
7.931000000000983263e+00
7.941000000000986603e+00
7.951000000000989942e+00
7.961000000000993282e+00
7.971000000000996621e+00
7.981000000000999961e+00
7.991000000001003301e+00
8.001000000001004864e+00
8.011000000000999322e+00
8.021000000000993779e+00
8.031000000000988237e+00
8.041000000000982695e+00
8.051000000000977153e+00
8.061000000000971610e+00
8.071000000000966068e+00
8.081000000000960526e+00
8.091000000000954984e+00
8.101000000000949441e+00
8.111000000000943899e+00
8.121000000000938357e+00
8.131000000000932815e+00
8.141000000000927272e+00
8.151000000000921730e+00
8.161000000000916188e+00
8.171000000000910646e+00
8.181000000000905104e+00
8.191000000000899561e+00
8.201000000000894019e+00
8.211000000000888477e+00
8.221000000000882935e+00
8.231000000000877392e+00
8.241000000000871850e+00
8.251000000000866308e+00
8.261000000000860766e+00
8.271000000000855223e+00
8.281000000000849681e+00
8.291000000000844139e+00
8.301000000000838597e+00
8.311000000000833055e+00
8.321000000000827512e+00
8.331000000000821970e+00
8.341000000000816428e+00
8.351000000000810886e+00
8.361000000000805343e+00
8.371000000000799801e+00
8.381000000000794259e+00
8.391000000000788717e+00
8.401000000000783174e+00
8.411000000000777632e+00
8.421000000000772090e+00
8.431000000000766548e+00
8.441000000000761005e+00
8.451000000000755463e+00
8.461000000000749921e+00
8.471000000000744379e+00
8.481000000000738837e+00
8.491000000000733294e+00
8.501000000000727752e+00
8.511000000000722210e+00
8.521000000000716668e+00
8.531000000000711125e+00
8.541000000000705583e+00
8.551000000000700041e+00
8.561000000000694499e+00
8.571000000000688956e+00
8.581000000000683414e+00
8.591000000000677872e+00
8.601000000000672330e+00
8.611000000000666788e+00
8.621000000000661245e+00
8.631000000000655703e+00
8.641000000000650161e+00
8.651000000000644619e+00
8.661000000000639076e+00
8.671000000000633534e+00
8.681000000000627992e+00
8.691000000000622450e+00
8.701000000000616907e+00
8.711000000000611365e+00
8.721000000000605823e+00
8.731000000000600281e+00
8.741000000000594738e+00
8.751000000000589196e+00
8.761000000000583654e+00
8.771000000000578112e+00
8.781000000000572570e+00
8.791000000000567027e+00
8.801000000000561485e+00
8.811000000000555943e+00
8.821000000000550401e+00
8.831000000000544858e+00
8.841000000000539316e+00
8.851000000000533774e+00
8.861000000000528232e+00
8.871000000000522689e+00
8.881000000000517147e+00
8.891000000000511605e+00
8.901000000000506063e+00
8.911000000000500521e+00
8.921000000000494978e+00
8.931000000000489436e+00
8.941000000000483894e+00
8.951000000000478352e+00
8.961000000000472809e+00
8.971000000000467267e+00
8.981000000000461725e+00
8.991000000000456183e+00
9.001000000000450640e+00
9.011000000000445098e+00
9.021000000000439556e+00
9.031000000000434014e+00
9.041000000000428471e+00
9.051000000000422929e+00
9.061000000000417387e+00
9.071000000000411845e+00
9.081000000000406303e+00
9.091000000000400760e+00
9.101000000000395218e+00
9.111000000000389676e+00
9.121000000000384134e+00
9.131000000000378591e+00
9.141000000000373049e+00
9.151000000000367507e+00
9.161000000000361965e+00
9.171000000000356422e+00
9.181000000000350880e+00
9.191000000000345338e+00
9.201000000000339796e+00
9.211000000000334254e+00
9.221000000000328711e+00
9.231000000000323169e+00
9.241000000000317627e+00
9.251000000000312085e+00
9.261000000000306542e+00
9.271000000000301000e+00
9.281000000000295458e+00
9.291000000000289916e+00
9.301000000000284373e+00
9.311000000000278831e+00
9.321000000000273289e+00
9.331000000000267747e+00
9.341000000000262204e+00
9.351000000000256662e+00
9.361000000000251120e+00
9.371000000000245578e+00
9.381000000000240036e+00
9.391000000000234493e+00
9.401000000000228951e+00
9.411000000000223409e+00
9.421000000000217867e+00
9.431000000000212324e+00
9.441000000000206782e+00
9.451000000000201240e+00
9.461000000000195698e+00
9.471000000000190155e+00
9.481000000000184613e+00
9.491000000000179071e+00
9.501000000000173529e+00
9.511000000000167987e+00
9.521000000000162444e+00
9.531000000000156902e+00
9.541000000000151360e+00
9.551000000000145818e+00
9.561000000000140275e+00
9.571000000000134733e+00
9.581000000000129191e+00
9.591000000000123649e+00
9.601000000000118106e+00
9.611000000000112564e+00
9.621000000000107022e+00
9.631000000000101480e+00
9.641000000000095937e+00
9.651000000000090395e+00
9.661000000000084853e+00
9.671000000000079311e+00
9.681000000000073769e+00
9.691000000000068226e+00
9.701000000000062684e+00
9.711000000000057142e+00
9.721000000000051600e+00
9.731000000000046057e+00
9.741000000000040515e+00
9.751000000000034973e+00
9.761000000000029431e+00
9.771000000000023888e+00
9.781000000000018346e+00
9.791000000000012804e+00
9.801000000000007262e+00
9.811000000000001720e+00
9.820999999999996177e+00
9.830999999999990635e+00
9.840999999999985093e+00
9.850999999999979551e+00
9.860999999999974008e+00
9.870999999999968466e+00
9.880999999999962924e+00
9.890999999999957382e+00
9.900999999999951839e+00
9.910999999999946297e+00
9.920999999999940755e+00
9.930999999999935213e+00
9.940999999999929670e+00
9.950999999999924128e+00
9.960999999999918586e+00
9.970999999999913044e+00
9.980999999999907502e+00
9.990999999999901959e+00
