2.539699079500000067e+01
2.621185064200000170e+01
2.590925697600000177e+01
2.475992093800000049e+01
2.525017558400000084e+01
2.508983122100000074e+01
2.421459286500000019e+01
2.568503836400000040e+01
2.598911991400000332e+01
2.573077221000000137e+01
2.578792954100000046e+01
2.595565357300000287e+01
2.586588433600000059e+01
2.600202314300000239e+01
2.606854898100000284e+01
2.600158115099999989e+01
2.589928520500000175e+01
2.581814656300000266e+01
2.603623586800000211e+01
2.581470488800000140e+01
2.604216591500000177e+01
2.584604006800000064e+01
2.584626733600000037e+01
2.602128856700000270e+01
2.587715979300000058e+01
2.591041212400000049e+01
2.590929626400000174e+01
2.576250362500000080e+01
2.600316667200000254e+01
2.581285420900000105e+01
2.600539111000000148e+01
2.585383714499999996e+01
2.611254188800000264e+01
2.594955073600000262e+01
2.580592507300000094e+01
2.603395853299999985e+01
2.582872505200000290e+01
2.597811531700000032e+01
2.583852216700000071e+01
2.587300980600000244e+01
2.587847384900000236e+01
2.610312520500000133e+01
2.594610366900000287e+01
2.587559739599999986e+01
2.586707459500000184e+01
2.593524810300000283e+01
2.586383384500000204e+01
2.597882916700000067e+01
2.576769631800000226e+01
2.596830398500000214e+01
2.593112980500000120e+01
2.585804038700000262e+01
2.568091231600000057e+01
2.556364574500000231e+01
2.581122842100000270e+01
2.554844934300000148e+01
2.578494897600000257e+01
2.551573488500000053e+01
2.550926787900000292e+01
2.487921328500000229e+01
2.520520082700000231e+01
2.256322021500000119e+01
1.459752635000000076e+01
1.463265530600000019e+01
1.476458835700000094e+01
1.488841403500000027e+01
1.478249966600000143e+01
1.534480393600000170e+01
2.425379439800000014e+01
2.444660498200000021e+01
2.448238019500000107e+01
2.393920347200000265e+01
2.450290753100000174e+01
2.418340791099999976e+01
2.445326779000000172e+01
2.453670952600000277e+01
2.415804676800000195e+01
2.458960738900000109e+01
2.466591286100000247e+01
2.416456167100000130e+01
2.429537700700000258e+01
2.492256171100000017e+01
2.413485163300000025e+01
2.402075987500000309e+01
2.455543568600000270e+01
2.420146108000000140e+01
2.431389843700000242e+01
2.436259755600000076e+01
2.440343056600000082e+01
2.425605744400000319e+01
2.459508710000000065e+01
2.453599928000000219e+01
2.413215572800000075e+01
2.463199875400000138e+01
2.426212942300000108e+01
2.395891061700000080e+01
2.431545419800000118e+01
2.404463194000000215e+01
2.445231606200000130e+01
2.444278941000000316e+01
2.398834536700000086e+01
2.434630814900000217e+01
2.427793592700000147e+01
2.428093371900000008e+01
2.423252057700000250e+01
2.473434821300000053e+01
2.441969093000000157e+01
2.526059041500000291e+01
2.550627981400000266e+01
2.400431169600000203e+01
2.485723339600000159e+01
2.495397186400000322e+01
2.433184474700000166e+01
2.464897913900000148e+01
2.473402333200000314e+01
2.478184897700000278e+01
2.440112490799999989e+01
2.464010454100000302e+01
2.486559367200000281e+01
2.492486822200000063e+01
2.440769819400000173e+01
2.469022211800000122e+01
2.478974897600000205e+01
2.461916388000000211e+01
2.425859602500000278e+01
2.487645193400000210e+01
2.479203086200000072e+01
2.457838047400000292e+01
2.441490052800000043e+01
2.480790114700000260e+01
2.471382593500000269e+01
2.419161619200000146e+01
2.474012841600000101e+01
2.476154899200000159e+01
2.427629792800000175e+01
2.475164015000000006e+01
2.461428877700000228e+01
2.444311809700000282e+01
2.444109393300000121e+01
2.481618350700000164e+01
2.003862082000000200e+01
1.471697357700000097e+01
1.476902337300000134e+01
1.471157119900000154e+01
1.476926392800000087e+01
1.483068448100000047e+01
1.464393020700000037e+01
1.466000780400000103e+01
1.486067813600000065e+01
1.484941414500000079e+01
1.460641920700000007e+01
1.468152283900000121e+01
1.492934451500000037e+01
1.477347211800000082e+01
1.477518561400000152e+01
1.459170836300000040e+01
1.505699468300000099e+01
1.488310123100000126e+01
1.462599699800000153e+01
1.473537248100000063e+01
1.492185445000000144e+01
1.481422093500000159e+01
1.921757873900000035e+01
1.465277227900000057e+01
1.480687556400000027e+01
1.471937038500000128e+01
1.461398729400000107e+01
1.474299108200000141e+01
1.461951130800000165e+01
1.487599970600000177e+01
1.463497004600000118e+01
1.486142490000000116e+01
1.470872974700000135e+01
1.491114592300000119e+01
1.463492610000000127e+01
1.480341054500000020e+01
1.466383826700000093e+01
1.477590479300000048e+01
1.463479990100000094e+01
1.479675082500000016e+01
1.463004930600000009e+01
1.468403623400000058e+01
1.482697283300000102e+01
1.483087048100000160e+01
1.463321760700000063e+01
1.458984465600000036e+01
1.507220992200000076e+01
1.465924605600000064e+01
1.472835911100000139e+01
1.459922342500000170e+01
1.507370742700000044e+01
1.472143169500000148e+01
1.471167320800000056e+01
1.460841354000000081e+01
1.502055386700000028e+01
1.475993478500000045e+01
1.459506611000000120e+01
1.465964088500000173e+01
1.493788592500000156e+01
1.465641133300000121e+01
1.478919141500000123e+01
1.478954093500000155e+01
1.479594980500000112e+01
1.462088063200000043e+01
1.465585082000000128e+01
1.490659275200000167e+01
1.480720398600000109e+01
1.460980800100000110e+01
1.459940577000000062e+01
1.483254142000000009e+01
1.481375298300000054e+01
1.470371128800000093e+01
1.460255493100000024e+01
1.470368352100000031e+01
1.541305257900000036e+01
1.470717378700000033e+01
1.472362013200000064e+01
1.462939766000000041e+01
1.472275347000000068e+01
1.476288672300000115e+01
1.489058709800000102e+01
1.466150659900000086e+01
1.472229124900000130e+01
1.481306497500000141e+01
1.473685823400000139e+01
1.462171582600000086e+01
1.469173697800000156e+01
1.486495526600000083e+01
1.475924275800000096e+01
1.454976949200000114e+01
1.465671183000000077e+01
1.484896736600000011e+01
1.464162648400000144e+01
1.461927826200000169e+01
1.458583553200000082e+01
1.491758348000000112e+01
1.471838550000000012e+01
1.468706033100000141e+01
1.464670729000000016e+01
1.487479177500000027e+01
1.470580596700000164e+01
1.457426932100000094e+01
1.467991214000000078e+01
1.508128374400000027e+01
1.456029035100000080e+01
1.465489632700000122e+01
1.472317307600000014e+01
1.493779954200000049e+01
1.468828488500000162e+01
2.366925822900000043e+01
2.444774255900000171e+01
2.434080129400000203e+01
2.464664251900000025e+01
2.453707778300000086e+01
2.423819629400000153e+01
2.483561392600000062e+01
2.456909931200000230e+01
2.392270470500000101e+01
2.460562033200000087e+01
2.471771814600000283e+01
2.435629619200000207e+01
2.425388477200000281e+01
2.461848678300000159e+01
2.481728874100000226e+01
2.394726424700000322e+01
2.454360367100000317e+01
2.468187370600000108e+01
2.418227625800000169e+01
2.451764248000000279e+01
2.454818636000000254e+01
2.466838538500000055e+01
2.412069651200000209e+01
2.484787442000000013e+01
2.455321256900000293e+01
2.402454060200000185e+01
2.458228227700000090e+01
2.453767735400000305e+01
2.444597641800000076e+01
2.415077899899999991e+01
2.476622015100000240e+01
2.474618996000000237e+01
2.395031170800000098e+01
2.467460912200000323e+01
2.457117148900000103e+01
2.423066171500000010e+01
2.442692616700000130e+01
2.483365238200000036e+01
2.453060202500000031e+01
2.412205862800000133e+01
2.441550246100000265e+01
2.467903157400000325e+01
2.421582141600000071e+01
2.460332240500000012e+01
2.461231237400000182e+01
2.422250155700000107e+01
2.420896887700000022e+01
2.455846198600000108e+01
2.485169606800000253e+01
2.398064393100000302e+01
2.457873640900000112e+01
2.457056335300000072e+01
2.408395569700000038e+01
2.446177522600000032e+01
2.464742786100000060e+01
2.460916722900000053e+01
2.378021690000000277e+01
2.430256840800000262e+01
2.458682118200000133e+01
2.400463932700000314e+01
2.425126196600000128e+01
2.430244241200000133e+01
2.445706307300000049e+01
2.420363854700000061e+01
2.424278946100000098e+01
2.467480931600000105e+01
2.442646387600000324e+01
2.394257313100000317e+01
2.432520248200000168e+01
2.452741575300000321e+01
2.452904554600000253e+01
2.394783505400000223e+01
2.451696979900000173e+01
2.449142999600000081e+01
2.373079951200000082e+01
2.445489435900000075e+01
2.442234758900000102e+01
2.394201685000000168e+01
2.423768631900000159e+01
2.437663133000000215e+01
2.415857381600000053e+01
2.416691879100000051e+01
2.450591478300000148e+01
2.391583343400000317e+01
2.408303837900000133e+01
2.477639857400000167e+01
2.405023825600000009e+01
2.399078770900000279e+01
2.449961774700000205e+01
2.444719187000000105e+01
2.392803934800000221e+01
2.435024552500000183e+01
2.460900646300000005e+01
2.402686724400000173e+01
2.419485025300000203e+01
2.436693645600000124e+01
2.459645623700000172e+01
2.402693164500000123e+01
2.433368591400000014e+01
2.464361689100000063e+01
2.393836340600000057e+01
2.410109642200000124e+01
2.459593226900000218e+01
2.461283262700000307e+01
2.414553726900000186e+01
2.437507200599999990e+01
2.432056674500000071e+01
2.409611562300000287e+01
2.448570171300000098e+01
2.463642919200000136e+01
2.444813905600000226e+01
2.380686559800000168e+01
2.487993754000000024e+01
2.438759481600000001e+01
2.411034254700000190e+01
2.470345042900000010e+01
2.468649805000000086e+01
2.398699953600000256e+01
2.431618757000000031e+01
2.475663290100000324e+01
2.377354694000000279e+01
2.409940063100000174e+01
2.434255082500000000e+01
2.385103876900000230e+01
2.415193766800000219e+01
2.441629242100000141e+01
2.434742551500000118e+01
2.372579684900000174e+01
2.419596902800000038e+01
2.444424033700000010e+01
2.417357476600000155e+01
2.462521427500000115e+01
2.437738879400000158e+01
2.428504044600000000e+01
2.400748763200000013e+01
2.472616640700000090e+01
2.460346454600000143e+01
2.421011352900000091e+01
2.455547645500000087e+01
2.450556187500000149e+01
2.441719459800000180e+01
2.448641037500000195e+01
2.491667345400000144e+01
2.453196441500000091e+01
2.395503456000000142e+01
2.454366626800000262e+01
2.454130667200000104e+01
2.442219147100000143e+01
2.439375824600000087e+01
2.477822761100000193e+01
2.426622435200000183e+01
2.403172034500000009e+01
2.486902010100000027e+01
2.458227546700000232e+01
2.404439115000000271e+01
2.436020476700000259e+01
2.466748120200000116e+01
2.427647631199999978e+01
2.441071744700000323e+01
2.452870387800000174e+01
2.426088501899999983e+01
2.424992616600000161e+01
2.472903764200000154e+01
2.479669003900000135e+01
2.431492028800000327e+01
2.468258593300000214e+01
2.450503497100000061e+01
2.436969347800000207e+01
2.431876659899999993e+01
2.464737269500000139e+01
2.458585350800000313e+01
2.391595312700000164e+01
2.475008600700000017e+01
2.470178064100000270e+01
2.412029136600000001e+01
2.442983737600000183e+01
2.433610971600000283e+01
2.441653897000000129e+01
2.424024360000000300e+01
2.478735746200000278e+01
2.438334528800000101e+01
2.403036923000000158e+01
2.454414017000000214e+01
2.445830990400000005e+01
2.430353253900000254e+01
2.434160066900000174e+01
2.449442068800000172e+01
2.433430505400000143e+01
2.407708760100000234e+01
2.452330742600000235e+01
2.438455084599999978e+01
2.410610037800000072e+01
2.455210382000000280e+01
2.462158768700000167e+01
2.423601819100000299e+01
2.444202942600000128e+01
2.455147877500000320e+01
2.483680664800000315e+01
1.449300135700000070e+01
1.546601543300000081e+01
2.410343144300000162e+01
2.422264152400000015e+01
2.436224857800000265e+01
2.429618102300000260e+01
2.424466664600000243e+01
2.483821992600000073e+01
2.451530048900000125e+01
2.414873927500000050e+01
2.462735459499999990e+01
2.461259638599999988e+01
2.428795460000000261e+01
2.438015262800000116e+01
2.470663290600000295e+01
2.458998481900000144e+01
2.423914530700000114e+01
2.451344869500000101e+01
2.471569429000000184e+01
2.446911135900000289e+01
2.403908178100000015e+01
2.480850312300000127e+01
2.475976234200000192e+01
2.436931503799999987e+01
2.457495766800000325e+01
2.490373108900000076e+01
2.444751357200000186e+01
2.423882655100000250e+01
2.470171920000000299e+01
2.442411214100000194e+01
2.442382264100000100e+01
2.424727281000000190e+01
2.472273249400000239e+01
2.467470116900000221e+01
2.424949942800000002e+01
2.454848801300000005e+01
2.454219457300000329e+01
2.439749832500000082e+01
2.414613614200000313e+01
2.481344278100000267e+01
2.470434219200000214e+01
2.441760759800000002e+01
2.459189519300000271e+01
2.472433662200000271e+01
2.442254193800000195e+01
2.400484590399999973e+01
2.439084088300000275e+01
2.460332918599999985e+01
2.405506876300000130e+01
2.418150866500000262e+01
2.472650267900000287e+01
2.449577568500000169e+01
2.426968745200000299e+01
2.431283967200000262e+01
2.458587878100000168e+01
2.456180322900000235e+01
2.387242086800000251e+01
2.467409303800000231e+01
2.420952931600000113e+01
2.436826275499999994e+01
2.390478872600000315e+01
2.437906320400000126e+01
2.456249015200000230e+01
2.161635895300000243e+01
1.466206339500000055e+01
1.454064623300000036e+01
1.445060196300000044e+01
1.463521189900000152e+01
1.464709392800000032e+01
1.610634830300000075e+01
2.404123527000000138e+01
2.457093543300000249e+01
2.428918229800000006e+01
2.397579616400000191e+01
2.413561171400000305e+01
2.454258538000000200e+01
2.407734083600000119e+01
2.431002125800000258e+01
2.452268341200000279e+01
2.418416798300000181e+01
2.397479321200000157e+01
2.448549158500000189e+01
2.451064574500000148e+01
2.409990088500000027e+01
2.419050650800000213e+01
2.444470419900000024e+01
2.451526240900000175e+01
2.383434386300000085e+01
2.432385782500000104e+01
2.447472205600000095e+01
2.400832660200000035e+01
2.459192820900000243e+01
2.447627180300000305e+01
2.441077983500000315e+01
2.379376571300000265e+01
2.429117560100000262e+01
2.430043738300000200e+01
2.388718324200000254e+01
2.427405258000000288e+01
2.444679058600000232e+01
2.414832059300000111e+01
2.378182987300000306e+01
2.455094996500000093e+01
2.443327615700000166e+01
2.429849401500000283e+01
2.444983667400000016e+01
2.447758314500000054e+01
2.464273462400000270e+01
2.406962193600000077e+01
2.473718698900000135e+01
2.459210177100000294e+01
2.412989659600000181e+01
2.452926943499999979e+01
2.437187884600000132e+01
2.406231517500000194e+01
2.431465258200000079e+01
2.481603472100000118e+01
2.468562146100000021e+01
2.413013065400000201e+01
2.421131031500000219e+01
2.480958919200000068e+01
2.407114398900000296e+01
2.441591239500000299e+01
2.438248558400000121e+01
2.401703504900000041e+01
2.450919355200000282e+01
2.438108607500000247e+01
2.436521207400000222e+01
2.417705835000000292e+01
2.464003759300000240e+01
2.468130861400000242e+01
2.391891109500000212e+01
2.444012045700000257e+01
2.457929084000000231e+01
2.424540316300000242e+01
2.428949593700000165e+01
2.479467142900000098e+01
2.463409370600000159e+01
2.430056482800000239e+01
2.429888018500000157e+01
2.446326188600000151e+01
2.412966790100000125e+01
2.433579739600000025e+01
2.451079636200000067e+01
2.412066108400000175e+01
2.439618513300000302e+01
2.461926147200000159e+01
2.425511555100000294e+01
2.402884819200000166e+01
2.469555590000000223e+01
2.442632750900000005e+01
2.407792816500000299e+01
2.425370322900000275e+01
2.447082830500000128e+01
2.439319052000000099e+01
2.429881620600000147e+01
2.488009043500000317e+01
2.400282517900000201e+01
2.438043961099999990e+01
2.472789508000000325e+01
2.434385531000000213e+01
2.401557597800000110e+01
2.436497218500000272e+01
2.452588571700000131e+01
2.418912254399999995e+01
2.455518524700000071e+01
2.445534114100000167e+01
2.420748424000000298e+01
2.406030216999999993e+01
2.460711022899999989e+01
2.443871652300000008e+01
2.367169156599999980e+01
2.487559844700000156e+01
2.447188287100000181e+01
1.780679935400000247e+01
1.487777617700000121e+01
1.454362536000000006e+01
1.447978389800000087e+01
1.445911649300000157e+01
1.485933336400000115e+01
1.452904268100000174e+01
1.452220927000000117e+01
1.457573997500000118e+01
1.471241394300000138e+01
1.469775200500000167e+01
1.463367753200000010e+01
1.477415909700000007e+01
1.457966147400000168e+01
1.467806687400000065e+01
1.451370554600000062e+01
1.479697684400000135e+01
1.458950584000000106e+01
1.484306410700000178e+01
1.448178706100000035e+01
1.573631246800000127e+01
2.280046726800000201e+01
2.417082555700000057e+01
2.384236922400000225e+01
2.369798327000000171e+01
2.434456447500000209e+01
2.414001242300000172e+01
2.380598062299999995e+01
2.386022852400000005e+01
2.401114757200000227e+01
2.364357228300000102e+01
2.411476625200000257e+01
2.444866775200000220e+01
2.353236272500000226e+01
2.418866234700000106e+01
2.421278384000000017e+01
2.374564352000000156e+01
2.393843149599999975e+01
2.452249218000000042e+01
2.390676802200000139e+01
2.378431467700000113e+01
2.424646994000000078e+01
2.414524625700000016e+01
2.400221786600000229e+01
2.401950641700000233e+01
2.446965521200000282e+01
2.400132414200000142e+01
2.366605853000000081e+01
2.420847279700000243e+01
2.410147751300000252e+01
2.398581972500000248e+01
2.384992262300000121e+01
2.431506989700000076e+01
2.386941227400000187e+01
2.383681803700000046e+01
2.410892914500000117e+01
2.407926828800000152e+01
2.368744311600000074e+01
2.415193475100000242e+01
2.438863183900000209e+01
2.347162880400000162e+01
2.413574777100000190e+01
2.395611268800000104e+01
2.339158577000000250e+01
2.478372505100000112e+01
2.540752274800000166e+01
2.476382100700000066e+01
2.397984542500000060e+01
2.382979647000000156e+01
2.433686080200000035e+01
2.406139693200000096e+01
2.400517627700000034e+01
2.379054896500000282e+01
2.414795579600000153e+01
2.431931459700000175e+01
2.388439811900000009e+01
2.387535525300000216e+01
2.447871645900000104e+01
2.415539441900000028e+01
2.397675644400000294e+01
2.423544455600000092e+01
2.428168680600000329e+01
2.430709732500000086e+01
2.381188520400000286e+01
2.434010777100000311e+01
2.432682137200000128e+01
2.412738655000000065e+01
2.391105251200000126e+01
2.422393366200000031e+01
2.420739140700000291e+01
2.417386385200000021e+01
2.377487778100000071e+01
2.427744976000000321e+01
2.418169111300000296e+01
2.408754852600000262e+01
2.405004209600000209e+01
2.425720148400000298e+01
2.423985055500000030e+01
2.425896370700000304e+01
2.528193941500000008e+01
2.581216219900000297e+01
2.544167056300000240e+01
2.526953898200000026e+01
2.550435539100000071e+01
2.534268326500000157e+01
2.538616381599999983e+01
2.485048418700000283e+01
2.552251389400000292e+01
2.571216783600000255e+01
2.490619308400000165e+01
2.535359320800000305e+01
2.555901299599999987e+01
2.543226492200000166e+01
2.484417669900000192e+01
2.551852570200000159e+01
2.572526999400000136e+01
2.499243300600000239e+01
2.558750758800000114e+01
2.523341667900000118e+01
2.503369426800000141e+01
2.528851112000000256e+01
2.542349356400000104e+01
2.542536442200000124e+01
2.501601891400000000e+01
2.551118357100000011e+01
2.588960292300000177e+01
2.473418818500000071e+01
2.560263430500000226e+01
2.539177012900000108e+01
2.517338188300000112e+01
2.488342507200000142e+01
2.547611923600000239e+01
2.500172116800000310e+01
2.531874316800000102e+01
2.499855332700000332e+01
2.538119915900000123e+01
2.565013734600000106e+01
2.561948213900000226e+01
2.496799952200000305e+01
2.552262034800000023e+01
2.556900405900000095e+01
2.428854948800000102e+01
1.796261741800000067e+01
1.502050452000000114e+01
1.513117187200000124e+01
2.579557715900000048e+01
2.531185609100000278e+01
2.584417895500000029e+01
2.534261508200000179e+01
2.583012940400000090e+01
2.535156878000000091e+01
2.566447506700000147e+01
2.550482617500000160e+01
2.583155317800000006e+01
2.530934267499999990e+01
2.570594158200000123e+01
2.559007791100000162e+01
2.548355741800000018e+01
2.582649053100000103e+01
2.534377509100000125e+01
2.568516444800000187e+01
2.544840627900000030e+01
2.584911598700000113e+01
2.508030436499999993e+01
2.575423498100000330e+01
2.554156276500000189e+01
2.560142348900000187e+01
2.531188373300000194e+01
2.584493981600000012e+01
2.539927022900000253e+01
2.580724061900000166e+01
2.547604380800000001e+01
2.555077633100000156e+01
2.583091421800000020e+01
2.558379104700000184e+01
2.570104806200000169e+01
2.521330525800000188e+01
2.585793700100000336e+01
2.544377042400000022e+01
2.584702815600000037e+01
2.538256561200000050e+01
2.573084091900000203e+01
2.551705436200000321e+01
2.586602160500000025e+01
2.530228941700000078e+01
2.574760313600000217e+01
2.554593210100000178e+01
2.563428586600000258e+01
2.607591858500000015e+01
2.582576128400000215e+01
2.621065693200000268e+01
2.558078931100000020e+01
2.617446124200000312e+01
2.568567782900000296e+01
2.612302036900000246e+01
2.567973937100000015e+01
2.619370044000000064e+01
2.540832259100000101e+01
2.614092836600000069e+01
2.549724389200000019e+01
2.604574522000000059e+01
2.566636803400000133e+01
2.606186290500000169e+01
2.581924146300000089e+01
2.616681099700000246e+01
2.613511559800000228e+01
2.572167953900000015e+01
2.603170333899999989e+01
2.575575963900000076e+01
2.605111331900000238e+01
2.555553738500000094e+01
2.616430816900000167e+01
2.584812855700000256e+01
2.628885124900000037e+01
2.567032066800000223e+01
2.613834306500000082e+01
2.551480558600000137e+01
2.636449672000000177e+01
2.592096505700000009e+01
2.599357200000000034e+01
2.612215103000000127e+01
2.554798796900000113e+01
2.621972375200000016e+01
2.569367446600000093e+01
2.614700947900000116e+01
2.560617904400000100e+01
2.634876564099999996e+01
2.557243617900000032e+01
2.614544802600000040e+01
2.565549448400000188e+01
2.608269171600000291e+01
2.608754114900000332e+01
2.585311721500000104e+01
2.611927049000000167e+01
2.562671729800000264e+01
2.624678608700000026e+01
2.550008402700000332e+01
2.603542265300000125e+01
2.561855470900000142e+01
2.618319297900000109e+01
2.576154300299999989e+01
2.553036927800000200e+01
2.243798518200000203e+01
2.580344809700000042e+01
2.601106538700000215e+01
2.529699113700000268e+01
2.552526510600000265e+01
2.597386817000000292e+01
2.569119853900000194e+01
2.570762160600000001e+01
2.555274638200000226e+01
2.574265037199999995e+01
2.579842328000000151e+01
2.620447644700000112e+01
2.582942743100000271e+01
2.533104860400000291e+01
2.585386861400000313e+01
2.592488936300000191e+01
2.604328982000000181e+01
2.593955178300000242e+01
2.515017750400000196e+01
2.580032398900000246e+01
2.582894607300000089e+01
2.558283869999999993e+01
2.582677608900000266e+01
2.578417863100000318e+01
2.612111410700000036e+01
2.546781459700000028e+01
2.565908003400000226e+01
2.588280293300000068e+01
2.537129868400000277e+01
2.542221655800000235e+01
2.590141701699999999e+01
2.578211237600000061e+01
2.537737345800000099e+01
2.540183096100000171e+01
2.595307716100000306e+01
2.599035582900000207e+01
2.567076494200000170e+01
2.514813765300000270e+01
2.557565807400000324e+01
2.569073596000000137e+01
2.574711935000000196e+01
2.542504001600000052e+01
2.602918028700000264e+01
2.593735180500000226e+01
2.518676087600000102e+01
2.541623409900000041e+01
2.603372924399999988e+01
2.571788140100000319e+01
2.566004428300000129e+01
2.539370078399999997e+01
2.562730634800000118e+01
2.591297817500000278e+01
2.554484645800000209e+01
2.529289135500000185e+01
2.596746391200000303e+01
2.593013563000000232e+01
2.562523616900000079e+01
2.518215061200000093e+01
2.610142143100000212e+01
2.590921689299999997e+01
2.582182982900000212e+01
2.523324087399999982e+01
2.574419146500000011e+01
2.594185151300000314e+01
2.595095701900000051e+01
2.555776519100000144e+01
2.545251278900000003e+01
2.566748528300000132e+01
2.535679078500000116e+01
2.509725207800000035e+01
2.584060735900000338e+01
2.589021009400000040e+01
2.575989450100000155e+01
2.551671242500000147e+01
2.590301049900000052e+01
2.574569363800000232e+01
2.586897960500000337e+01
2.554779774000000003e+01
2.574746297800000150e+01
2.573897422300000315e+01
2.580684090200000114e+01
2.512795322600000247e+01
2.588547585100000248e+01
2.579266405600000311e+01
2.496374807300000143e+01
2.572669881400000236e+01
2.606867603400000277e+01
2.603762945700000131e+01
2.579565594000000317e+01
2.531112571100000252e+01
2.590669357100000170e+01
2.596767826900000031e+01
2.574918815500000235e+01
2.529495221300000196e+01
2.580986330500000037e+01
2.615084000300000255e+01
2.595145865500000326e+01
2.542646466400000094e+01
2.569599471100000088e+01
2.616117631300000212e+01
2.609954307500000326e+01
2.588108322700000130e+01
2.573525213300000303e+01
2.583274696700000206e+01
2.630939497000000316e+01
2.609011355600000215e+01
2.560057925500000309e+01
2.547195225200000124e+01
2.614803581299999991e+01
2.562872937800000273e+01
2.614402587400000044e+01
2.553124969100000285e+01
2.590606007700000291e+01
2.591846540800000298e+01
2.601963694600000210e+01
2.569860801900000169e+01
2.536415926000000098e+01
2.602634867200000102e+01
2.600236997200000033e+01
2.568083424599999987e+01
2.535177538000000297e+01
2.589733079500000201e+01
2.591328933200000151e+01
2.592192619000000064e+01
2.564294518800000233e+01
2.567344680600000117e+01
2.569434278499999991e+01
2.613103319500000055e+01
2.588512238700000267e+01
2.558867367300000240e+01
2.597651677600000042e+01
2.611053099800000155e+01
2.599815207000000328e+01
2.552742467500000245e+01
2.590655469600000060e+01
2.560364608400000108e+01
2.578595079000000112e+01
2.556587528100000029e+01
2.567775671700000117e+01
2.584541481800000184e+01
2.617240046500000261e+01
2.593273956900000243e+01
2.572175035700000123e+01
2.584697262100000259e+01
2.606976364800000212e+01
2.609658793700000246e+01
2.585771413400000185e+01
2.538205832800000294e+01
2.590812012100000317e+01
2.594283852400000256e+01
2.596791474100000130e+01
2.569697083200000165e+01
2.565220167000000018e+01
2.609037242000000134e+01
2.603812011900000201e+01
2.579642136200000024e+01
2.526177706500000042e+01
2.613137979500000085e+01
2.603659754100000256e+01
2.606319052700000327e+01
2.567918048900000016e+01
2.575496257300000025e+01
2.594981722200000007e+01
2.620605071800000019e+01
2.575070181300000272e+01
2.561938152200000118e+01
2.577399724600000042e+01
2.616864394200000277e+01
2.582944503600000274e+01
2.555288519800000202e+01
2.580289915800000244e+01
2.597513269200000252e+01
2.610610139500000315e+01
2.575879162000000022e+01
2.563018668700000191e+01
2.590509473600000234e+01
2.607341393600000146e+01
2.605094510800000052e+01
2.559993613100000331e+01
2.566421640700000140e+01
2.602069058700000070e+01
2.591154291300000168e+01
2.584599013000000056e+01
2.554271013500000009e+01
2.595560202000000061e+01
2.596539618800000326e+01
2.626930070400000261e+01
1.536508370100000143e+01
1.499749090600000123e+01
1.478478115400000092e+01
1.483854464500000070e+01
1.472215933000000021e+01
1.461930752000000133e+01
1.489664232000000155e+01
1.489943670100000084e+01
1.489572453100000082e+01
1.455724214800000027e+01
1.499205898800000014e+01
1.461952359400000034e+01
1.485950201100000179e+01
1.465192655400000099e+01
1.520913536400000154e+01
1.496852056600000047e+01
1.495793862500000060e+01
1.477496430500000102e+01
1.494345866100000109e+01
1.471410169000000145e+01
1.476733759700000093e+01
1.518525228400000060e+01
1.516649283600000153e+01
1.493054115200000176e+01
1.497985122700000105e+01
1.488929538900000082e+01
1.481319240500000056e+01
1.470214550100000039e+01
1.505588974600000007e+01
1.503518656700000022e+01
1.511392797000000066e+01
1.493287022400000019e+01
1.509593816500000152e+01
1.455632177300000052e+01
1.503507306300000046e+01
1.498117645700000011e+01
1.519151248200000026e+01
1.482457695000000086e+01
1.507715818700000021e+01
2.311606544400000018e+01
2.644441411900000105e+01
2.614058337800000231e+01
2.636820159600000224e+01
2.606564840900000135e+01
2.648606862700000164e+01
2.667697917200000290e+01
2.620236091000000300e+01
2.662477637500000327e+01
1.886175072400000019e+01
1.495720983200000020e+01
1.480663831800000096e+01
1.482849621900000159e+01
1.483487746600000179e+01
1.477548850700000038e+01
1.506697341300000126e+01
1.463388983400000143e+01
1.477766783000000039e+01
1.470613115900000167e+01
1.746351781300000283e+01
2.589594226700000235e+01
2.568042731700000303e+01
2.585928464300000229e+01
2.609014119800000131e+01
2.592472665200000037e+01
2.550193210200000138e+01
2.577139994700000258e+01
2.578329977600000333e+01
2.603467738800000220e+01
2.542165217000000155e+01
2.617313011500000286e+01
2.619617936700000271e+01
2.590299080600000181e+01
2.525775571500000183e+01
2.627357803900000022e+01
2.621894310700000119e+01
2.555049660700000302e+01
2.556898725600000333e+01
2.603294415000000228e+01
2.609202920600000297e+01
2.562441952700000058e+01
2.588707838800000260e+01
2.614285642700000167e+01
2.610180250200000174e+01
2.551484103100000311e+01
2.594874914600000082e+01
2.590742418200000330e+01
2.627124936700000291e+01
2.559411637900000258e+01
2.595680495900000295e+01
2.611812847700000262e+01
2.591340797300000176e+01
2.518455539700000045e+01
2.582573150200000001e+01
2.598401452200000250e+01
2.611578039700000176e+01
2.540455622700000049e+01
2.624590029500000199e+01
2.612373237600000309e+01
2.612662931100000208e+01
2.559601794499999983e+01
2.607939893500000039e+01
2.601756732800000194e+01
2.605736089200000194e+01
2.566009484500000326e+01
2.620710418800000241e+01
2.618132279200000312e+01
2.639280203600000263e+01
2.583962979200000021e+01
2.545187819100000226e+01
2.617319046100000079e+01
2.623063634100000030e+01
2.554504501000000261e+01
2.606876736800000316e+01
2.603325151000000304e+01
2.583622900700000002e+01
2.562403363300000336e+01
2.606282334800000200e+01
2.615366992600000273e+01
2.593711653200000100e+01
2.561295344100000193e+01
2.598873915100000076e+01
2.576118526800000197e+01
2.619647913100000025e+01
2.586952846000000150e+01
2.601798283000000112e+01
2.629246445900000140e+01
2.441301710300000138e+01
1.492775570000000052e+01
1.467881262700000100e+01
1.476667701800000110e+01
1.464010653500000103e+01
1.504429738700000030e+01
1.496186271000000012e+01
1.473116120300000098e+01
1.496010368600000007e+01
1.491826352600000050e+01
1.500143578500000174e+01
1.467902757400000091e+01
1.472419581100000130e+01
1.469090943100000146e+01
1.464653299100000083e+01
1.504154647700000069e+01
1.495639967700000028e+01
1.487555599500000092e+01
1.500758038500000069e+01
1.487443326100000007e+01
1.499681661700000035e+01
1.485750980000000077e+01
1.487293741800000113e+01
1.496206105800000152e+01
1.495925324900000142e+01
1.497132996600000077e+01
1.488670084300000163e+01
1.482828560100000104e+01
1.500489238400000147e+01
1.489167800600000113e+01
1.504046582500000007e+01
1.490580322200000118e+01
1.489059135600000161e+01
1.487485308300000142e+01
1.468687032500000100e+01
1.487622580800000094e+01
1.487187567600000015e+01
1.487605033400000032e+01
1.499348842400000059e+01
1.496947819200000040e+01
