-3.946420995558548196e-07
-1.282844101171470192e-06
-1.734225358920542418e-06
-1.947461787513230359e-06
-2.675856478221684579e-06
-3.122918997136544228e-06
-3.269494636189052055e-06
-3.836605712697603846e-06
-4.270484203997942456e-06
-4.396497980151646048e-06
-4.806528204891825622e-06
-5.220997832322521601e-06
-5.337044194780544154e-06
-5.614977117105618578e-06
-5.993301684286357739e-06
-6.102376072057233837e-06
-6.275573474955111619e-06
-6.602510226597288174e-06
-6.700207476176917486e-06
-6.798165663063016753e-06
-7.057192804843457309e-06
-7.140907406997431770e-06
-7.186905484069940094e-06
-7.363504895220483909e-06
-7.437811754769692313e-06
-7.437507081777734752e-06
-7.534199951708778682e-06
-7.596076614162697322e-06
-7.548941664799736526e-06
-7.581797367800433708e-06
-7.613448423642995232e-06
-7.530069128013863331e-06
-7.507036938765754449e-06
-7.494441276956035073e-06
-7.387083439567957327e-06
-7.307169959817480049e-06
-7.248878158254829788e-06
-7.118948609868499489e-06
-6.985186277450856722e-06
-6.881903742239906350e-06
-6.726367123754102366e-06
-6.544366843460135904e-06
-6.397043031839139279e-06
-6.211702203344434738e-06
-5.987851578026804556e-06
-5.798050461145839796e-06
-5.577784506823678239e-06
-5.321194049039711328e-06
-5.086538264680475162e-06
-4.832538240755970673e-06
-4.547705785181553690e-06
-4.267942775308066824e-06
-3.985179785679658624e-06
-3.670830365484111943e-06
-3.353217697631183187e-06
-3.042643118703963810e-06
-2.700255396408399677e-06
-2.353359375134279187e-06
-2.014532371151279395e-06
-1.649840618606995695e-06
-1.279670694900615616e-06
-9.154009425300730931e-07
-5.349780652144620838e-07
-1.467798748870025934e-07
2.366527671391944298e-07
6.266306154742404604e-07
1.026495049383079306e-06
1.420507719548390031e-06
1.813799327393319216e-06
2.217131414519731948e-06
2.611540938548221282e-06
3.001488212093746633e-06
3.397392311110234591e-06
3.782023670474796754e-06
4.159894950359979975e-06
4.535825504285476389e-06
4.901084836011024150e-06
5.254549363311572458e-06
5.599296355545802115e-06
5.933495973306755235e-06
6.249143665429255459e-06
6.551976431548601072e-06
6.840675051807989620e-06
7.105799066855340232e-06
7.353505322010985613e-06
7.581298421614613712e-06
7.781767394937184215e-06
7.958403844908327508e-06
8.108796849368671178e-06
8.228045807166278999e-06
8.316069487090362161e-06
8.372156427982368996e-06
8.393407176860929114e-06
8.376990968639011677e-06
8.325587499088029627e-06
8.236520985808017800e-06
8.107421904944592004e-06
7.943009423471631330e-06
7.740416610269886238e-06
7.499764613878107226e-06
7.224391290455586181e-06
6.912813184868710725e-06
6.565858711342144495e-06
6.184219413298503754e-06
5.768363577949299494e-06
5.317255941571901454e-06
4.830515232602468219e-06
4.309549863290752661e-06
3.752061202685699973e-06
3.158948040107047320e-06
2.532033805025182482e-06
1.870128051396665002e-06
1.175255645673889601e-06
4.486638785632672559e-07
-3.101086138808109934e-07
-1.100250062764525779e-06
-1.922005743914819041e-06
-2.775689774925999204e-06
-3.662274366438986729e-06
-4.582242081586303091e-06
-5.535753657072180263e-06
-6.524746523998722007e-06
-7.548903584657862674e-06
-8.608937552743104249e-06
-9.706348753351638807e-06
-1.084059858235788430e-05
-1.201270032321515801e-05
-1.322298855373708357e-05
-1.447142218641517221e-05
-1.575831167192375725e-05
-1.708344362381165508e-05
-1.844710170739091026e-05
-1.984866816925846814e-05
-2.128793563338418949e-05
-2.276482316343445377e-05
-2.427807832299758335e-05
-2.582735343361692565e-05
-2.741169839680449174e-05
-2.902949881886686390e-05
-3.067980245618473468e-05
-3.236081486296732619e-05
-3.407083318211628095e-05
-3.580809321665000906e-05
-3.757049598621244280e-05
-3.935621026086248003e-05
-4.116281685863336376e-05
-4.298836003498444669e-05
-4.483064774855657079e-05
-4.668706417497765776e-05
-4.855559406387580828e-05
-5.043346110114922291e-05
-5.231802138837400530e-05
-5.420674127914361368e-05
-5.609663221574276968e-05
-5.798511805196166044e-05
-5.986943078472514452e-05
-6.174707224715486327e-05
-6.361574331087473133e-05
-6.547314985535394383e-05
-6.731752719410630161e-05
-6.914691875740422661e-05
-7.095949565610818052e-05
-7.275354611064504054e-05
-7.452689331275437338e-05
-7.627750971802129201e-05
-7.800315581348443445e-05
-7.970142063364503632e-05
-8.137010507727716283e-05
-8.300684896253384239e-05
-8.460959135887411667e-05
-8.617634699663251428e-05
-8.770528123271744032e-05
-8.919492584149626947e-05
-9.064372863955460948e-05
-9.205047314605864311e-05
-9.341396509166083827e-05
-9.473293636739376538e-05
-9.600631458713400042e-05
-9.723283125599888283e-05
-9.841131580480993221e-05
-9.954065318297359612e-05
-1.006197234932000492e-04
-1.016476313071343335e-04
-1.026234606846215775e-04
-1.035464683712880167e-04
-1.044160106787625595e-04
-1.052314277160808377e-04
-1.059922385914054057e-04
-1.066978645724302887e-04
-1.073477321058726705e-04
-1.079413180738349865e-04
-1.084780376738977205e-04
-1.089575308900161054e-04
-1.093796036069642541e-04
-1.097443393251982277e-04
-1.100521766642155740e-04
-1.103037326884013689e-04
-1.104999018206214893e-04
-1.106416261594075272e-04
-1.107298508650912780e-04
-1.111640382345899952e-04
-1.120450333919378037e-04
-1.124376034184869789e-04
-1.125460261937169439e-04
-1.131273252332634465e-04
-1.133803982208094521e-04
-1.132921457480647932e-04
-1.135841137372108951e-04
-1.137001198892275322e-04
-1.134686717864110778e-04
-1.134756115079107216e-04
-1.134365409128465941e-04
-1.130407664820905000e-04
-1.127315808105656465e-04
-1.124328593147954242e-04
-1.117613103215801893e-04
-1.110442491497043292e-04
-1.103815056321576568e-04
-1.094215134391350206e-04
-1.084402494207152811e-04
-1.076506487319142988e-04
-1.067738609586104103e-04
-1.059895540720787226e-04
-1.054885153637258061e-04
-1.050503061259936056e-04
-1.046932266839286355e-04
-1.045668259007204821e-04
-1.045161500291360467e-04
-1.044385156326948317e-04
-1.044940316912450391e-04
-1.045779242584392587e-04
-1.045573814963379603e-04
-1.045889576610985699e-04
-1.046107821571784106e-04
-1.045150785703587810e-04
-1.044215784463128303e-04
-1.043305281273075239e-04
-1.041627572321366372e-04
-1.039965059728537825e-04
-1.038791673800440284e-04
-1.037411742496344239e-04
-1.036150291204145926e-04
-1.035656984916029382e-04
-1.035227573154280764e-04
-1.034846176541189184e-04
-1.035175622994741456e-04
-1.035513194686123699e-04
-1.035713257323269364e-04
-1.036207157112659425e-04
-1.036455629249373510e-04
-1.036210219831582301e-04
-1.035695894370125292e-04
-1.034778758153030378e-04
-1.033185418407158118e-04
-1.031274569328184633e-04
-1.029300138120320358e-04
-1.027073644378879394e-04
-1.025058326812398727e-04
-1.023529802026279393e-04
-1.022263291113001497e-04
-1.021499690551312515e-04
-1.021338721559628669e-04
-1.021555070683259674e-04
-1.022209464505087928e-04
-1.023399656160039963e-04
-1.024968899484877087e-04
-1.026747664353968513e-04
-1.028638716276864576e-04
-1.030224657395705575e-04
-1.030977379897266672e-04
-1.030714209117821432e-04
-1.029208320732252459e-04
-1.026466166168755128e-04
-1.023043858159105392e-04
-1.019481792345528252e-04
-1.016343778664468688e-04
-1.014146597486792738e-04
-1.013053501381948931e-04
-1.012906876667938298e-04
-1.013443760904295078e-04
-1.014513963824013908e-04
-1.016039897124559476e-04
-1.018247160131978353e-04
-1.021522222585674063e-04
-1.025914047035223972e-04
-1.031106077291301428e-04
-1.036262047930185354e-04
-1.040038071952798285e-04
-1.041149144033166960e-04
-1.038859572854963683e-04
-1.033349281814720000e-04
-1.025862633311980438e-04
-1.018402822854351536e-04
-1.013031315108601740e-04
-1.011029379975849409e-04
-1.012467644278948302e-04
-1.016133383545117714e-04
-1.020060750867176177e-04
-1.022656714921767608e-04
-1.023542279219658631e-04
-1.023968863780168288e-04
-1.026448014137501020e-04
-1.033451118505353787e-04
-1.045885743202191445e-04
-1.061974648127117575e-04
-1.077282204460135309e-04
-1.086098294605084870e-04
-1.083849530207919734e-04
-1.069604131429614981e-04
-1.047269430069254763e-04
-1.024817633634490821e-04
-1.011425107492440879e-04
-1.013434844818597092e-04
-1.031087889921629202e-04
-1.057648641238686642e-04
-1.081809819206229202e-04
-1.092829664833329010e-04
-1.086224273575607210e-04
-1.067260813448952779e-04
-1.049982849200032129e-04
-1.051415039493713437e-04
-1.082961572046160998e-04
-1.142818194416993905e-04
-1.213676964937752571e-04
-1.267933775079366850e-04
-1.279347625177704000e-04
-1.236637409825653297e-04
-1.152418410593506403e-04
-1.062077189921731258e-04
-1.011056589228155774e-04
-1.034602527192320857e-04
-1.138697983867087042e-04
-1.291956584377297666e-04
-1.434683392860002849e-04
-1.503771353274927424e-04
-1.463995143228910176e-04
-1.331266146918471858e-04
-1.174433401232159756e-04
-1.090337811467731043e-04
-1.159262208016573138e-04
-1.399590921206471492e-04
-1.745042438497904796e-04
-2.060848013594506541e-04
-2.198466679565419068e-04
-2.068802619135786595e-04
-1.700709452014038839e-04
-1.252104350347247176e-04
-9.576872455788655732e-05
-1.026334566317851503e-04
-1.530577946140581009e-04
-2.343607819871835834e-04
-3.164955935936136322e-04
-3.638005950387166571e-04
-3.517956704183488898e-04
-2.817342940676494187e-04
-1.852481327863686781e-04
-1.145259459874432107e-04
-1.196550939168007877e-04
-2.220950312000395481e-04
-3.977554576670464209e-04
-5.806204436568401144e-04
-6.884632228446738644e-04
-6.613631297713054536e-04
-4.967928870212523712e-04
-2.637018668172410609e-04
-8.308671741899824239e-05
-7.606061439735756170e-05
-3.003011806570564770e-04
-7.087275397392142932e-04
-1.155911847409097455e-03
-1.453457428632008806e-03
-1.453938367405250426e-03
-1.130775445999818336e-03
-6.169866664658339413e-04
-1.727824870761717000e-04
-7.668688005036717898e-05
-4.788728659128662908e-04
-1.296584822644943633e-03
-2.222293802749992098e-03
-2.849728240955560349e-03
-2.859024215236454902e-03
-2.182744638641675051e-03
-1.091169232425556789e-03
-1.377097623607431297e-04
7.865938121411755811e-05
-7.507096516492777361e-04
-2.429905704086308786e-03
-4.314310080824601372e-03
-5.595520102750400730e-03
-5.664097845288680079e-03
-4.399059947410764726e-03
-2.315875632398219086e-03
-4.520590833045542165e-04
1.047850580714005736e-04
-1.142796959472287604e-03
-3.712948246693427174e-03
-6.378003828893209423e-03
-7.880901730171259445e-03
-7.519468477152928786e-03
-5.395421221001304134e-03
-2.490701349730515494e-03
-2.755329723662778727e-04
8.757998561921060592e-05
-1.636839610475906547e-03
-4.597438243228237596e-03
-7.291604987848770807e-03
-8.455105582885086637e-03
-7.663661846989259542e-03
-5.348506342327368976e-03
-2.586173479612203455e-03
-6.169984868400808396e-04
-2.425134033486383981e-04
-1.499521399804843932e-03
-3.676326618673554820e-03
-5.627371469435953587e-03
-6.442041437139164189e-03
-5.890423577157364969e-03
-4.319012748822618174e-03
-2.373091906098694255e-03
-7.793815574360237700e-04
-1.409055755225973867e-04
-6.894868334037827307e-04
-2.189197005650607517e-03
-3.972895663949935555e-03
-5.219175584073896396e-03
-5.430405335911378702e-03
-4.616791856797719876e-03
-3.138178843731336248e-03
-1.536133872967128996e-03
-3.994250821914023032e-04
-1.812004812841709774e-04
-1.023782503699249185e-03
-2.615152493147225241e-03
-4.174197448623332210e-03
-4.887805643977323998e-03
-4.476845977936054315e-03
-3.223906699175236711e-03
-1.673919704415314548e-03
-4.472195007341995491e-04
-3.445941777663281074e-05
-6.024425616342015104e-04
-1.922028056864399145e-03
-3.405241487692046293e-03
-4.314357757062750598e-03
-4.216963978047617509e-03
-3.234507763713498005e-03
-1.845942346352031412e-03
-6.383922930553562365e-04
-1.112728694043925551e-04
-4.706411585465535940e-04
-1.556340943167915537e-03
-2.914445575999488006e-03
-3.934214572286569810e-03
-4.130922052555888874e-03
-3.436679149670428170e-03
-2.181802734202075052e-03
-8.924582372631866900e-04
-1.069735608553347975e-04
-1.729291372106984753e-04
-1.070444234312773217e-03
-2.424612655966129106e-03
-3.649540567463014674e-03
-4.184951498070589235e-03
-3.789961621329932927e-03
-2.663451682836098702e-03
-1.304483682692759907e-03
-2.962033159838899695e-04
-1.054795403076050104e-04
-8.796360903443571503e-04
-2.314678611140591393e-03
-3.754467073014983863e-03
-4.509723342621911081e-03
-4.226926813128753339e-03
-3.064711787707727515e-03
-1.564717013062559472e-03
-3.728631825123332336e-04
-3.936207246358498995e-06
-6.452687719402105948e-04
-2.034028867097083595e-03
-3.530878298184226324e-03
-4.426289904106881293e-03
-4.308082391085422264e-03
-3.259538886203641045e-03
-1.783401277232598203e-03
-5.417145165758872069e-04
-7.791370543730104660e-05
-6.220490780402957495e-04
-1.975200970732345507e-03
-3.540536528899962832e-03
-4.585003334517070116e-03
-4.626507619763266937e-03
-3.673497995766653989e-03
-2.169256276238479622e-03
-7.586813041700264963e-04
-3.563475949498253490e-05
-3.146661698531826924e-04
-1.492485606041888324e-03
-3.051760598806830659e-03
-4.269287322850189373e-03
-4.578797327834903223e-03
-3.861503954924569177e-03
