-3.326121506579470745e-10
1.089798851857007554e-12
1.434221943088200229e-09
2.789568613311305452e-09
3.988970543450459905e-09
1.690271712550220124e-09
-8.301207805014055621e-09
-2.983827477286248760e-08
-7.108794163658628015e-08
-1.402690147229882756e-07
-2.468605409441245505e-07
-4.026329469097788109e-07
-6.174924771884901801e-07
-9.034094329940344750e-07
-1.271742399845180908e-06
-1.729665018165517103e-06
-2.288392877175200162e-06
-2.957647870587016352e-06
-3.742372504453404611e-06
-4.650461973742862933e-06
-5.687527274809953881e-06
-6.855809173211858818e-06
-8.158137918642659553e-06
-9.596810239284827261e-06
-1.117247025946930197e-05
-1.288583034296883088e-05
-1.473919840346317253e-05
-1.673152184866395808e-05
-1.886312864582395248e-05
-2.113668199018251326e-05
-2.355044529823639807e-05
-2.610605528782087819e-05
-2.880626147045160494e-05
-3.165057433679872487e-05
-3.464083006559309726e-05
-3.777767355188638555e-05
-4.106018178586728023e-05
-4.448768315500175517e-05
-4.805785773609126384e-05
-5.176750738065141023e-05
-5.561193534690030154e-05
-5.958547472599723426e-05
-6.368049491142736482e-05
-6.788724691479582898e-05
-7.219623032589584559e-05
-7.659533445579760533e-05
-8.107180691847296809e-05
-8.561319485265103126e-05
-9.020499287515404733e-05
-9.483359362309151067e-05
-9.948472274308174353e-05
-1.041438847266142173e-04
-1.087981188343759307e-04
-1.134339283656511009e-04
-1.180392161448726428e-04
-1.226028094096715600e-04
-1.271138272527156169e-04
-1.315630548395255400e-04
-1.359415440196202508e-04
-1.402417050728894921e-04
-1.444571481770552776e-04
-1.485821008679568853e-04
-1.526124252697800524e-04
-1.565444113616570019e-04
-1.603758492978969925e-04
-1.641054916936556549e-04
-1.677326400987826528e-04
-1.712585517042111303e-04
-1.746847258210612770e-04
-1.780137475610171088e-04
-1.812492351208617168e-04
-1.843945133540659045e-04
-1.874536734927048794e-04
-1.904303052369845642e-04
-1.933273013673374174e-04
-1.961469908187471597e-04
-1.988900130749665532e-04
-2.015556529162575898e-04
-2.041411310579892453e-04
-2.066416653866424069e-04
-2.090506344862355366e-04
-2.113590858971539936e-04
-2.135566851086041253e-04
-2.156314385254338301e-04
-2.175700746447810439e-04
-2.193589388457742176e-04
-2.209836986493221599e-04
-2.224305085361876302e-04
-2.236862846395148519e-04
-2.247388723933181100e-04
-2.255779406554202812e-04
-2.261945216701776872e-04
-2.265812804820496729e-04
-2.267320752772783313e-04
-2.266410710300128454e-04
-2.263022648462161685e-04
-2.257078305011879071e-04
-2.248469385810890786e-04
-2.237039449728208957e-04
-2.222559882145250818e-04
-2.204708212631202623e-04
-2.183035086045253170e-04
-2.156935131000224139e-04
-2.125617661382847307e-04
-2.088081067968089151e-04
-2.043108099206222958e-04
-1.989276408566965416e-04
-1.925001108332862235e-04
-1.848607105311104721e-04
-1.758421389727733946e-04
-1.652884837916356931e-04
-1.530656762536546089e-04
-1.390704010540298925e-04
-1.232363660930355087e-04
-1.055367982269176026e-04
-8.598412287428038015e-05
-6.462628958428527669e-05
-4.154057325842663460e-05
-1.682538427034767801e-05
9.409939363064078954e-06
3.705540938241260975e-05
6.601004166073596387e-05
9.618906933834070277e-05
1.275272831387036184e-04
1.599789842144448801e-04
1.935142186259366810e-04
2.281128249419363632e-04
2.637573216633647155e-04
3.004248725366111955e-04
3.380795309135064901e-04
3.766646788478862401e-04
4.160969369722276379e-04
4.562629312573483384e-04
4.970194116659682609e-04
5.381976259799192914e-04
5.796106949504144235e-04
6.210628361845645399e-04
6.623592938186104520e-04
7.033152226459336289e-04
7.437631761727104673e-04
7.835580768363424728e-04
8.225791201622704735e-04
8.607287092411550124e-04
8.979280443140093704e-04
9.341105308150331361e-04
9.692140628934400566e-04
1.003173727399596935e-03
1.035916956877667603e-03
1.067361823468414295e-03
1.097419275195043922e-03
1.125998928010925066e-03
1.153017287904632964e-03
1.178407506960818833e-03
1.202128790931127024e-03
1.224174080875167639e-03
1.244574524070687915e-03
1.263399401149469881e-03
1.280751482578066595e-03
1.296757960306308159e-03
1.311558292177215793e-03
1.325290839367735708e-03
1.338080122713121304e-03
1.350026996786327354e-03
1.361202992072007602e-03
1.371649551292061439e-03
1.381382153952797134e-03
1.390398155379807483e-03
1.398687070782162487e-03
1.406241316711799279e-03
1.413065519352986856e-03
1.419183014336099224e-03
1.424638378409750572e-03
1.429496001592368316e-03
1.433835224483084956e-03
1.437743211569554418e-03
1.441307323132820810e-03
1.444608368967227868e-03
1.447716067621717621e-03
1.450687254478406647e-03
1.453566602175401009e-03
1.456389269644768961e-03
1.459184203959934751e-03
1.461976965126281008e-03
1.464791104984169371e-03
1.467647480562480960e-03
1.470561752173624604e-03
1.473540678112844919e-03
1.476578432513553927e-03
1.479654366235599308e-03
1.482733315013731431e-03
1.485769294051684977e-03
1.488712474201364048e-03
1.491518596071863796e-03
1.494159334156598771e-03
1.496631548785084219e-03
1.498963557680248193e-03
1.501216823466216968e-03
1.503482241109789898e-03
1.505871250162173734e-03
1.508502794060587356e-03
1.511484128627517062e-03
1.514898210351830771e-03
1.518795166037367750e-03
1.523176415611106945e-03
1.527997864553846388e-03
1.533180441853995105e-03
1.538611034173312459e-03
1.544158642932966967e-03
1.549698785950301546e-03
1.555122132450942720e-03
1.560333793120687084e-03
1.565260480818820481e-03
1.569838057673617884e-03
1.573968878746058366e-03
1.577506924774503723e-03
1.580253311752358733e-03
1.581947342218647731e-03
1.582337755853665314e-03
1.581286632820741011e-03
1.578853269096432057e-03
1.575392455965348489e-03
1.571581335491271762e-03
1.568341900407297556e-03
1.566716657354810024e-03
1.567699409410150185e-03
1.572044179838221227e-03
1.580110903422582641e-03
1.591769448899377128e-03
1.606337949440686443e-03
1.622602490929680704e-03
1.638948129833149754e-03
1.653548702824810196e-03
1.664647442080826158e-03
1.670876692674206796e-03
1.671507615379865365e-03
1.666618040044035931e-03
1.657118781519791983e-03
1.644626235348012940e-03
1.631239267314624252e-03
1.619252051271154050e-03
1.610852067202311281e-03
1.607841112590153825e-03
1.611406091484371850e-03
1.621956593747505941e-03
1.639043678248116274e-03
1.661391400569321762e-03
1.687027099482344902e-03
1.713501558427729925e-03
1.738175196697717799e-03
1.758505344564536676e-03
1.772319973723885007e-03
1.778042523800690182e-03
1.774855032144777821e-03
1.762820410364879242e-03
1.742936053108183267e-03
1.717121356410068181e-03
1.688123197443791058e-03
1.659309066697303367e-03
1.634365964068660660e-03
1.616915210925060206e-03
1.610081151053681251e-03
1.616069389395938596e-03
1.635799416309867719e-03
1.668646636779365757e-03
1.712330383300797324e-03
1.762992931358957956e-03
1.815488702176038536e-03
1.863874989569884325e-03
1.902090176699279718e-03
1.924730582006325226e-03
1.927832200410127062e-03
1.909552609552525333e-03
1.870623481609980272e-03
1.814506181778177598e-03
1.747201903115619273e-03
1.676708172545521335e-03
1.612176708141658480e-03
1.562849567468771027e-03
1.536891307656022701e-03
1.540258233707163076e-03
1.575751931981244367e-03
1.642397639106844137e-03
1.735248920108207072e-03
1.845683261509161854e-03
1.962179592465857284e-03
2.071508624359618810e-03
2.160226125770710152e-03
2.216295189504724050e-03
2.230663446977442822e-03
2.198609806989910032e-03
2.120677130085996728e-03
2.003060117390258188e-03
1.857348511126308797e-03
1.699597942010491703e-03
1.548783625049044831e-03
1.424760709570168206e-03
1.345934425102632368e-03
1.326892201902694739e-03
1.376274910583796113e-03
1.495163353586823540e-03
1.676219022347340401e-03
1.903762353356276997e-03
2.154873205312087068e-03
2.401492357018001397e-03
2.613377789201677161e-03
2.761631110044899910e-03
2.822422045229330042e-03
2.780458306868079967e-03
2.631736043798114412e-03
2.385160937933923555e-03
2.062714607616482083e-03
1.697999408499871032e-03
1.333181466223412647e-03
1.014552155599098221e-03
7.871356295286852621e-04
6.889334116070345605e-04
7.454935316813289135e-04
9.655122168157004520e-04
1.338109998210051596e-03
1.832283879133428254e-03
2.398822121930503128e-03
2.974700967321197796e-03
3.489658762072596950e-03
3.874315172642290792e-03
4.068947780426269457e-03
4.031869125447916369e-03
3.746336315468376532e-03
3.225028392084202788e-03
2.511310392347724726e-03
1.676794805899714481e-03
8.151013328870060880e-04
3.221182160424616522e-05
-5.656437645620662237e-04
-8.852021287294311669e-04
-8.589063823905067297e-04
-4.556210554770465343e-04
3.120398551841200370e-04
1.384903304308728218e-03
2.659812454022233118e-03
3.998030113687852174e-03
5.239178805410210464e-03
6.219453766998990149e-03
6.791952975471703818e-03
6.846534506877641028e-03
6.326797395561031302e-03
5.242237645916534954e-03
3.673916645809983776e-03
1.772039561809679717e-03
-2.558047049643357601e-04
-2.165709457409798876e-03
-3.705698235773235462e-03
-4.647164884347854130e-03
-4.814980672729814518e-03
-4.112749127027393557e-03
-2.541270135632892925e-03
-2.088573181206993348e-04
2.668855258389967334e-03
5.783117910548678069e-03
8.762544149421904252e-03
1.121756988272144123e-02
1.279111071588476603e-02
1.320559297285553955e-02
1.230009185629749209e-02
1.005747821123188258e-02
6.623488909802543491e-03
2.313585232411718290e-03
-2.404060557596834988e-03
-6.958349352678467117e-03
-1.075199489740660645e-02
-1.324538092994031850e-02
-1.402618800221592382e-02
-1.285436128645511648e-02
-9.689784530495461692e-03
-4.719102344736751491e-03
1.619006447474478569e-03
8.637184236360432102e-03
1.546329893203657498e-02
2.117023584140075368e-02
2.493392764583980681e-02
2.615737735931466384e-02
2.451718106636802466e-02
1.996082169761788025e-02
1.273987927254442189e-02
3.490546245071267286e-03
-6.735446850818259563e-03
-1.658580286157044364e-02
-2.465782367350647167e-02
-2.978747921480769112e-02
-3.125178885536474688e-02
-2.876889972285450250e-02
-2.238037267184181042e-02
-1.246879284937053162e-02
8.232221976056807605e-05
1.375985968363936836e-02
2.652168279298187242e-02
3.627960788292633465e-02
4.154887384510377174e-02
4.177318620758974088e-02
3.707479730458475287e-02
2.791358455301470864e-02
1.511331497956908652e-02
4.388795572439482205e-05
-1.531563890539169685e-02
-2.862354062225629103e-02
-3.778408007350667758e-02
-4.158117219058185543e-02
-3.991590140410643250e-02
-3.345664289717485695e-02
-2.310950764418130687e-02
-9.963984766724373610e-03
4.497183698036059593e-03
1.842837534380964773e-02
2.999267341292850483e-02
3.767047700944011618e-02
4.055140924923390788e-02
3.869216400924548743e-02
3.286598852968095064e-02
2.403164705684222510e-02
1.312726075824529985e-02
1.139687841636388742e-03
-1.075319810107948360e-02
-2.131937436314017970e-02
-2.941427801217839227e-02
-3.405015445348441583e-02
-3.473562861955686865e-02
-3.172385022912527913e-02
-2.567052981830205208e-02
-1.725684155232705755e-02
-7.159584837875710740e-03
3.797774167159985795e-03
1.460856029755493168e-02
2.412014367827631720e-02
3.105275890151966769e-02
3.431506965015621025e-02
3.348701485943605255e-02
2.895867793199926807e-02
2.151981622767355426e-02
1.201432538522063942e-02
1.385485346424784360e-03
-9.255839381081527525e-03
-1.874751292847401732e-02
-2.596823788516796488e-02
-2.993173309022474637e-02
-3.009062056259956611e-02
-2.656065021723772943e-02
-1.999394902187473858e-02
-1.124354614423460352e-02
-1.239784134183175490e-03
8.969753521496296247e-03
1.825436486442913800e-02
2.557243795975938302e-02
3.010534512890750483e-02
3.130355743828235754e-02
2.905501940862828189e-02
2.371130144420098215e-02
1.593540552215726505e-02
6.547578109225320707e-03
-3.507774634265001593e-03
-1.314896869195842331e-02
-2.125231259960250543e-02
-2.684229184883300118e-02
-2.926318413595239629e-02
-2.825537495077166950e-02
-2.398388446606438199e-02
-1.694873814523473188e-02
-7.878788942370214265e-03
2.338089949055739605e-03
1.263819695671850908e-02
2.179393935039792771e-02
2.858438598320691554e-02
3.205795756633490062e-02
3.179617563121051038e-02
2.792797157821362911e-02
2.098127342888428740e-02
1.175441075032350631e-02
1.250145178719714841e-03
-9.384048374252881158e-03
-1.890665321700557219e-02
-2.609811361050374048e-02
-2.999435009338773800e-02
-3.011755776829968742e-02
-2.657041649616192699e-02
-1.987349845637857715e-02
-1.079717640893954403e-02
-3.041837546781999487e-04
1.046158970203032654e-02
2.026476435161463779e-02
2.790693692492527203e-02
3.238678429200647635e-02
3.315272692210032707e-02
3.020930648237475993e-02
2.401730351054861060e-02
1.530997403699919414e-02
5.004943466239433758e-03
-5.810200655745051748e-03
-1.591751037652867212e-02
-2.409954929351768721e-02
-2.932071361799406736e-02
-3.091895153757080045e-02
-2.877977110248429102e-02
-2.327243089697213566e-02
