3.504205382989143414e-01
1.076401283164618583e+00
1.833170819433512122e+00
2.662781945404852468e+00
3.538536251072249783e+00
4.407346447501541142e+00
5.353402802938327376e+00
6.321152454654797026e+00
7.287963524767221202e+00
8.319007799588753471e+00
9.358928775096860164e+00
1.041674940827085827e+01
1.150797689265326085e+01
1.261841483731891955e+01
1.375076042551704170e+01
1.489234139445420446e+01
1.607151963408024642e+01
1.725946831655232216e+01
1.845394476046494603e+01
1.969107846688940100e+01
2.092457223757134699e+01
2.217495742715930263e+01
2.345526941247066333e+01
2.473491123947216863e+01
2.603616992035148314e+01
2.735137588557183363e+01
2.867987557238620866e+01
3.002211409306893586e+01
3.137345393552146078e+01
3.274833800896484348e+01
3.412530643176260980e+01
3.551809330279917276e+01
3.693244325363488656e+01
3.834633280667463850e+01
3.978263734871597990e+01
4.123257688192782666e+01
4.269018229589574531e+01
4.416867208459167671e+01
4.565784329265407848e+01
4.716482219215920679e+01
4.868600050851812711e+01
5.022367522927065409e+01
5.178309267883103217e+01
5.335379904434128662e+01
5.494976219664427930e+01
5.656588242073236472e+01
5.819836582235156186e+01
5.986073323312149341e+01
6.154277924568370395e+01
6.325063539627819864e+01
6.498766663983356295e+01
6.675000183297809997e+01
6.854491406330382119e+01
7.036851744885989035e+01
7.222661018528083332e+01
7.411951801253739802e+01
7.604512749935119587e+01
7.801256644986823119e+01
8.001586900803663127e+01
8.205944404470535858e+01
8.414767097238527072e+01
8.627551325685220718e+01
8.845013761617101977e+01
9.066975096254893174e+01
9.293518020256949796e+01
9.524954941987175516e+01
9.760996855612066270e+01
1.000207729670188428e+02
1.024789525182434033e+02
1.049849419554693242e+02
1.075407810252438594e+02
1.101409489562804822e+02
1.127884107372941003e+02
1.154801244589799865e+02
1.182127609952953264e+02
1.209876314378548443e+02
1.237993974381055580e+02
1.266479172695090654e+02
1.295306955797326793e+02
1.324446968987010393e+02
1.353903497518076904e+02
1.383633638088799955e+02
1.413643702477846773e+02
1.443917967881121172e+02
1.474429631656225013e+02
1.505195639374209406e+02
1.536183764297000209e+02
1.567394145545682136e+02
1.598825475237042610e+02
1.630452176720516206e+02
1.662284337444278322e+02
1.694300050516764884e+02
1.726495879569747842e+02
1.758869711284538084e+02
1.791400768016671350e+02
1.824100355241512261e+02
1.856951320652764537e+02
1.889951907905814892e+02
1.923108784599393744e+02
1.956404719378319896e+02
1.989851101894201406e+02
2.023440217631128633e+02
2.057166542916518495e+02
2.091035645858554517e+02
2.125031768742685472e+02
2.159157979261979960e+02
2.193403303310399224e+02
2.227756969737878876e+02
2.262219293274307006e+02
2.296772109092096912e+02
2.331415769616798741e+02
2.366142784032414284e+02
2.400941924799555807e+02
2.435815344359693597e+02
2.470747978964397475e+02
2.505734944852144963e+02
2.540767091894228713e+02
2.575828129753922440e+02
2.610912311730891133e+02
2.646000679930905903e+02
2.681082093425965240e+02
2.716143812688138155e+02
2.751166096201528717e+02
2.786140228697940415e+02
2.821046705407131299e+02
2.855871304663934325e+02
2.890601742218958066e+02
2.925218248809437682e+02
2.959710555230437308e+02
2.994061300613539629e+02
3.028255655524038730e+02
3.062281734928167225e+02
3.096121089799410129e+02
3.129762925140713037e+02
3.163191124423781275e+02
3.196390580249632762e+02
3.229349991055674991e+02
3.262051558797740540e+02
3.294483872243036444e+02
3.326632258225731107e+02
3.358481349957476709e+02
3.390019990878290059e+02
3.421231634927641494e+02
3.452104295537577627e+02
3.482624269120763074e+02
3.512776535585448414e+02
3.542550001103168142e+02
3.571929024434946314e+02
3.600901411412274911e+02
3.629454274382539438e+02
3.657572747896774104e+02
3.685245825814178602e+02
3.712458843748507320e+02
3.739199392728561406e+02
3.765455393675716209e+02
3.791212661371257013e+02
3.816460349033795865e+02
3.841184988374380964e+02
3.865374550316484488e+02
3.889017814312308019e+02
3.912101513117400486e+02
3.934615293354574419e+02
3.956546879282429927e+02
3.977884748755724900e+02
3.998618642698662597e+02
4.018736338532141303e+02
4.038228030291102186e+02
4.057082742727712912e+02
4.075289722932830614e+02
4.092839640291502405e+02
4.109721493906034766e+02
4.125926195147663407e+02
4.141443967605243301e+02
4.156264933579178660e+02
4.170380641745491062e+02
4.183781184319514068e+02
4.196458121458548476e+02
4.208402759569578393e+02
4.219606046529739842e+02
4.230060341970583409e+02
4.239756891272179473e+02
4.248688028173438624e+02
4.256846202879435168e+02
4.264223444688205973e+02
4.270813105045185694e+02
4.276607729160615463e+02
4.281600689865979348e+02
4.285785719371861546e+02
4.289156123714276987e+02
4.291706453201575755e+02
4.293430778348125045e+02
4.294323815757797433e+02
4.294380908524246934e+02
4.293597096348045170e+02
4.291968599517070402e+02
4.289491488498977105e+02
4.286162364447576465e+02
4.281978592521098221e+02
4.276937333263449545e+02
4.271036813070887774e+02
4.267798506660159319e+02
4.267580109331179301e+02
4.267093239487537630e+02
4.266905088438339817e+02
4.266907435927714687e+02
4.266677252383709060e+02
4.267122030004733801e+02
4.267732439659129682e+02
4.268283258611563724e+02
4.269433415082042416e+02
4.270625380781839340e+02
4.271945425322318215e+02
4.273572783197826652e+02
4.275397344752527715e+02
4.277505424747432130e+02
4.279823933514787200e+02
4.282664126781582468e+02
4.285734761265375141e+02
4.288935712972584042e+02
4.292500222947788870e+02
4.295804348411941760e+02
4.298876059579778257e+02
4.301707427642779180e+02
4.303904170903704198e+02
4.305661310241186470e+02
4.306935354619021723e+02
4.307792072185386587e+02
4.308335181793876814e+02
4.308616963170167082e+02
4.308871356337396605e+02
4.308958253801911269e+02
4.309059559405288837e+02
4.309263657199439876e+02
4.309366088072970911e+02
4.309594335005486982e+02
4.309859577971511158e+02
4.310095426466785966e+02
4.310424017434378356e+02
4.310735979081475193e+02
4.311093062691141995e+02
4.311450590333075752e+02
4.311821053467261891e+02
4.312246655544209375e+02
4.312613079541592924e+02
4.313044908471829899e+02
4.313479287328506757e+02
4.313864538709815974e+02
4.314317698807666375e+02
4.314723390216956318e+02
4.315126079464337181e+02
4.315542018726794140e+02
4.315918255248877244e+02
4.316310721194696498e+02
4.316666122385522044e+02
4.317027680465545814e+02
4.317384831261016416e+02
4.317704360943536699e+02
4.318063143147039114e+02
4.318391132255439970e+02
4.318720464112242325e+02
4.319081641549590813e+02
4.319414889447598398e+02
4.319778187199139552e+02
4.320140997176620203e+02
4.320499725447346577e+02
4.320871173483745338e+02
4.321215620132991262e+02
4.321566202928021312e+02
4.321887538536745410e+02
4.322184657959501237e+02
4.322482830337230553e+02
4.322740820886172628e+02
4.323004548040764803e+02
4.323263758563724082e+02
4.323509269631031202e+02
4.323775916806616806e+02
4.324035487913146198e+02
4.324311332051900649e+02
4.324602322349018095e+02
4.324902911661422991e+02
4.325236707092328743e+02
4.325576447247015039e+02
4.325936361566969026e+02
4.326300878361695368e+02
4.326640584550434028e+02
4.326966108849147759e+02
4.327243980768736833e+02
4.327479811825328397e+02
4.327683883024230909e+02
4.327851137790383973e+02
4.328012965248560704e+02
4.328168007925546590e+02
4.328329668442224829e+02
4.328506152979798571e+02
4.328686361504314846e+02
4.328891023006041792e+02
4.329117214215118565e+02
4.329382498819297211e+02
4.329711057437326645e+02
4.330097392037791337e+02
4.330547344481331606e+02
4.331026798798566801e+02
4.331487140355067140e+02
4.331882220967153216e+02
4.332156281540973168e+02
4.332298950527548982e+02
4.332321647679728471e+02
4.332269658128085439e+02
4.332213237714929619e+02
4.332196552202952375e+02
4.332252456803098539e+02
4.332369264223515302e+02
4.332509290299714735e+02
4.332650706790237791e+02
4.332788592862481778e+02
4.332976659283359595e+02
4.333300402157075837e+02
4.333838324305594938e+02
4.334626140918510941e+02
4.335593835466660266e+02
4.336580485058327099e+02
4.337364673835770077e+02
4.337740368892236233e+02
4.337620372932814234e+02
4.337070374340831904e+02
4.336315483694915542e+02
4.335655625686495682e+02
4.335335129971132915e+02
4.335445126701006302e+02
4.335861995731941647e+02
4.336313858954160310e+02
4.336525002871024981e+02
4.336379300527707983e+02
4.336043994557494443e+02
4.335938149703924864e+02
4.336576797098642828e+02
4.338315102024895964e+02
4.341091760130582315e+02
4.344331146886339639e+02
4.347059575606576232e+02
4.348270202847185146e+02
4.347388639126830299e+02
4.344606498524397580e+02
4.340925410404906870e+02
4.337818817256636521e+02
4.336629111663679623e+02
4.337918744336006398e+02
4.341072803918573868e+02
4.344467177452734177e+02
4.346221473754738440e+02
4.345222636132255047e+02
4.341874514099330895e+02
4.338150810187416937e+02
4.336917504052253207e+02
4.340710764373802704e+02
4.350331984366866891e+02
4.363831163299574882e+02
4.376647084488953965e+02
4.383366575049304288e+02
4.380411108432242031e+02
4.368092127779285647e+02
4.350909596036495373e+02
4.336123761694699965e+02
4.331166739446538259e+02
4.340203527732147677e+02
4.360821483617256149e+02
4.383616554440563959e+02
4.396757873733897100e+02
4.393031587958323030e+02
4.374010649071451553e+02
4.349223451841626797e+02
4.332484709647940235e+02
4.337543307902416814e+02
4.372436491629281363e+02
4.432055289779468694e+02
4.494905298409989882e+02
4.531966995355907670e+02
4.524290604969426113e+02
4.474627342796879361e+02
4.404325255022190504e+02
4.342871077304774872e+02
4.322341864297666234e+02
4.369468209426806879e+02
4.479194242657221139e+02
4.598416860561221142e+02
4.658357062176390855e+02
4.629713141527665812e+02
4.538544378288808616e+02
4.435166358637090980e+02
4.365573049883256544e+02
4.376423811790684795e+02
4.507625276379218917e+02
4.732694136093957127e+02
4.938163887630698810e+02
4.997835031377533710e+02
4.895062604374338662e+02
4.719884935068342884e+02
4.547991333378652143e+02
4.442465495870564496e+02
4.487019951404553240e+02
4.688753100945965571e+02
4.917888307051618426e+02
5.021898095340112604e+02
4.941499676264610912e+02
4.766557094954650324e+02
4.615994502289802881e+02
4.523432027556557387e+02
4.537349281680072863e+02
4.644337539636998144e+02
4.805816708150123304e+02
4.923176843954920514e+02
4.919264426610401415e+02
4.802054234573398617e+02
4.653071869747112146e+02
4.538592765322025571e+02
4.491096912734516877e+02
4.501005655249210236e+02
4.547739116956458929e+02
4.609001284490095713e+02
4.668630023865397334e+02
4.687471256353843501e+02
4.637192951610949763e+02
4.551506379318634572e+02
4.461830338478491171e+02
4.399667228051738448e+02
4.377347981069023604e+02
4.394981044099120595e+02
4.446966479899589899e+02
4.521338953950804580e+02
4.599334316015757054e+02
4.649147289069435942e+02
4.637996807244621209e+02
4.572310425147849742e+02
4.471763721961526130e+02
4.400711925735773207e+02
4.392093422511957783e+02
4.435458666795703380e+02
4.505528261877067848e+02
4.576705581410076888e+02
4.609211879924404798e+02
4.587846237488218435e+02
4.516119580318232920e+02
4.433013633380534202e+02
4.361924211045106858e+02
4.350958915709692860e+02
4.389984615392907585e+02
4.457948398701604447e+02
4.532572165855825119e+02
4.587579371783305646e+02
4.588662508337969257e+02
4.544881646146442336e+02
4.469296820483690453e+02
4.397260513007598206e+02
4.360109418649068402e+02
4.377879113708315799e+02
4.431630589235216462e+02
4.501951448650151519e+02
4.563139181459278575e+02
4.584785954833239998e+02
4.545268586586387300e+02
4.477567380232994196e+02
4.398076481713001158e+02
4.342611813611034677e+02
4.338582690246446987e+02
4.389026766549954459e+02
4.469237981697020814e+02
4.557626009319018863e+02
4.615725891818876789e+02
4.617580660244377668e+02
4.554014054619712510e+02
4.466293525418486752e+02
4.390968259499661599e+02
4.371451262404179943e+02
4.416656991371939966e+02
4.501266635347332681e+02
4.581858664817630142e+02
4.631181867090600122e+02
4.611409708577015749e+02
4.536749390804075119e+02
4.440126697323361782e+02
4.368072218092330559e+02
4.348887746375932011e+02
4.392105719430166459e+02
4.476684344599129872e+02
4.569481003503922238e+02
4.629302000672230974e+02
4.637427149480350295e+02
4.579805155990405297e+02
4.490214758219277655e+02
4.407583338266290980e+02
4.375248577659565967e+02
4.403388883728236465e+02
4.477624859915362663e+02
4.561507817233181754e+02
4.624298933609513824e+02
4.625063944503546054e+02
4.568066156089375340e+02
4.475599085406553286e+02
4.391322870946327726e+02
4.347728403341477019e+02
4.365542841383976906e+02
