5.457494311500000350e+01
2.796267323300000029e+01
2.696087388500000159e+01
2.791782061800000037e+01
2.746451555400000188e+01
2.682177892700000044e+01
2.807008529600000202e+01
2.840066955300000018e+01
2.812228679100000051e+01
2.820015078000000130e+01
2.827307147500000184e+01
5.532071570100000457e+01
5.546080754500000154e+01
5.516061777900000607e+01
5.526443790400000466e+01
5.527762688000000679e+01
5.522814506400000312e+01
5.521115238600000197e+01
5.507697594500000093e+01
5.518747041300000689e+01
5.524478157300000447e+01
5.551996248100000031e+01
5.526498389300000014e+01
5.518275122000000010e+01
5.513632714300000259e+01
5.547347747500000281e+01
5.520316873300000537e+01
5.553672718400000008e+01
5.555945950000000266e+01
5.549539643300000336e+01
5.553702184400000164e+01
5.494178820000000485e+01
5.511113053200000422e+01
5.502409434300000157e+01
5.415759831600000496e+01
5.113719577400000560e+01
3.186732385100000187e+01
3.219082082399999933e+01
3.334251091200000161e+01
5.362027931200000097e+01
5.309161853600000569e+01
5.330119726400000246e+01
5.346660641100000078e+01
5.324124696300000181e+01
5.332224041799999981e+01
5.385784074900000462e+01
5.268267367600000028e+01
5.352207302600000105e+01
5.315328754000000089e+01
5.327687373200000565e+01
5.371586322300000660e+01
5.316184672900000407e+01
5.280127061400000343e+01
5.277297489300000422e+01
5.348762009100000370e+01
5.323999839300000048e+01
5.324631717500000150e+01
5.361368006300000388e+01
5.407568177300000656e+01
5.388171881500000637e+01
5.447079588600000477e+01
5.378705030500000106e+01
5.438948746000000511e+01
5.397309357100000682e+01
5.459652543100000344e+01
5.395026398400000289e+01
5.424371329300000610e+01
5.424080060900000433e+01
5.441405298000000101e+01
5.385607881200000691e+01
5.379624477200000143e+01
5.438438838000000430e+01
5.396569444700000417e+01
5.420290754100000186e+01
5.398623206600000657e+01
3.774772936000000101e+01
3.246808392000000509e+01
3.265511125200000464e+01
3.249779126600000012e+01
3.291457000000000477e+01
3.246946368900000124e+01
3.295058096800000413e+01
3.256154479500000321e+01
3.313535130500000037e+01
3.261120415399999928e+01
3.292198641200000253e+01
3.708204922800000247e+01
3.281762773900000241e+01
3.255628153400000002e+01
3.272255299900000125e+01
3.273372553100000459e+01
3.283651159200000080e+01
3.261581556600000198e+01
3.271232400200000257e+01
3.270239974700000118e+01
3.260403506700000520e+01
3.300907214200000084e+01
3.249915852600000221e+01
3.295870740699999857e+01
3.257274845599999935e+01
3.307763752700000026e+01
3.255272006599999912e+01
3.302781101400000097e+01
3.249078681900000021e+01
3.285148314900000344e+01
3.283351758599999926e+01
3.262931838600000134e+01
3.280315034899999915e+01
3.259141261700000314e+01
3.259018465600000525e+01
3.280332956200000183e+01
3.254870417100000424e+01
3.339987291799999980e+01
3.255527380400000226e+01
3.276885903000000155e+01
3.280987079100000159e+01
3.284626155000000125e+01
3.261024285199999895e+01
3.277609638799999914e+01
3.251436652499999980e+01
3.285430543900000089e+01
3.260296249099999955e+01
3.278052045500000133e+01
3.269870736100000386e+01
3.277692761800000198e+01
3.256818378799999891e+01
3.307081221199999987e+01
3.245989860800000315e+01
3.297271026800000016e+01
4.282449869900000294e+01
5.412923586900000572e+01
5.461241480800000403e+01
5.441555733400000605e+01
5.401495685700000138e+01
5.482123375500000151e+01
5.418728176200000490e+01
5.488288589400000461e+01
5.396683977700000412e+01
5.433136556500000580e+01
5.424392766000000421e+01
5.425072914800000490e+01
5.500923423000000412e+01
5.399053795100000031e+01
5.455175581700000009e+01
5.419020054300000311e+01
5.424969384600000666e+01
5.484857074100000318e+01
5.433264175000000051e+01
5.464475733900000165e+01
5.426797109299999988e+01
5.417517596200000440e+01
5.477884006000000028e+01
5.399171271500000557e+01
5.487555689800000636e+01
5.415450921400000084e+01
5.423374486600000211e+01
5.420295365000000487e+01
5.383690959700000178e+01
5.434978921300000110e+01
5.353612536100000341e+01
5.433593353600000597e+01
5.368787938100000190e+01
5.446915168900000026e+01
5.364680964100000438e+01
5.428579200000000071e+01
5.389415605100000306e+01
5.381268434000000411e+01
5.427523067900000342e+01
5.374159015700000452e+01
5.399690333700000622e+01
5.410940173300000566e+01
5.327130908100000539e+01
5.412755558400000666e+01
5.357594101700000522e+01
5.383867206800000105e+01
5.448276303600000148e+01
5.373997590100000110e+01
5.410522813400000075e+01
5.378487265000000406e+01
5.417569751900000341e+01
5.374317909100000179e+01
5.419875511100000409e+01
5.377899755700000384e+01
5.347687150600000194e+01
5.398020194400000094e+01
5.342138479500000159e+01
5.348598301100000185e+01
5.434028643999999986e+01
5.359311823500000571e+01
5.386658164600000021e+01
5.348616833800000592e+01
5.308600091200000293e+01
5.395940563100000276e+01
5.309764294400000040e+01
5.328418183000000141e+01
5.369048627900000525e+01
5.309450086500000054e+01
5.408770418600000340e+01
5.324046353800000020e+01
5.302337513800000579e+01
2.719187162100000066e+01
2.750863609200000326e+01
2.744907769000000286e+01
2.692335866000000166e+01
2.732492214600000224e+01
2.719001496500000314e+01
2.721947132700000083e+01
5.301322971100000103e+01
5.246684758000000670e+01
5.336752348899999987e+01
5.242352705800000479e+01
5.282637202600000137e+01
2.723711166200000022e+01
2.732486983000000080e+01
2.722903004100000146e+01
2.685468787400000323e+01
2.735608398400000141e+01
5.322866179000000386e+01
5.340727573000000206e+01
5.272156716900000362e+01
5.311488219900000018e+01
5.304743550600000646e+01
5.274596390900000387e+01
5.270540122000000594e+01
5.265527115100000088e+01
2.747756417700000142e+01
5.241780653700000414e+01
5.285321372300000320e+01
5.296760059500000040e+01
5.321785523400000528e+01
5.259783466600000423e+01
5.287942119400000252e+01
5.346686726400000111e+01
5.268507878900000208e+01
2.702117038500000135e+01
4.283219892400000361e+01
4.388563121300000347e+01
5.307135155200000298e+01
5.284404946800000147e+01
5.347221486600000162e+01
5.309608864500000180e+01
5.357169740600000551e+01
5.283276915500000115e+01
2.732221839600000024e+01
5.312852308100000442e+01
5.336307797300000288e+01
5.312731374400000561e+01
5.328718070400000073e+01
5.344158484500000128e+01
5.290465385700000667e+01
5.336903682000000515e+01
5.263251799500000061e+01
5.314111795300000551e+01
5.325694369900000424e+01
5.335992105100000060e+01
5.372270040000000080e+01
5.366928865500000256e+01
5.390376557100000099e+01
5.293913940700000609e+01
5.355201878500000134e+01
5.247006423000000552e+01
5.303620317300000409e+01
5.254797718600000422e+01
5.332581683000000083e+01
5.298057470400000568e+01
5.298425778900000438e+01
5.333896377399999977e+01
5.000295761200000300e+01
3.196170504200000195e+01
3.182307045700000359e+01
3.345389754800000048e+01
5.257504621400000389e+01
5.287237374900000475e+01
5.327589563700000497e+01
5.327333247100000335e+01
5.353421989800000347e+01
5.340792563400000148e+01
5.357194286900000435e+01
5.303335046000000119e+01
5.277416864900000348e+01
5.321271698700000030e+01
5.310386067200000326e+01
5.381914934400000305e+01
5.319310696100000513e+01
5.315813327800000110e+01
5.356054643000000226e+01
5.321185996500000215e+01
5.401275017900000108e+01
5.338778218900000638e+01
5.353723288200000496e+01
5.361097364000000454e+01
5.375130835000000218e+01
5.425534637700000218e+01
5.365661128700000404e+01
5.477125822100000363e+01
5.356915429100000381e+01
5.385158272800000390e+01
5.365317850500000674e+01
5.282294325700000570e+01
5.396863704300000109e+01
5.360893104300000545e+01
5.420695419900000189e+01
5.459373157400000309e+01
5.399926534300000469e+01
5.468455050500000425e+01
5.405323331000000309e+01
5.363681239300000669e+01
5.297698537500000526e+01
5.347444753800000683e+01
5.446020485300000047e+01
5.390627505800000563e+01
5.420335442400000403e+01
5.417001390700000485e+01
5.396811596400000610e+01
5.431710867000000320e+01
5.426353633700000501e+01
5.311190269200000103e+01
5.371937472300000138e+01
5.391125684800000073e+01
7.944126244100000633e+01
7.901864932600000202e+01
7.335206384500000354e+01
4.797411400400000048e+01
4.778217871000000372e+01
3.227175054199999948e+01
3.242327228500000302e+01
3.261075933400000082e+01
4.773143181100000021e+01
4.828030405300000183e+01
5.756866799500000553e+01
7.845760313400000996e+01
7.865782656900000802e+01
7.822289399000000287e+01
7.847808654100001036e+01
5.339526352000000031e+01
5.295542720600000308e+01
7.851587351900001011e+01
7.900528836899999874e+01
7.924513832300000615e+01
7.910009824000000833e+01
7.894207159200000490e+01
7.883929074899999989e+01
7.832088011599999788e+01
5.309922138000000302e+01
5.350433521000000070e+01
7.985148773299999903e+01
7.987196826800000338e+01
7.972818281200000001e+01
7.925410677800000769e+01
7.887802540100000215e+01
7.914047483600000987e+01
7.927756937200000209e+01
7.910282855700000937e+01
5.355325577600000031e+01
7.932670830200000012e+01
1.046166877580000119e+02
1.063560746160000008e+02
1.100867328440000108e+02
8.288589069000001075e+01
8.345763040300001023e+01
8.356150538500000380e+01
8.293523570000000689e+01
5.598428040699999997e+01
8.263793351000001053e+01
1.096109218670000018e+02
1.100479741330000110e+02
1.093051412700000071e+02
8.366696424799999932e+01
8.359162106800000913e+01
8.171789735200000848e+01
5.275163619100000290e+01
5.581604272400000610e+01
8.342393822300000750e+01
1.096885328460000011e+02
1.097598217180000120e+02
1.100970734310000125e+02
8.371861154400001226e+01
8.323806752800000197e+01
8.384137153400000386e+01
8.353430698600000426e+01
5.597182715500000683e+01
8.294539011199999834e+01
1.099698831320000068e+02
1.371292531670000017e+02
1.117725209390000032e+02
1.117578268180000123e+02
8.481182470200000978e+01
8.395800179400001184e+01
8.471766520500000297e+01
8.383927534500000434e+01
8.417988419400001021e+01
1.389613880510000001e+02
1.393174777870000014e+02
1.121057653410000086e+02
1.120889903840000130e+02
1.391043492230000140e+02
8.446165974500000573e+01
8.459622493199999838e+01
7.907844562100000019e+01
8.495297769700000856e+01
1.386544985550000035e+02
1.392613778000000195e+02
1.387887566410000204e+02
1.120949694140000048e+02
1.119784747370000133e+02
8.422652993700000934e+01
8.482593694999999911e+01
8.465456567300000756e+01
8.448792492600000514e+01
1.386970965229999990e+02
1.384433876020000014e+02
1.384185124410000185e+02
1.397304354300000000e+02
1.386852155690000075e+02
8.473615150999999912e+01
8.407155671800001073e+01
8.468370075200000713e+01
8.441575723100000062e+01
1.115284384580000108e+02
1.116853193510000040e+02
1.119223504210000044e+02
1.118403510700000112e+02
8.496433815400000356e+01
8.531984179500000209e+01
8.570275642900000435e+01
8.450646345799999892e+01
8.541190275099999951e+01
8.488969724500000780e+01
1.123149885160000139e+02
1.120588568880000082e+02
1.120605526550000093e+02
1.123839319970000048e+02
8.590251960900000938e+01
8.507106319800000449e+01
8.480729737000000057e+01
8.412389977600000179e+01
8.548670753900000818e+01
1.125577108470000098e+02
1.124954209320000018e+02
8.567705830799999944e+01
8.568274802500000931e+01
8.541347660700000688e+01
8.552429131099999893e+01
8.585018767900000114e+01
8.413700067999999987e+01
8.524887103500000762e+01
1.124311939090000010e+02
1.126923009070000035e+02
1.127141702500000093e+02
1.125942234530000121e+02
6.249314975500000457e+01
4.911436291100000062e+01
4.894795602000000656e+01
4.855212343000000175e+01
4.847272194100000320e+01
4.972382524000000359e+01
6.440211428000000637e+01
6.557013655299999755e+01
4.901340074700000571e+01
4.999806886600000411e+01
4.907663883800000093e+01
4.983860340300000047e+01
5.791625315300000665e+01
8.508224676100000750e+01
8.602056864700000460e+01
9.292060839900000246e+01
6.448600893700000825e+01
6.472059714800001018e+01
1.038378972690000097e+02
8.563421299400000919e+01
8.521012064600000713e+01
8.515747179500000641e+01
8.457194614000000854e+01
8.491500255300000788e+01
1.122229711250000008e+02
1.126173713030000130e+02
8.594306561800000566e+01
8.609315875300001153e+01
8.492417599600000244e+01
8.568662656600000105e+01
8.515733858600000872e+01
8.501089316800000972e+01
8.562452327900000171e+01
1.125759985380000074e+02
1.125543417770000048e+02
1.133265787100000068e+02
1.127415756000000044e+02
8.618038201800000309e+01
7.149202812200000778e+01
4.864670856500000440e+01
4.888593149200000454e+01
4.927038298800000149e+01
6.384809587900000594e+01
6.522101936400000000e+01
4.952295546200000587e+01
4.964580648600000501e+01
4.939270120000000475e+01
4.956598005100000393e+01
4.930575089400000621e+01
4.856838275100000146e+01
4.920878315700000627e+01
