-6.000997149690628918e-04
-9.294914966616607543e-04
-1.887770310410014085e-03
-3.061556006541121810e-03
-3.662222789632518793e-03
-5.619704919071044635e-03
-7.076397316698290751e-03
-8.760752781472591622e-03
-1.138215300476275171e-02
-1.343793605934429092e-02
-1.600714051527729609e-02
-1.861217134131187834e-02
-2.142801025624718747e-02
-2.433081038852114020e-02
-2.681037027219734803e-02
-2.999311216741529229e-02
-3.241621833900132366e-02
-3.470606323209013411e-02
-3.748368231909093851e-02
-3.920113651735057658e-02
-4.138874283360172157e-02
-4.353404821443085382e-02
-4.498269822322753519e-02
-4.695115524469972712e-02
-4.858494983607264395e-02
-5.020205176568071082e-02
-5.194279792867284584e-02
-5.367224807832471356e-02
-5.574189568413867590e-02
-5.759567890183703298e-02
-5.984728034011332909e-02
-6.219712777512276247e-02
-6.437010870057591205e-02
-6.706967062843771643e-02
-6.951464203515067553e-02
-7.205360069655197819e-02
-7.483645788817439026e-02
-7.722235435427471373e-02
-7.977004935884046688e-02
-8.210701153007260444e-02
-8.421820379754940689e-02
-8.634054911684874156e-02
-8.804007568406424511e-02
-8.974888007018222424e-02
-9.119231692002127687e-02
-9.233324170224577188e-02
-9.349013571286102220e-02
-9.428058408097061971e-02
-9.507306027962236783e-02
-9.574887841944512701e-02
-9.626671178491363889e-02
-9.690365774445730551e-02
-9.735540057346758758e-02
-9.791870909181277227e-02
-9.849219059829028566e-02
-9.899793283857061255e-02
-9.972447139575635333e-02
-1.003205994868201500e-01
-1.009729942187327367e-01
-1.016570234606462009e-01
-1.020901941293388404e-01
-1.024441245653404664e-01
-1.024134888125765031e-01
-1.018926500721626383e-01
-1.007436881765482184e-01
-9.857352847648304106e-02
-9.524657420909576899e-02
-9.027291040623097729e-02
-8.332531983627156080e-02
-7.402401715603357246e-02
-6.176590786444613457e-02
-4.628432916136215880e-02
-2.698698064375903982e-02
-3.444699710809295823e-03
2.462405868717087998e-02
5.772789016325763356e-02
9.601847721871958896e-02
1.397691543909784784e-01
1.891735724762417803e-01
2.442417949459994020e-01
3.051483114372883776e-01
3.718236295191346130e-01
4.442872869723748508e-01
5.225364969238350810e-01
6.064177080937724895e-01
6.959463091659348066e-01
7.909420755835245842e-01
8.912723845476495654e-01
9.968275274127638141e-01
1.107320044624527711e+00
1.222596894133875622e+00
1.342345554214876557e+00
1.466255932071974577e+00
1.594057033132604495e+00
1.725321508157497519e+00
1.859752015997426788e+00
1.996946186208211849e+00
2.136488036619946129e+00
2.278026398594131585e+00
2.421066936141684778e+00
2.565194970690319209e+00
2.709927963967814435e+00
2.854726871997708137e+00
2.999097209523476693e+00
3.142398111454370202e+00
3.283977034705507947e+00
3.423030058743596449e+00
3.558541015804292940e+00
3.689341234612777853e+00
3.813918121302740438e+00
3.930565575721989724e+00
4.037392229937491805e+00
4.132390701328920279e+00
4.213726276128041626e+00
4.279766187115165543e+00
4.329301956260264816e+00
4.361608894326983510e+00
4.376357351485302694e+00
4.373639182476178888e+00
4.353762491258331480e+00
4.317215038242760095e+00
4.264618307507328510e+00
4.196618767471047562e+00
4.113931243086950573e+00
4.017190257860637104e+00
3.906894794073168420e+00
3.783383292108573492e+00
3.646758510193272684e+00
3.497011489506753890e+00
3.334068173242190625e+00
3.157886762325454288e+00
2.968586922570675579e+00
2.766455000076758264e+00
2.552037422623501417e+00
2.326156653511260330e+00
2.089917376965633622e+00
1.844759997857703837e+00
1.592387043821121395e+00
1.334721974346953832e+00
1.073796133154719001e+00
8.115889856781941525e-01
5.499526213144529940e-01
2.904993861268909683e-01
3.458140582477087221e-02
-2.166933236203076873e-01
-4.624600952006492349e-01
-7.020149096658574450e-01
-9.347726136268885710e-01
-1.160189193437254129e+00
-1.377663098881457326e+00
-1.586497811173595007e+00
-1.785839340726000923e+00
-1.974695943675019549e+00
-2.152005068774049956e+00
-2.316712648110548667e+00
-2.467916287374575024e+00
-2.604956656616580712e+00
-2.727497022560581907e+00
-2.835574526393175532e+00
-2.929576939842418959e+00
-3.010216454466433600e+00
-3.078434745558563890e+00
-3.135285739038304431e+00
-3.181823836099369807e+00
-3.218966249233382371e+00
-3.247415442475397818e+00
-3.267608364024068734e+00
-3.279718299769380785e+00
-3.283729441454323439e+00
-3.279517207598515505e+00
-3.266966097752999509e+00
-3.246068471372856923e+00
-3.216987100739200134e+00
-3.180099848999785817e+00
-3.135976494197461051e+00
-3.085333038538697004e+00
-3.028956246416951270e+00
-2.967605152478299146e+00
-2.901941571696648126e+00
-2.832468221508768647e+00
-2.759516528352775389e+00
-2.683280710303214356e+00
-2.603873549073804305e+00
-2.521418043756055383e+00
-2.436119640999079738e+00
-2.348316767089027035e+00
-2.258496625734276453e+00
-2.167252034028487984e+00
-2.075214882571714270e+00
-1.982956915510320162e+00
-1.890889632279617150e+00
-1.799194249260126277e+00
-1.707779468679532897e+00
-1.616304165759474998e+00
-1.524248180044791567e+00
-1.431024089566279578e+00
-1.336119963530878252e+00
-1.239224677494072502e+00
-1.140328044108380734e+00
-1.039763251789035170e+00
-9.394708316515227864e-01
-8.394358771374550443e-01
-7.406969444692488302e-01
-6.448993366583137821e-01
-5.512839991779769910e-01
-4.619907606700000002e-01
-3.773512456788776781e-01
-2.959391140254150621e-01
-2.182624837520616978e-01
-1.432942127972456348e-01
-6.932696531099313830e-02
3.810310133196104232e-03
7.623687736692863481e-02
1.486815830376571057e-01
2.206357533455349795e-01
2.905821718624475025e-01
3.585729882146129199e-01
4.238087583645944179e-01
4.867308367801368441e-01
5.523167665517405567e-01
6.260197900081081457e-01
7.155484809756851305e-01
8.289512985480498308e-01
9.676809818122111828e-01
1.127549648043829844e+00
1.297111073448209417e+00
1.458900943117172666e+00
1.596252332617317471e+00
1.696534043853747065e+00
1.754313832085904412e+00
1.772451484413694711e+00
1.760187912397287224e+00
1.730942213529363727e+00
1.700278199371881627e+00
1.685224078978566631e+00
1.701884867736877638e+00
1.763862709302738363e+00
1.880516867501578648e+00
2.052475484976900688e+00
2.272228618744354556e+00
2.525013673118555957e+00
2.790508907184283238e+00
3.049416951767409678e+00
3.285196335912085264e+00
3.486076470631916724e+00
3.646540028546685797e+00
3.764512030506123708e+00
3.841705037258630551e+00
3.883229190586693136e+00
3.897301960890153794e+00
3.895954598110947575e+00
3.893853344378248149e+00
3.907314402210205539e+00
3.951903646828700989e+00
4.041271849343559097e+00
4.186444802507844898e+00
4.394214306580920493e+00
4.667839449269830965e+00
5.004883579045872999e+00
5.395227064683094653e+00
5.821227443289987313e+00
6.256304582789433688e+00
6.667827278287836279e+00
7.021728580360348637e+00
7.286616969054347415e+00
7.440116845911061816e+00
7.472656615185911733e+00
7.389758167745662298e+00
7.213226550906965961e+00
6.979463910050414555e+00
6.736763322264467391e+00
6.539945944931417898e+00
6.443957692144089755e+00
6.496122563081536683e+00
6.727904929980239146e+00
7.149753281669189775e+00
7.747092855125321975e+00
8.480866468606517827e+00
9.292090851374728899e+00
1.010757708763339657e+01
1.084921922781967929e+01
1.144312489040055958e+01
1.182812013858058187e+01
1.196461382037782073e+01
1.184037748405653545e+01
1.147423684541532296e+01
1.091649814969268917e+01
1.024486257174573645e+01
9.557334672621967897e+00
8.961596884285583542e+00
8.563189405895123230e+00
8.452968720792309654e+00
8.695417062291918242e+00
9.319590794274716927e+00
1.031198752761626203e+01
1.161444053637108276e+01
1.312645936863431473e+01
1.471226144442257677e+01
1.621407880964882153e+01
1.746867966660721905e+01
1.832669736332115562e+01
1.867296983317798720e+01
1.844390397073490462e+01
1.764101610322204294e+01
1.633777260475631365e+01
1.467779817973012868e+01
1.286463252512281485e+01
1.114243476284378076e+01
9.769716081564180143e+00
8.987976361447120865e+00
8.989067939019481202e+00
9.885342709281438545e+00
1.168640708231252923e+01
1.428801872761850689e+01
1.747447166073455094e+01
2.093588005656759776e+01
2.429938143653440719e+01
2.716951811083934842e+01
2.917502133886661042e+01
3.001718875324858260e+01
2.951406690398468413e+01
2.763571307678036248e+01
2.452341355148483260e+01
2.048776217349838191e+01
1.598453287627263109e+01
1.157007763762289976e+01
7.841928712249941036e+00
5.370203908903995682e+00
4.625529481303279233e+00
5.909319231243163273e+00
9.295751707926577012e+00
1.459799355151020173e+01
2.136820854387653768e+01
2.893569607142145017e+01
3.647606071490055513e+01
4.309813844870207333e+01
4.793929619165317035e+01
5.026498662427607655e+01
4.957110033097768564e+01
4.568044726973813141e+01
3.880994329626325623e+01
2.958265781365125946e+01
1.897460389889654664e+01
8.210601611657203591e+00
-1.361159957189402192e+00
-8.398222253283835315e+00
-1.170439839784948610e+01
-1.039896222539902837e+01
-4.104023691368706039e+00
6.906253449186245064e+00
2.167175691019506090e+01
3.866624613844803804e+01
5.602195583113068267e+01
7.175230444932822138e+01
8.390182598327385222e+01
9.066382735656803504e+01
9.058284093362433964e+01
8.289237151202479481e+01
6.786109553397358241e+01
4.690834153374638049e+01
2.235436323390871394e+01
-3.050614445630888127e+00
-2.648577273035788693e+01
-4.511758923689758660e+01
-5.605001833116203613e+01
-5.659187058364067724e+01
-4.504380977376285244e+01
-2.166098045960488250e+01
1.095691617853794497e+01
4.855935602905219639e+01
8.667232081861372706e+01
1.216553491110901462e+02
1.504489224573202080e+02
1.694001014918779902e+02
1.739008973430335345e+02
1.600860075177561725e+02
1.276399725199473778e+02
8.113796465920705714e+01
2.814171573853393227e+01
-2.473304600505737483e+01
-7.403110851208177223e+01
-1.173012331785220965e+02
-1.488422170392452131e+02
-1.589734529276726676e+02
-1.389399285807421052e+02
-8.821060910419386403e+01
-1.765767407284711510e+01
5.579488337477103244e+01
1.205529308687574996e+02
1.774026176982322909e+02
2.319082953773032898e+02
2.789762516638319880e+02
2.988402883098098073e+02
2.717079922987459213e+02
1.980012615153935940e+02
1.024516266236811646e+02
1.537235064845333454e+01
-5.308899669812136324e+01
-1.152684097266846095e+02
-1.798450438360188173e+02
-2.293073316998655571e+02
-2.327729035903927297e+02
-1.784213208351583262e+02
-8.710724949650114013e+01
2.487520337928174285e+00
5.980087671644001546e+01
9.372972516370872142e+01
1.339444009181373190e+02
1.859778232654828116e+02
2.216753840976305128e+02
2.109191636376221197e+02
1.588838024941173899e+02
9.840378985052159067e+01
4.481550476908302016e+01
2.397373418932403411e+00
-2.451069023607615804e+01
-5.108257861455282978e+01
-8.358643527716898802e+01
-1.024433529468743416e+02
-9.068055413745423721e+01
-6.010418899069259169e+01
-3.234818222701132129e+01
-8.328825241097831622e+00
1.277100644731568480e+01
3.070565035453583391e+01
5.345163481188227195e+01
8.830349759052604952e+01
1.321401242002444860e+02
1.570275541317119234e+02
1.433892081066222488e+02
1.110535221544923274e+02
7.738514457631835342e+01
4.302297611748822703e+01
1.109750314384653791e+01
-1.941007280663698964e+01
-5.883534637599646544e+01
-1.108757073796245862e+02
-1.525830818337417725e+02
-1.525451310950340371e+02
-1.108039066849613477e+02
-5.678482341442058612e+01
-1.260106222767667816e+01
2.090826868079192025e+01
4.628202351697807160e+01
6.843790298519400039e+01
9.853673610410345418e+01
1.336799235077632488e+02
1.504232807219385677e+02
1.329908715166811817e+02
9.142187762946295493e+01
4.620743015798651498e+01
7.329584320575548873e+00
-2.642454658985217009e+01
-5.672559173357524998e+01
-8.459833207189480220e+01
-1.099640566345103423e+02
-1.260975634477720888e+02
-1.196433786027550923e+02
-8.779284163337239022e+01
-4.558080819690118801e+01
-6.527622022886532704e+00
2.747997341840354579e+01
5.992052704780586225e+01
9.481254653085767359e+01
1.290969696091617323e+02
1.525547565441403606e+02
1.544978003259612365e+02
1.289521892425860017e+02
8.426674537614238147e+01
3.691615959023607019e+01
-3.923906522182079470e+00
-4.115719710882412130e+01
-8.242015480495398094e+01
-1.259301698558616920e+02
-1.561311179105204019e+02
-1.560000884729687982e+02
-1.236438530592311338e+02
-7.264966028210488957e+01
-2.068252236266123134e+01
2.052545381252595291e+01
5.096732809062945080e+01
8.103613452010547746e+01
1.167887763747402374e+02
1.481953973387787471e+02
1.573743528355975627e+02
1.352323902045301907e+02
9.158412036484969576e+01
4.281733581262449206e+01
-8.005517045152430455e-01
-3.706431356752101181e+01
-7.102530009390599730e+01
-1.078232331794494172e+02
-1.404167376855457121e+02
-1.510958992912851215e+02
-1.305707094103549082e+02
-8.743148120876008988e+01
-3.849035833666827955e+01
3.728370508778468206e+00
3.672290999728784300e+01
6.721935041913704367e+01
1.015402113801299322e+02
