9.999946355598681169e-01
9.999866376516091115e-01
9.999821197932836636e-01
9.999750526462423128e-01
9.999687218069371886e-01
9.999633073356175572e-01
9.999559948651407515e-01
9.999508741160064718e-01
9.999439554369371486e-01
9.999377899700878647e-01
9.999323786739372499e-01
9.999249630810095324e-01
9.999198931273316493e-01
9.999133680629437304e-01
9.999067759177249215e-01
9.999016000424789663e-01
9.998945184472022296e-01
9.998889992514715663e-01
9.998828648118227580e-01
9.998763917147952540e-01
9.998710674824624611e-01
9.998643058822628271e-01
9.998588177382377040e-01
9.998528509720800983e-01
9.998464346447966111e-01
9.998412936689953234e-01
9.998347883814745485e-01
9.998292042492641363e-01
9.998236303960759130e-01
9.998173611982664744e-01
9.998122073798053622e-01
9.998021280905832198e-01
9.997815315266469494e-01
9.997598144523314190e-01
9.997369992282029161e-01
9.997130289181491714e-01
9.996879670928163764e-01
9.996617946059729309e-01
9.996345294824341421e-01
9.996062294974139562e-01
9.995768888385695439e-01
9.995465944646042544e-01
9.995153818895302633e-01
9.994833145868160518e-01
9.994504984425864880e-01
9.994169754108784831e-01
9.993828717591790589e-01
9.993482705573821789e-01
9.993132569214715488e-01
9.992779645796702193e-01
9.992424625255115211e-01
9.992068757611037855e-01
9.991712991471339844e-01
9.991358145392476020e-01
9.991005393880222352e-01
9.990655315509184842e-01
9.990308881993520407e-01
9.989966832209540293e-01
9.989629667415824699e-01
9.989298234907051377e-01
9.988972848336218346e-01
9.988654034810037219e-01
9.988342236051044321e-01
9.988037580872940469e-01
9.987740481058758890e-01
9.987450950976471953e-01
9.987169107132553014e-01
9.986895028631368465e-01
9.986628514369859655e-01
9.986369626315898529e-01
9.986118122725343715e-01
9.985873855462537030e-01
9.985636779742851354e-01
9.985406630672583050e-01
9.985183480473350803e-01
9.984967288291831666e-01
9.984758141098954987e-01
9.984556375916658899e-01
9.984362248268087159e-01
9.984176364501997636e-01
9.983999348570504750e-01
9.983831955326110119e-01
9.983675183460620772e-01
9.983529953450531735e-01
9.983397432892920920e-01
9.983278775908597247e-01
9.983175126901500107e-01
9.983087768881431234e-01
9.983017807080551975e-01
9.982966422416396091e-01
9.982934718334881552e-01
9.982923681988301601e-01
9.982934386672284166e-01
9.982967772613926538e-01
9.983024895472170090e-01
9.983106909153254271e-01
9.983215065751802619e-01
9.983350992083195319e-01
9.983516579061690877e-01
9.983714254583423431e-01
9.983947097808254512e-01
9.984218901496584309e-01
9.984534508891644844e-01
9.984899805084416213e-01
9.985321930111570321e-01
9.985809321717254994e-01
9.986371522363718389e-01
9.987019066329424488e-01
9.987762914706831419e-01
9.988613920919492406e-01
9.989582175806831499e-01
9.990676217358377409e-01
9.991249732375078185e-01
9.991666839185712190e-01
9.992163409428161946e-01
9.992739346263495026e-01
9.993392848015256735e-01
9.992486358167481653e-01
9.991330067382881985e-01
9.989978673286622479e-01
9.988586037653248706e-01
9.987032948115605047e-01
9.985315335690528871e-01
9.983551810895225920e-01
9.981477697733616150e-01
9.979356300179941242e-01
9.977165193530223020e-01
9.974694533704842048e-01
9.972176694761452076e-01
9.969616784687037603e-01
9.967020977594508446e-01
9.964227416227554590e-01
9.961351911833878914e-01
9.958455148836011794e-01
9.955548732999243144e-01
9.952645097498138416e-01
9.949756925243254946e-01
9.946896631782913278e-01
9.944075883537506488e-01
9.941305142957183039e-01
9.938593460511501165e-01
9.935948340247428012e-01
9.933375833857590598e-01
9.930880814377081034e-01
9.928467295390556169e-01
9.926138886945080619e-01
9.923899136875831140e-01
9.921751775905435222e-01
9.919700814984159232e-01
9.917750378238662234e-01
9.915904432284312620e-01
9.914166334628777832e-01
9.912538328270732446e-01
9.911021093265021120e-01
9.909613346017790425e-01
9.908311687051963856e-01
9.907110660227036458e-01
9.906003062678709892e-01
9.904980514187716745e-01
9.903998221150348558e-01
9.903077548078667025e-01
9.902219767690407792e-01
9.901418212908361660e-01
9.900668063038017275e-01
9.899966343669731605e-01
9.899311658213579834e-01
9.898703686642575938e-01
9.898142532486338130e-01
9.897628077155754545e-01
9.897159404620250456e-01
9.896734429508301512e-01
9.896349772482276874e-01
9.896000870030551289e-01
9.895682318033216518e-01
9.895388327679025542e-01
9.895113220065380188e-01
9.894851860093366591e-01
9.894599932271089804e-01
9.894354058174259503e-01
9.894111731031741686e-01
9.893871129254415697e-01
9.893630884835006301e-01
9.893389860836003802e-01
9.893147032074608438e-01
9.892901482554612436e-01
9.892652522765108536e-01
9.892399896414061367e-01
9.892143983069403568e-01
9.891885938190225769e-01
9.891627680627841368e-01
9.891371685043119921e-01
9.891120591677693419e-01
9.890876662838313793e-01
9.890641196638867427e-01
9.890414003642136187e-01
9.890193060838436967e-01
9.889954204180065878e-01
9.889705700362471097e-01
9.889446849366092529e-01
9.889171473985882699e-01
9.888876458814827020e-01
9.888557207423714912e-01
9.888210298152443345e-01
9.887839575459865804e-01
9.887446754238977675e-01
9.887037677757570808e-01
9.886620612325037749e-01
9.886201055246527369e-01
9.885788189576372176e-01
9.885387239964994466e-01
9.885002957429559478e-01
9.884640169329729220e-01
9.884300074785249413e-01
9.883987515173301430e-01
9.883706951702642129e-01
9.883465078781018542e-01
9.883272467540330508e-01
9.883136601990563097e-01
9.883063111286201075e-01
9.883047730534927355e-01
9.883072583249352672e-01
9.883106922154455409e-01
9.883105209709664996e-01
9.883016931142778461e-01
9.882792755205703772e-01
9.882394311407286525e-01
9.881805671948499237e-01
9.881035871393381020e-01
9.880125051566821526e-01
9.879140587373633764e-01
9.878168454271827326e-01
9.877303846580465230e-01
9.876632683283561587e-01
9.876218293971047446e-01
9.876088482629096221e-01
9.876227394619464528e-01
9.876577978024388971e-01
9.877047127643908686e-01
9.877520056085357103e-01
9.877876410484128789e-01
9.878005885350958915e-01
9.877825493223361120e-01
9.877289237251110077e-01
9.876395801325490442e-01
9.875189981500711589e-01
9.873756245670136655e-01
9.872210634021603148e-01
9.870685643528731568e-01
9.869315200716466396e-01
9.868220503506716090e-01
9.867495717821896939e-01
9.867199699957445169e-01
9.867348698978869459e-01
9.867913339974008213e-01
9.868819701677590261e-01
9.869951919431623200e-01
9.871160967454464252e-01
9.872275815880661165e-01
9.873118840934160811e-01
9.873525015746374978e-01
9.873360654490918042e-01
9.872543262127420061e-01
9.871057066253854373e-01
9.868963022047761990e-01
9.866402140864271031e-01
9.863587596141007996e-01
9.860787952851071125e-01
9.858299952450009229e-01
9.856413148038941641e-01
9.855371956382816823e-01
9.855337593747516278e-01
9.856357822095528354e-01
9.858348607641115313e-01
9.861091087563419455e-01
9.864247340932573715e-01
9.867392380695790832e-01
9.870061285061857426e-01
9.871805694405203502e-01
9.872252616632287703e-01
9.871159481082419918e-01
9.868456011341879552e-01
9.864267851920259789e-01
9.858917088218696057e-01
9.852897173134135267e-01
9.846825295723119487e-01
9.841375265127716432e-01
9.837198797868350608e-01
9.834844235689523817e-01
9.834681252056671763e-01
9.836841996237124519e-01
9.841185693931745471e-01
9.847292891914725121e-01
9.854492650506041507e-01
9.861921423309496504e-01
9.868610466696211558e-01
9.873321373142919244e-01
9.874237025777057308e-01
9.872685332824351345e-01
9.868539438123299368e-01
9.861976514367610802e-01
9.853194912547877937e-01
9.840945487613568243e-01
9.828047440326044271e-01
9.815945368219580747e-01
9.806125532229251762e-01
9.799339555085203601e-01
9.796884602476078063e-01
9.800375453012781790e-01
9.809879408492072628e-01
9.824327321718906436e-01
9.840868809568215081e-01
9.858752722257608792e-01
9.873534990972857583e-01
9.880619501262131177e-01
9.881528994269689337e-01
9.877013975546232727e-01
9.870164699662837826e-01
9.861033319146235154e-01
9.847701231503726005e-01
9.828682793287546460e-01
9.802124420506719282e-01
9.773853913426079343e-01
9.748333032755875927e-01
9.728293717421583331e-01
9.719701928231735399e-01
9.724632960094712342e-01
9.743676956938571720e-01
9.775725515874261751e-01
9.817944369010284111e-01
9.860613909654688536e-01
9.889060321213742899e-01
9.891860395821584495e-01
9.883814271796509399e-01
9.872484932963043747e-01
9.858844814606428919e-01
9.844250033770075570e-01
9.830309497624459825e-01
9.808315526045872090e-01
9.765956082219794387e-01
9.700082281414283969e-01
9.634151663820293976e-01
9.582634499170560316e-01
9.555927587144287250e-01
9.559629237113309586e-01
9.596124107358555699e-01
9.663997233368438744e-01
9.757813764176689331e-01
9.867367810534706241e-01
9.919777678165581092e-01
9.821751353182601729e-01
9.718967319913883740e-01
9.648221932592573324e-01
9.621828382473718300e-01
9.647616685603246367e-01
9.727394366565313977e-01
9.753713773114550678e-01
9.706451989406564840e-01
9.568794700583678203e-01
9.406729553837653857e-01
9.276840384333343570e-01
9.201227854667376471e-01
9.194037838103502613e-01
9.262411094140314827e-01
9.405283988026723607e-01
9.612591426453329646e-01
9.865001900536558566e-01
9.853419314178484267e-01
9.570142563755091869e-01
9.317307459478628706e-01
9.132077073551559954e-01
9.045143610244682497e-01
9.077311668121406107e-01
9.235926057837230418e-01
9.511952423740663853e-01
9.581129086775411752e-01
9.341794547808659477e-01
8.972534181973388367e-01
8.671819878545823368e-01
8.492434162258525321e-01
8.384489250187390219e-01
8.414939420024214467e-01
8.663711597837900902e-01
9.103508896562150232e-01
9.665088791808233992e-01
9.495556340171233956e-01
8.900570047973985766e-01
8.438142460728658145e-01
8.147198077667840987e-01
7.951855878990939930e-01
7.984173522936002243e-01
8.316112184589075085e-01
8.885594492535907607e-01
9.295895534963521945e-01
8.910149342163904418e-01
8.233271435616825729e-01
7.734358272950401236e-01
7.387675899061953988e-01
7.139563940217341642e-01
7.285223968630916147e-01
7.807581250555839514e-01
8.613408325629018369e-01
9.279790904713772770e-01
8.754675839299410622e-01
7.976093362397383979e-01
7.487630581464536084e-01
7.361005587890896429e-01
7.384407028218905600e-01
7.585386773407070127e-01
8.109959295184291372e-01
8.850833421696420178e-01
8.982293295054264437e-01
8.500335280220365775e-01
7.922050659065998923e-01
7.564706977769657392e-01
7.509232713294922146e-01
7.493907397858933228e-01
7.657011972359888397e-01
8.077966761396067064e-01
8.687051216033877532e-01
9.240635530114381657e-01
8.935974018263268537e-01
8.378549239474761823e-01
7.940487347285124509e-01
7.744306895214196906e-01
7.802718351631589000e-01
7.980897681980484437e-01
8.218022568925270610e-01
8.623546416143725857e-01
9.162544441806951268e-01
9.218226068844954657e-01
8.829778746999579209e-01
8.349550282092591535e-01
8.019530730513307892e-01
7.917166782328286523e-01
7.838632980060741273e-01
7.994029297248833599e-01
8.378045831387446185e-01
8.921631242484073798e-01
9.419937145496209974e-01
9.147614522503056955e-01
8.615455744559209483e-01
8.220198507839334701e-01
8.053313090645323191e-01
8.132569556921712683e-01
8.260909822019740778e-01
8.556638021626346013e-01
9.008643650579639672e-01
9.377136627177343753e-01
9.152718812508597868e-01
8.698419141588601411e-01
8.320332905746392615e-01
8.126800689669517741e-01
8.093128387479856523e-01
8.071454491958468536e-01
8.295923450987984227e-01
8.717928094224651758e-01
9.266148630660511198e-01
9.403218319694746086e-01
8.973995424098418772e-01
8.504323740585952862e-01
8.215873086781342316e-01
8.140544818164762164e-01
8.229667826862345770e-01
8.379736940570462478e-01
8.719079053435152549e-01
9.204436679206875471e-01
9.363129188142246262e-01
9.003905970705591288e-01
8.526174710548486413e-01
8.190351232233668011e-01
8.062486048312130782e-01
7.950202171896278980e-01
8.065215465799934202e-01
8.424994752906976858e-01
8.959951648761921295e-01
9.454517035669938174e-01
9.167137496606736491e-01
8.625470731834864457e-01
8.230433639206129470e-01
8.063184610918240347e-01
8.140269170949363531e-01
8.248928303289244646e-01
8.553503008643935646e-01
9.027280292576063125e-01
9.365622129118958972e-01
9.085981281923205533e-01
8.585615009845438683e-01
8.195010811834636533e-01
8.008973661407140510e-01
7.921236477966687728e-01
7.949988663095404196e-01
8.238296262023481198e-01
8.728353720316716080e-01
9.337862649634784962e-01
9.310832829819242207e-01
8.792234329592673037e-01
8.326170804674282167e-01
8.070955652517245449e-01
8.055374284928980000e-01
8.160789280614020313e-01
8.383396709257641133e-01
