5.477952095000000554e+01
2.808963356800000000e+01
2.709691054500000007e+01
2.805224772500000086e+01
2.757742718200000098e+01
2.695992963000000131e+01
2.818803325200000032e+01
2.852057973900000221e+01
2.824212800100000109e+01
2.831654519500000333e+01
2.838631127400000054e+01
5.543588896800000043e+01
5.557981200800000465e+01
5.528197749800000338e+01
5.537721025100000105e+01
5.540594515400000120e+01
5.534712271900000502e+01
5.532646518200000685e+01
5.519748026000000607e+01
5.530302771500000603e+01
5.535928432200000060e+01
5.563794698700000652e+01
5.538082585300000460e+01
5.531619496200000441e+01
5.546706862600000676e+01
5.560774926500000248e+01
5.532472581300000058e+01
5.565165924900000505e+01
5.567464962500000070e+01
5.561184728100000285e+01
5.565935667400000142e+01
5.505752884700000038e+01
5.523146623800000299e+01
5.514418755700000219e+01
5.427829761800000341e+01
5.121533509100000003e+01
3.194669498200000035e+01
3.226628098800000544e+01
3.349918770600000073e+01
5.377133827200000127e+01
5.322381391600000455e+01
5.345527475700000508e+01
5.360239313400000327e+01
5.337631977600000255e+01
5.345964714600000178e+01
5.399132737600000098e+01
5.281214065000000346e+01
5.369138590700000435e+01
5.328131102300000066e+01
5.341364135200000618e+01
5.385456072100000569e+01
5.329117922200000379e+01
5.292513653800000384e+01
5.289457499400000273e+01
5.361496534200000497e+01
5.336665512400000466e+01
5.337924070000000398e+01
5.374401492800000568e+01
5.419000858600000470e+01
5.401513180600000652e+01
5.461449122200000517e+01
5.391622232100000645e+01
5.451402575100000547e+01
5.410524891800000091e+01
5.470496448900000530e+01
5.408200332600000593e+01
5.439394748400000168e+01
5.439855616000000538e+01
5.456863268600000083e+01
5.398683889500000532e+01
5.392195439300000004e+01
5.450761653200000012e+01
5.408571240900000276e+01
5.433071065600000082e+01
5.410360016000000627e+01
3.783648391700000246e+01
3.255239104099999992e+01
3.274440309999999954e+01
3.257645950599999907e+01
3.299803639600000338e+01
3.254761613800000219e+01
3.303530697500000457e+01
3.264468199800000292e+01
3.321868297700000028e+01
3.270836106600000193e+01
3.299877560000000187e+01
3.716058602600000427e+01
3.290266814900000014e+01
3.263373058300000196e+01
3.280866348700000401e+01
3.281089925999999934e+01
3.293109373800000128e+01
3.269175633400000436e+01
3.279317409500000480e+01
3.277715889699999963e+01
3.269401053700000404e+01
3.309403604399999921e+01
3.258993336700000043e+01
3.303496933600000318e+01
3.265403563899999995e+01
3.316158955600000269e+01
3.263077615699999967e+01
3.311334851000000157e+01
3.258018290000000405e+01
3.292813464299999993e+01
3.290982016000000243e+01
3.270764932000000158e+01
3.288104415900000532e+01
3.267150823100000423e+01
3.266622720600000207e+01
3.288843751000000282e+01
3.262705477200000104e+01
3.348597273700000443e+01
3.263512691300000057e+01
3.285333599400000537e+01
3.289879530400000363e+01
3.292812891999999891e+01
3.268764861500000052e+01
3.285399718300000416e+01
3.260201454199999915e+01
3.293203309200000461e+01
3.269138586400000435e+01
3.285662223799999992e+01
3.278332440999999875e+01
3.286255306600000381e+01
3.264640746500000290e+01
3.315723601900000261e+01
3.253843914700000539e+01
3.305821704600000288e+01
4.297745641000000205e+01
5.425867291100000500e+01
5.479095377600000205e+01
5.455725645700000115e+01
5.416182274700000221e+01
5.496490848700000242e+01
5.433616115800000301e+01
5.502551724700000335e+01
5.412746380400000135e+01
5.446401930800000457e+01
5.439511143200000021e+01
5.438689601100000459e+01
5.515296774000000113e+01
5.413378193900000213e+01
5.469085156300000250e+01
5.433175136900000268e+01
5.439017959600000296e+01
5.499554888000000119e+01
5.447861274700000678e+01
5.480825987600000104e+01
5.446201668000000495e+01
5.429815982600000268e+01
5.492402790500000265e+01
5.412364708200000507e+01
5.499568110900000306e+01
5.429436629799999992e+01
5.436642804900000669e+01
5.433705962800000577e+01
5.403324434499999995e+01
5.451277996200000331e+01
5.367700884100000280e+01
5.447693431900000149e+01
5.383906977700000596e+01
5.463157670200000382e+01
5.378488357100000172e+01
5.444113006300000279e+01
5.404561770300000489e+01
5.396301914600000060e+01
5.442934948800000683e+01
5.389052078200000295e+01
5.414575521400000468e+01
5.424237744800000627e+01
5.341269750800000082e+01
5.427428838700000568e+01
5.371965749100000664e+01
5.399497905000000486e+01
5.462772341400000187e+01
5.387632655600000220e+01
5.427022314900000310e+01
5.392601883300000054e+01
5.432666093100000637e+01
5.387320071600000659e+01
5.435439847100000321e+01
5.392220879100000275e+01
5.362218502500000028e+01
5.410248154700000356e+01
5.355848376100000507e+01
5.361768820300000016e+01
5.448373696300000546e+01
5.374763665200000418e+01
5.403161508100000532e+01
5.361044015000000229e+01
5.322157939900000656e+01
5.411363150300000058e+01
5.324002865900000359e+01
5.343974644200000057e+01
5.383419382400000330e+01
5.323745531000000142e+01
5.427952671600000656e+01
5.338494556700000260e+01
5.319781384600000251e+01
2.733698574000000292e+01
2.763945622700000015e+01
2.760075446000000099e+01
2.708431195400000036e+01
2.745714656900000250e+01
2.732319326800000070e+01
2.736342435800000317e+01
5.315396528400000165e+01
5.261155929400000275e+01
5.349930619100000229e+01
5.257901934400000243e+01
5.297659739700000614e+01
2.736990323600000252e+01
2.746147990900000124e+01
2.738254141200000191e+01
2.698963403200000144e+01
2.749063359900000236e+01
5.337403870900000413e+01
5.354890609200000284e+01
5.285662238600000506e+01
5.328795328200000370e+01
5.321689639500000624e+01
5.287946316000000024e+01
5.284157935500000036e+01
5.278039638400000655e+01
2.759905632300000278e+01
5.254924619900000238e+01
5.299100191300000517e+01
5.309704422400000112e+01
5.334831880300000506e+01
5.271999327000000335e+01
5.300391977200000326e+01
5.363013296500000138e+01
5.280658399500000399e+01
2.714423199200000170e+01
4.291251784800000024e+01
4.400831940200000503e+01
5.321666593100000142e+01
5.297578010600000198e+01
5.359178301100000397e+01
5.323865619400000071e+01
5.373246834500000091e+01
5.296002475800000298e+01
2.744687010900000246e+01
5.325509183600000540e+01
5.348386276400000128e+01
5.325167976500000577e+01
5.342198138200000557e+01
5.357970358700000446e+01
5.302517009400000347e+01
5.349565542000000562e+01
5.274779276100000658e+01
5.326564761400000236e+01
5.341071589000000586e+01
5.348094793200000652e+01
5.384612005500000009e+01
5.382575528600000325e+01
5.404473976600000640e+01
5.306731822200000437e+01
5.366981250600000664e+01
5.260528341300000221e+01
5.318044981300000273e+01
5.267573011000000349e+01
5.344222629400000102e+01
5.310102061000000617e+01
5.310546881200000513e+01
5.351774056600000051e+01
5.008124470100000281e+01
3.204112637300000443e+01
3.189560583300000118e+01
3.358097687700000478e+01
5.270031180600000198e+01
5.299116253200000415e+01
5.341334376300000031e+01
5.339462217500000207e+01
5.364606553600000183e+01
5.356363304100000278e+01
5.370825153300000210e+01
5.316516088700000608e+01
5.290791747000000100e+01
5.334380112300000576e+01
5.323036291000000375e+01
5.396982096400000017e+01
5.332195280000000537e+01
5.328627462700000450e+01
5.368966292600000401e+01
5.337190954500000117e+01
5.413703981400000487e+01
5.351697010300000557e+01
5.369516983400000498e+01
5.375844438700000438e+01
5.388152218100000113e+01
5.438276506700000112e+01
5.378319962200000504e+01
5.489770730600000093e+01
5.371214277400000014e+01
5.401049894600000556e+01
5.380598738200000497e+01
5.295454399300000148e+01
5.408055920000000327e+01
5.373750284400000510e+01
5.433820933700000211e+01
5.473750121200000507e+01
5.413838092700000004e+01
5.480827622900000051e+01
5.420219842000000199e+01
5.377239655600000390e+01
5.309966207900000512e+01
5.359619513700000226e+01
5.457744709100000335e+01
5.403554876500000148e+01
5.433937431700000076e+01
5.429034769900000157e+01
5.411266267300000266e+01
5.444655246599999998e+01
5.439187401000000222e+01
5.323806307100000623e+01
5.383963799600000044e+01
5.403470054800000355e+01
7.956253815600000223e+01
7.915060458100001028e+01
7.343340427000001114e+01
4.805554796800000616e+01
4.786292558800000307e+01
3.234649349900000459e+01
3.250318895200000213e+01
3.269159483800000032e+01
4.781027081600000628e+01
4.835997668300000640e+01
5.769972698700000535e+01
7.859951854800000604e+01
7.880402374599999860e+01
7.836854854300000284e+01
7.863451672300000439e+01
5.352865591500000164e+01
5.308155945400000064e+01
7.867411537499999952e+01
7.914694178800000657e+01
7.937102222600000800e+01
7.921894433600000696e+01
7.906753916400001003e+01
7.895882115999999940e+01
7.843977551500000800e+01
5.324018657900000306e+01
5.362854885300000518e+01
7.998929655500000990e+01
7.999894535700001086e+01
7.988790097400000434e+01
7.938650816300000201e+01
7.900372834400000954e+01
7.926183113999999819e+01
7.940138544300000945e+01
7.924076248200000805e+01
5.367900983500000223e+01
7.946263202500000489e+01
1.047853797430000071e+02
1.064911421710000070e+02
1.102140629690000111e+02
8.302755605000000116e+01
8.359358759500000247e+01
8.372817577800000777e+01
8.307025013300000182e+01
5.611660390300000500e+01
8.276614314900000124e+01
1.097616646190000012e+02
1.101715065440000103e+02
1.094284503910000126e+02
8.383185237100001075e+01
8.372867418700000997e+01
8.179118847899999878e+01
5.287467237600000658e+01
5.593181380100000410e+01
8.354226994700000830e+01
1.098080020930000131e+02
1.098749035310000011e+02
1.102128337350000038e+02
8.383711611300000754e+01
8.335560557200000176e+01
8.395770970700000646e+01
8.366920540499999959e+01
5.608701710300000087e+01
8.306625792100000183e+01
1.100863087000000036e+02
1.372466171599999996e+02
1.118972457570000074e+02
1.118766894180000122e+02
8.493082595300001003e+01
8.407844132300000695e+01
8.483438969300000565e+01
8.395744047099999818e+01
8.429044435699999838e+01
1.390813337890000128e+02
1.394387405420000050e+02
1.122272118030000030e+02
1.122107976780000058e+02
1.392273677700000007e+02
8.457934061900000700e+01
8.471397278300000266e+01
7.919610504800000683e+01
8.508656100400000355e+01
1.387954628450000030e+02
1.393914714219999951e+02
1.389217792010000210e+02
1.122198232640000128e+02
1.120999142350000000e+02
8.435396141000001080e+01
8.495957336600000076e+01
8.477429914000001077e+01
8.461681375199999877e+01
1.388230346729999951e+02
1.385689601300000220e+02
1.385547742680000169e+02
1.398862745000000132e+02
1.388068551740000203e+02
8.484934433500001205e+01
8.420156933900000240e+01
8.481831254200000103e+01
8.453883275300000832e+01
1.116567469650000106e+02
1.118019312130000031e+02
1.120555295520000101e+02
1.119693379320000020e+02
8.508865490899999884e+01
8.545007090400000038e+01
8.583225806700001215e+01
8.463697733100001130e+01
8.556998095500000545e+01
8.502100627500000485e+01
1.124559099850000052e+02
1.121875249110000112e+02
1.121864756550000095e+02
1.125190466990000004e+02
8.603656569600001092e+01
8.520525040500000102e+01
8.493431307800000241e+01
8.425408070800000360e+01
8.561499765000000650e+01
1.126925406360000039e+02
1.126246506750000123e+02
8.581545584300000939e+01
8.582446740400000351e+01
8.552486110000000963e+01
8.565722426800000733e+01
8.597544333400000482e+01
8.426225549100000478e+01
8.538114555600000699e+01
1.125642073680000124e+02
1.128501616760000132e+02
1.128555326270000023e+02
1.127236213830000082e+02
6.257178687900000114e+01
4.918665351200000657e+01
4.902241331100000110e+01
4.863201708600000472e+01
4.854540518700000007e+01
4.980607334300000133e+01
6.447482103900000538e+01
6.564963331300000959e+01
4.908804854899999981e+01
5.006944632400000472e+01
4.914957273899999990e+01
4.991912401900000162e+01
5.803490067300000277e+01
8.520076923800000657e+01
8.615626942700001223e+01
9.299822505200000933e+01
6.455937595100000692e+01
6.479330759900000203e+01
1.039567004460000135e+02
8.576294030500000076e+01
8.533987196200000369e+01
8.528874116600000832e+01
8.472354599599999858e+01
8.505189622900000757e+01
1.123462931550000121e+02
1.127488924880000098e+02
8.606433509500000412e+01
8.621590024300000721e+01
8.505378706900000907e+01
8.581279835400000877e+01
8.530140913000001035e+01
8.514274147300000095e+01
8.576699752300000057e+01
1.127037873320000045e+02
1.126859361870000100e+02
1.134484391560000063e+02
1.128638240750000108e+02
8.631016925400000162e+01
7.156846845600000506e+01
4.871862560699999989e+01
4.896896152700000471e+01
4.935169443900000630e+01
6.392122184200000135e+01
6.529351700300000516e+01
4.959842679600000537e+01
4.972308575800000341e+01
4.947151142100000243e+01
4.964819051000000627e+01
4.938625388000000527e+01
4.864466984500000279e+01
4.928959739900000159e+01
