1.225463922416751422e-01
1.224715415995627915e-01
1.223964379667624863e-01
1.223209241378134110e-01
1.222448421420880144e-01
1.221680327038344033e-01
1.220902817553733560e-01
1.220114263656363746e-01
1.219312919443363147e-01
1.218496850314143148e-01
1.217664034885475727e-01
1.216812348574284608e-01
1.215938910718505073e-01
1.215041166788049104e-01
1.214116940090303881e-01
1.213163455671434909e-01
1.212177762198677483e-01
1.211156707152150624e-01
1.210096916454868887e-01
1.208994703740294968e-01
1.207845484827252958e-01
1.206645697658246807e-01
1.205390820622463111e-01
1.204075974107467195e-01
1.202695891686035023e-01
1.201244897794467442e-01
1.199716925534005524e-01
1.198105489637138477e-01
1.196403756435315963e-01
1.194604625741342019e-01
1.192700714067834039e-01
1.190685406949832659e-01
1.188551905408368470e-01
1.186293485597672698e-01
1.183903286210023359e-01
1.181374144628638823e-01
1.178698763014188883e-01
1.175870365351796842e-01
1.172883447420993847e-01
1.169733440571952693e-01
1.166413655267868610e-01
1.162909070732036226e-01
1.159189606688991597e-01
1.155208408468507419e-01
1.150909769727842674e-01
1.146243981927867750e-01
1.141180378697305153e-01
1.135707825814867705e-01
1.129823458585170332e-01
1.123521146205623406e-01
1.116787385419112932e-01
1.109602090298042326e-01
1.101946448396786127e-01
1.093827349209479244e-01
1.085305484899369982e-01
1.076489546913460410e-01
1.067488487138720799e-01
1.058365699331356019e-01
1.049139606113732026e-01
1.039823047546414858e-01
1.030447174280886141e-01
1.021036359326894100e-01
1.011567466971903528e-01
1.001963182546626308e-01
9.921273683763869033e-02
9.820014155091109920e-02
9.716128216023886544e-02
9.610804374315090604e-02
9.505589609516376659e-02
9.401599763220325201e-02
9.299158178263063068e-02
9.198004266333181800e-02
9.097594692320312704e-02
8.997219700331662851e-02
8.896096688807281216e-02
8.793487929568934158e-02
8.688805714111703937e-02
8.581839513636230210e-02
8.472965476099798832e-02
8.363034839294920808e-02
8.253024940324707459e-02
8.143697171898740816e-02
8.035348377798666453e-02
7.927747651572808474e-02
7.820442557773076009e-02
7.713319872905695374e-02
7.606560258538694330e-02
7.499799787092363557e-02
7.391921009647767216e-02
7.281916194415813393e-02
7.169474975997917887e-02
7.054788948583753938e-02
6.938320192915131690e-02
6.820860591035157738e-02
6.703586871960723337e-02
6.587878497500426755e-02
6.474954083920801684e-02
6.365557590625006701e-02
6.259959155178471124e-02
6.158260894803090774e-02
6.060607532195960018e-02
5.966991696201813522e-02
5.876900973883898704e-02
5.789295850247880293e-02
5.703018763786932288e-02
5.617259100209832934e-02
5.531735996388512100e-02
5.446566565773544588e-02
5.361985954414608818e-02
5.278111872339082133e-02
5.194890843592676888e-02
5.112228298430261664e-02
5.030160219954298711e-02
4.948909616305242898e-02
4.868793154626212261e-02
4.790073339012535653e-02
4.712872814722999376e-02
4.637185786460738118e-02
4.562937994312381285e-02
4.490030581516819136e-02
4.418343928941731447e-02
4.347733255666932917e-02
4.278060738097562432e-02
4.209264510960827183e-02
4.141410711952678292e-02
4.074675486368422445e-02
4.009260018338538234e-02
3.945293038035051908e-02
3.882779313083010303e-02
3.821614312187436580e-02
3.761641153126025344e-02
3.702710132613875466e-02
3.644715742295408234e-02
3.587608509963698122e-02
3.531389785741705784e-02
3.476096632777272988e-02
3.421781332664326075e-02
3.368490260057183799e-02
3.316247626791913455e-02
3.265048304336624907e-02
3.214860839286660249e-02
3.165638427997020249e-02
3.117333423061839290e-02
3.069910262985995827e-02
3.023352708605312605e-02
2.977663575809789964e-02
2.932857976686121040e-02
2.888953360441527674e-02
2.845960471375089465e-02
2.803878396437749221e-02
2.762694643593940902e-02
2.722388790629660590e-02
2.682936904584050722e-02
2.644314327580483959e-02
2.606496197398914735e-02
2.569456964377790642e-02
2.533170837805964748e-02
2.497614114684285069e-02
2.462768563093347199e-02
2.428623909056346064e-02
2.395177871295297439e-02
2.362433705170996837e-02
2.330396637264053536e-02
2.299070910972513329e-02
2.268458374706283642e-02
2.238558376576602754e-02
2.209368030024194338e-02
2.180882024886668380e-02
2.153091807209499969e-02
2.125984586787587130e-02
2.099542845624840712e-02
2.073744764773646776e-02
2.048565506913599746e-02
2.023978905981760681e-02
1.999959016343521787e-02
1.976481157182074025e-02
1.953522399768646903e-02
1.931061697893780502e-02
1.909079937087649476e-02
1.887560076358500011e-02
1.866487372731985908e-02
1.845849536359808057e-02
1.825636639834368746e-02
1.805840696967645626e-02
1.786454966676686781e-02
1.767473144385254755e-02
1.748888627029548948e-02
1.730693981968365117e-02
1.712880658280584514e-02
1.695438902410284845e-02
1.678357809464258929e-02
1.661625455721197145e-02
1.645229092894831546e-02
1.629155411292347241e-02
1.613390879657416663e-02
1.597922145213752712e-02
1.582736444210061655e-02
1.567821951681442824e-02
1.553168003198159355e-02
1.538765151943404484e-02
