-7.139966520797180749e-04
-7.239193467734050813e-04
-7.473513162631340023e-04
-7.519212908563277509e-04
-7.526394009832459986e-04
-7.611921722106007593e-04
-7.627204132720777352e-04
-7.909611951656403406e-04
-7.989464295282688866e-04
-8.094353965287792718e-04
-8.234617148855649660e-04
-8.449499245138936132e-04
-8.700859250448944593e-04
-9.020024986788888199e-04
-9.288462790024709648e-04
-9.612158767408063298e-04
-9.993802063124057611e-04
-1.042243968019107569e-03
-1.070431651123415762e-03
-1.140387332052017477e-03
-1.195251586164070012e-03
-1.253456253888507455e-03
-1.314439761923580363e-03
-1.413751822415543202e-03
-1.489273743604524469e-03
-1.568348550709530720e-03
-1.651647029990432891e-03
-1.760895684474461653e-03
-1.857326535847914073e-03
-1.957214397996231980e-03
-2.058115260453186046e-03
-2.159309483648619299e-03
-2.265948899932146432e-03
-2.411709557170738094e-03
-2.582108114504433338e-03
-2.817967890991757152e-03
-3.127089240828606620e-03
-3.481678676614530232e-03
-3.824056978088408165e-03
-4.110396632991952792e-03
-4.344821962445899466e-03
-4.570294138320218913e-03
-4.839044074791964967e-03
-5.199824411689091264e-03
-5.648132672605998827e-03
-6.042738960848614838e-03
-6.272138872776000795e-03
-6.504000168564005868e-03
-7.207274483708725477e-03
-8.793908408410988642e-03
-1.102570798142132880e-02
-1.348559186171993662e-02
-1.539468264286081300e-02
-1.626484835132169238e-02
-1.621647034232009954e-02
-1.552447492876585233e-02
-1.453709341985021108e-02
-1.355019936408186076e-02
-1.266858543681748106e-02
-1.204067565958866215e-02
-1.174272488238536916e-02
-1.164474545550797657e-02
-1.155492022884840875e-02
-1.146579774034817145e-02
-1.140022578258181873e-02
-1.107925136520360176e-02
-1.084374024397372072e-02
-1.141063319790025510e-02
-1.229222911207361602e-02
-1.269583369487015112e-02
-1.288880423765126348e-02
-1.304458658475671218e-02
-1.306495899525139670e-02
-1.313598702730456314e-02
-1.325736121002285550e-02
-1.329677811519325292e-02
-1.286456221578913262e-02
-1.228615952070244433e-02
-1.182977692720799112e-02
-1.144988980120165145e-02
-1.110774709194017884e-02
-1.096632687719312216e-02
-1.102038286825146596e-02
-1.104893531278516861e-02
-1.091069295340585388e-02
-1.053785872487389419e-02
-1.003904653867904173e-02
-9.627110118787252091e-03
-9.365250609461028830e-03
-9.220838068410563970e-03
-9.140686652836516046e-03
-9.164153528432028573e-03
-9.358184940126690332e-03
-9.651341852011385836e-03
-9.874885774807662386e-03
-9.916188204617260027e-03
-9.801423675161180515e-03
-9.548745056188467917e-03
-9.209491216653764578e-03
-8.842293461791550513e-03
-8.490637892391572628e-03
-8.222597279020082972e-03
-8.012837404147710174e-03
-7.801135592844232747e-03
-7.626244694892980736e-03
-7.516562780612856542e-03
-7.411271338027269895e-03
-7.231204321604678409e-03
-6.952733268325572702e-03
-6.628017524393237103e-03
-6.340590547979085834e-03
-6.141171152572455494e-03
-6.003733963755308878e-03
-5.873419385446498886e-03
-5.733027021927183942e-03
-5.606813931018084229e-03
-5.509659396454869018e-03
-5.423338697983781653e-03
-5.326631073727938759e-03
-5.208400386418066130e-03
-5.063372003344390748e-03
-4.897727727180833934e-03
-4.727001757333371135e-03
-4.572364229987746498e-03
-4.448610357428439688e-03
-4.349528935333746293e-03
-4.259716745891317657e-03
-4.177199327728975398e-03
-4.109398001016228985e-03
-4.059444431943337595e-03
-4.026108989793608650e-03
-4.008042023086189065e-03
-4.003220173721955266e-03
-4.008556421637721190e-03
-4.015459561891587814e-03
-4.007795333112185165e-03
-3.977407296254509284e-03
-3.929069202768253888e-03
-3.868654752610389824e-03
-3.796611009271311232e-03
-3.713068713141753907e-03
-3.622442394636549157e-03
-3.530495183513837620e-03
-3.439964030453601662e-03
-3.351157729591935919e-03
-3.265029488615234232e-03
-3.183712157111412422e-03
-3.108889706365802752e-03
-3.040884420386913423e-03
-2.979361172356087550e-03
-2.924178196934273943e-03
-2.875624261138715054e-03
-2.834211134415676181e-03
-2.799884791310908172e-03
-2.771202484864315752e-03
-2.745581802968827256e-03
-2.720467991872144164e-03
-2.694471490424094062e-03
-2.667918813217817764e-03
-2.642437277624448688e-03
-2.619730421191124314e-03
-2.600542004582012678e-03
-2.584561983400707197e-03
-2.570899846683627477e-03
-2.558274682127464894e-03
-2.544777814948023797e-03
-2.528176171127938243e-03
-2.507123870738869886e-03
-2.481904239126642153e-03
-2.453780056921317509e-03
-2.423787090359563745e-03
-2.392132004161440229e-03
-2.358634406479653833e-03
-2.323510230561182111e-03
-2.287447883688592531e-03
-2.251024342363183717e-03
-2.214273208019090777e-03
-2.176878921275604561e-03
-2.138761915140841019e-03
-2.100359619679192935e-03
-2.062316757086429808e-03
-2.025220611660133452e-03
-1.989695670678165440e-03
-1.956433001288476747e-03
-1.926069747686109945e-03
-1.898824997334513931e-03
-1.874036229167902468e-03
-1.850514386489421348e-03
-1.827584333549681084e-03
-1.805462057132695142e-03
-1.784729916933652794e-03
-1.765744499122867683e-03
-1.748362602121272813e-03
-1.732063304973191498e-03
-1.716425828367923456e-03
-1.701370694155712737e-03
-1.686825569554434301e-03
-1.672378246039829541e-03
-1.657361450264210889e-03
-1.641163586554167386e-03
