2.369224608000000121e+00
2.426743953600000125e+01
2.241661797999999983e+00
2.168670153000000322e+00
2.302374536999999943e+00
2.271960203999999983e+00
2.253743077000000206e+00
2.098289249000000023e+00
2.203416201000000019e+00
2.113314776000000172e+00
2.120978470999999921e+00
2.286485525000000241e+00
2.322685622000000283e+00
2.318841617999999993e+00
2.213592235000000130e+00
2.265169757000000228e+00
2.103149893999999964e+00
2.283358155000000167e+00
2.075061182000000226e+00
2.180060940000000169e+00
2.198048766999999959e+00
2.307295116000000146e+00
2.284676509000000078e+00
2.136337568000000076e+00
2.106641912000000172e+00
2.184335923000000346e+00
2.187606158999999995e+00
2.096882989000000030e+00
2.223344049000000044e+00
2.196742718999999955e+00
2.165813492000000284e+00
2.128771452000000064e+00
2.244860404000000198e+00
2.071818036000000252e+00
2.266777661000000332e+00
2.106561484000000206e+00
2.246709113000000091e+00
2.298377208000000227e+00
2.373456328000000060e+00
2.284540543999999951e+00
2.268898903000000189e+00
2.124631873000000226e+00
2.224360501000000045e+00
2.049435891999999981e+00
2.144136935000000133e+00
1.959154123000000025e+00
2.154410330000000151e+00
2.120691439000000234e+00
2.179927973999999935e+00
2.169657905000000220e+00
2.072855869000000073e+00
2.002608380999999937e+00
2.141069638000000275e+00
2.129722595000000052e+00
2.157122546000000085e+00
2.128602159000000160e+00
2.049854703999999916e+00
1.971087150000000232e+00
2.127882275000000156e+00
2.053929398000000184e+00
2.073236901000000021e+00
2.128074484999999960e+00
2.128912752000000186e+00
2.110729581000000188e+00
2.009236993000000027e+00
2.134323345999999955e+00
2.034677666000000329e+00
2.111673281000000291e+00
2.154210661000000027e+00
2.178183451000000215e+00
2.240242896000000261e+00
2.127908115999999961e+00
1.951618128000000230e+00
2.098000129999999963e+00
1.959984719000000153e+00
2.025665147000000221e+00
2.116692361000000133e+00
2.160203829000000297e+00
2.097804491000000215e+00
2.006411840000000169e+00
2.038823389000000041e+00
1.997004373000000221e+00
2.103327555000000348e+00
1.978455129000000090e+00
2.135735378000000129e+00
2.232190824999999990e+00
2.140706349000000230e+00
2.069280521000000039e+00
2.097024610000000067e+00
1.953049517000000179e+00
2.116093113000000248e+00
1.970055751000000077e+00
2.006179583000000211e+00
2.124376666000000302e+00
2.162160699000000186e+00
2.130185833000000084e+00
1.957623453000000069e+00
2.022903678000000038e+00
2.052505967000000098e+00
2.116605990000000048e+00
1.948759611000000058e+00
2.072118415000000269e+00
2.137416991000000266e+00
2.164053000000000004e+00
2.124761220000000339e+00
2.167247287999999994e+00
1.969573522000000132e+00
2.095821938999999912e+00
1.976493091000000035e+00
1.985980131000000037e+00
2.091030115000000134e+00
2.139741434999999914e+00
2.134268594000000352e+00
2.045194159000000234e+00
2.041609322000000226e+00
2.053658596000000003e+00
2.167366364000000267e+00
1.967394221000000165e+00
2.097777522999999977e+00
2.161395661000000246e+00
2.149225324000000104e+00
2.005823407999999919e+00
2.093177658000000108e+00
1.940461274000000014e+00
2.200994104000000284e+00
1.958117640000000215e+00
2.051387976000000002e+00
2.113205059000000219e+00
2.145585465999999997e+00
2.098059853000000086e+00
1.983008993000000109e+00
2.056036642000000025e+00
1.962222315000000217e+00
2.139361136000000219e+00
1.976781587000000062e+00
2.089733015000000194e+00
2.114935195000000157e+00
2.102475429000000062e+00
2.167031077000000305e+00
2.093290092000000158e+00
1.967133729000000164e+00
1.962750534000000213e+00
1.962441304000000164e+00
2.210817712999999962e+00
2.053705077000000045e+00
2.038734762000000256e+00
2.212250609000000257e+00
2.183510411999999956e+00
2.112533347000000283e+00
2.164816277999999983e+00
2.003902931999999915e+00
1.969434599000000174e+00
1.965467557000000198e+00
2.167128050000000083e+00
1.962826221000000038e+00
2.086415265000000296e+00
2.161129625000000054e+00
2.194539508000000083e+00
2.132639273000000113e+00
2.047573260000000062e+00
2.079922242000000310e+00
1.951219492000000111e+00
1.945933870000000177e+00
2.122945448999999929e+00
1.977348561000000116e+00
1.991258069000000130e+00
2.141571863000000242e+00
2.126493797000000185e+00
2.212263441000000164e+00
2.090493892000000020e+00
1.988393003000000103e+00
1.951717498000000051e+00
2.009140209999999982e+00
2.076282594000000259e+00
1.960224333000000208e+00
2.006356241000000207e+00
2.181770445000000169e+00
2.133545884000000115e+00
2.120166323000000297e+00
2.100772694000000218e+00
2.166638615000000101e+00
1.968918642000000219e+00
2.140599697999999940e+00
2.086926411999999953e+00
1.956793340000000159e+00
2.063630999999999993e+00
2.089392265999999942e+00
2.114549287000000000e+00
2.138457371999999967e+00
2.097466605000000150e+00
2.122138700000000266e+00
1.970045304000000108e+00
2.029927948000000093e+00
2.041489390000000181e+00
1.975185847000000106e+00
2.127840938999999931e+00
2.084887966000000148e+00
2.160153318000000322e+00
2.087945154000000247e+00
1.913869065000000091e+00
2.103225887000000238e+00
2.016132913999999943e+00
2.114745442000000253e+00
2.038561473000000124e+00
1.970804320000000054e+00
2.080017538999999971e+00
2.061244882000000000e+00
2.161007338000000111e+00
2.077801898000000147e+00
1.930577981000000110e+00
2.057507843000000225e+00
1.947536639000000180e+00
2.106994858000000193e+00
2.049614431000000181e+00
2.071304468000000121e+00
2.161714856000000129e+00
2.100188528000000332e+00
2.100253169000000142e+00
2.141282127000000202e+00
2.105963868999999988e+00
1.942095995000000075e+00
2.053824883000000323e+00
2.088647175000000189e+00
1.937106038000000030e+00
2.083269996999999929e+00
2.132011433000000178e+00
2.275386125000000259e+00
2.123316949999999981e+00
1.987295946000000146e+00
2.073936532999999915e+00
1.999611241000000206e+00
2.119971309000000304e+00
1.985903830000000037e+00
2.014687776000000152e+00
2.067095605000000003e+00
2.126774624999999919e+00
2.184723136000000121e+00
2.101741166000000050e+00
2.023076595000000033e+00
1.981776702000000112e+00
1.992356066000000148e+00
2.114035659000000233e+00
1.951444423000000095e+00
2.034937010000000157e+00
2.099746620000000341e+00
2.218379276999999927e+00
2.069411930000000233e+00
2.110890572000000187e+00
2.125111173000000075e+00
2.068892401000000270e+00
2.152377712999999915e+00
2.102488418000000081e+00
1.957583101000000214e+00
2.182595982000000046e+00
2.070954583000000238e+00
2.196151739000000269e+00
2.092246478000000298e+00
1.933177475000000145e+00
2.088798313999999934e+00
1.949067195000000030e+00
2.058649989000000069e+00
1.986373939000000144e+00
1.983295044000000118e+00
2.110393449000000032e+00
2.085781893000000053e+00
2.141597332999999992e+00
2.089534020000000325e+00
2.001875448999999918e+00
2.017227960000000042e+00
1.959919624000000082e+00
2.149352648000000254e+00
2.025638569000000277e+00
2.034352145000000167e+00
2.096176532000000314e+00
2.209550632000000014e+00
2.082805601000000006e+00
1.974799089000000230e+00
2.023454378000000276e+00
2.011830774000000321e+00
2.021064153000000196e+00
1.973491476000000189e+00
2.082203337000000154e+00
2.165377258999999999e+00
2.088483516000000151e+00
1.959518603000000025e+00
1.974461874000000172e+00
2.019728790999999912e+00
2.103199709000000084e+00
2.007343126999999949e+00
2.094314645000000308e+00
2.167858483999999919e+00
2.083863369999999993e+00
1.977328444000000074e+00
1.936220693000000104e+00
2.116041561999999931e+00
2.000927760000000166e+00
1.945116637000000148e+00
2.083232009000000051e+00
2.093944341000000264e+00
2.107714364000000007e+00
1.979210486000000158e+00
2.038542335000000261e+00
1.951094455000000227e+00
2.129486334000000092e+00
1.942529522000000064e+00
2.114270231000000333e+00
2.099848834000000330e+00
2.085966992999999992e+00
1.959317405000000178e+00
2.048821001999999947e+00
1.993066971000000187e+00
2.145761994000000339e+00
1.968834811000000018e+00
2.112970452000000332e+00
2.055214201000000074e+00
2.180966834999999993e+00
2.087522531999999931e+00
2.000895633999999923e+00
1.947964791000000195e+00
2.094383972000000149e+00
2.030833365999999973e+00
1.961580808000000120e+00
2.124328991000000055e+00
2.163963886999999975e+00
2.068404216000000240e+00
2.062431761000000030e+00
2.013584263000000263e+00
2.011913489000000332e+00
2.131747809000000160e+00
2.008600316000000330e+00
2.159089492000000110e+00
2.173962621000000262e+00
2.106753197000000188e+00
1.981014664000000147e+00
1.993285560000000123e+00
2.010480958000000040e+00
2.115681665999999961e+00
1.950041242000000175e+00
2.043402794999999994e+00
2.084383600000000225e+00
2.108579708000000164e+00
2.120853692000000290e+00
2.085703008999999941e+00
1.977966421000000086e+00
2.124208220999999952e+00
1.967272426000000074e+00
2.044817928000000062e+00
2.119849717000000133e+00
2.223161018000000322e+00
2.113240216000000338e+00
2.035461978999999921e+00
2.113941454999999969e+00
2.033810916000000191e+00
2.078852786000000119e+00
2.026229048000000255e+00
2.006844456000000054e+00
2.107313358999999942e+00
2.176246071000000004e+00
2.072872787000000105e+00
1.947459505000000091e+00
2.101137456000000014e+00
1.941531009000000196e+00
2.101469094000000037e+00
1.952714754000000053e+00
1.958966085000000135e+00
2.173900992000000088e+00
2.077931326999999939e+00
2.105645485000000150e+00
2.099153289000000200e+00
2.049976119000000097e+00
2.013310971000000116e+00
2.136854556999999932e+00
2.016577987000000238e+00
2.026023112000000292e+00
2.083023709999999973e+00
2.077759600000000262e+00
2.181392838999999917e+00
2.102467127000000158e+00
2.040639316000000036e+00
2.055527517000000248e+00
1.963224886000000113e+00
2.168296930000000344e+00
1.974047908000000184e+00
2.042970470000000205e+00
2.148873218999999946e+00
2.139841397000000089e+00
2.118460510000000241e+00
2.045622643000000185e+00
2.091736909000000200e+00
2.004202269000000314e+00
2.182731595999999996e+00
1.978844743000000017e+00
1.964717926000000059e+00
2.094757317000000008e+00
2.055461442999999999e+00
2.122177232000000302e+00
2.103417094000000098e+00
2.022921103999999914e+00
2.082063723000000088e+00
2.014501618000000160e+00
2.102462996000000306e+00
1.960005686000000136e+00
2.015816881000000116e+00
2.087761717000000239e+00
2.161714463000000030e+00
2.109867265000000103e+00
2.120773900000000101e+00
2.068496387000000158e+00
1.960311798000000216e+00
2.037964832000000115e+00
2.081867539000000100e+00
1.993326192000000052e+00
2.085649223000000330e+00
2.097825240000000147e+00
2.183536715000000239e+00
2.094128368000000240e+00
1.975635088000000206e+00
2.095598440999999923e+00
1.926065151000000197e+00
2.115586754000000180e+00
2.041852659999999986e+00
1.968628132000000086e+00
2.092302904999999935e+00
2.077258499000000036e+00
2.160658463000000307e+00
2.078034598999999982e+00
1.982788336000000040e+00
1.972804286000000129e+00
1.974894861000000112e+00
2.102215098000000282e+00
2.035054908000000218e+00
2.090019912000000257e+00
2.201970440000000195e+00
2.133738485000000296e+00
2.059202608000000101e+00
1.971509650000000224e+00
2.016984128000000265e+00
1.959664826000000026e+00
2.118828630000000324e+00
1.973816731000000102e+00
2.069054144999999956e+00
2.060759612000000018e+00
2.185210232000000197e+00
2.085615524000000054e+00
1.982787086000000087e+00
2.420831768200000056e+01
2.456103554000000244e+01
1.953460884000000064e+00
2.473054084900000049e+01
2.480351194500000034e+01
2.114389824000000306e+00
2.427003406500000082e+01
2.427507213600000213e+01
2.172656255000000147e+00
2.466388037000000111e+01
2.477816237200000060e+01
2.094917560999999928e+00
2.446563150500000106e+01
2.424607543300000145e+01
2.480704546100000130e+01
2.466890331300000128e+01
2.186384024000000093e+00
2.422287801900000304e+01
