-3.325491782649815013e-10
2.074886624782597233e-12
1.437953972565945369e-09
2.798512534288058373e-09
4.009050466069392981e-09
1.729795770066147089e-09
-8.235377849181514180e-09
-2.973578548960711601e-08
-7.093648730021047334e-08
-1.400642937319375878e-07
-2.466026570452165257e-07
-4.023295130950708824e-07
-6.171785228495956557e-07
-9.031514899300173860e-07
-1.271642574614721552e-06
-1.729887521382569519e-06
-2.289178952571289337e-06
-2.959316337258810552e-06
-3.745350404090789908e-06
-4.655311170687408526e-06
-5.694934649761066837e-06
-6.866621096105819732e-06
-8.173386601332508243e-06
-9.617695123783084963e-06
-1.120039125283949306e-05
-1.292240456085836938e-05
-1.478625484419641539e-05
-1.679111365322120215e-05
-1.893755510727952474e-05
-2.122850288041945620e-05
-2.366246083726367220e-05
-2.624136335253681820e-05
-2.896826555038799856e-05
-3.184296578561619166e-05
-3.486767410761874159e-05
-3.804340073794610391e-05
-4.136960232780885542e-05
-4.484605868768473436e-05
-4.847089941780600888e-05
-5.224141167339645250e-05
-5.615341919657778898e-05
-6.020180339006514188e-05
-6.437950493568026465e-05
-6.867734267250290162e-05
-7.308645004048675410e-05
-7.759531706986307292e-05
-8.219179362442522352e-05
-8.686409933783343750e-05
-9.159831365830707693e-05
-9.638146726237736123e-05
-1.011999254716091290e-04
-1.060397715732663978e-04
-1.108886784964545493e-04
-1.157337252748460109e-04
-1.205634063624592706e-04
-1.253671202986562439e-04
-1.301345253784980149e-04
-1.348569769204238807e-04
-1.395260042923229858e-04
-1.441345182765983680e-04
-1.486765957297398822e-04
-1.531468301249905848e-04
-1.575414829681350503e-04
-1.618571243110551890e-04
-1.660917625701990093e-04
-1.702443308240239692e-04
-1.743141581655830732e-04
-1.783024905772294757e-04
-1.822106789577553662e-04
-1.860410488997833820e-04
-1.897968796722065206e-04
-1.934809729214835008e-04
-1.970968419804118631e-04
-2.006473337761629908e-04
-2.041344605719967135e-04
-2.075596099897479585e-04
-2.109222746514500992e-04
-2.142205347697293048e-04
-2.174502709816534304e-04
-2.206052131336128292e-04
-2.236771981151324331e-04
-2.266555588068011292e-04
-2.295281871681364603e-04
-2.322812117702637133e-04
-2.348993680210838242e-04
-2.373669923732861162e-04
-2.396676258222641494e-04
-2.417852914478821075e-04
-2.437047671865228294e-04
-2.454117214154275168e-04
-2.468937413792605365e-04
-2.481397873734968369e-04
-2.491405392929282024e-04
-2.498879791226887577e-04
-2.503744300330285944e-04
-2.505921681432803343e-04
-2.505316495791444519e-04
-2.501803278245182029e-04
-2.495208067242530290e-04
-2.485282979245063842e-04
-2.471684810446450652e-04
-2.453940635562289804e-04
-2.431418379807217275e-04
-2.403297634176136666e-04
-2.368543235557488635e-04
-2.325901644784583266e-04
-2.273911647493457764e-04
-2.210947754142476439e-04
-2.135294118849647826e-04
-2.045237323550978641e-04
-1.939179930825320815e-04
-1.815745766539982541e-04
-1.673869607912276103e-04
-1.512860742660912571e-04
-1.332427298593413627e-04
-1.132672942937777407e-04
-9.140589891381429839e-05
-6.773406639143336554e-05
-4.234838114225891650e-05
-1.535603218941060155e-05
1.313565205205327202e-05
4.302905185177278476e-05
7.424366886245989850e-05
1.067195694035218026e-04
1.404174367385880781e-04
1.753148185895739286e-04
2.114001169732905529e-04
2.486653862656657389e-04
2.870981290325280515e-04
3.266733631744350589e-04
3.673458688491684884e-04
4.090438897739813754e-04
4.516657308107561151e-04
4.950796968438648865e-04
5.391282923668485509e-04
5.836354331987691655e-04
6.284154601183245242e-04
6.732828365329406647e-04
7.180607628554414338e-04
7.625883194560693695e-04
8.067250637736442416e-04
8.503525216994219094e-04
8.933726940546777955e-04
9.357032933146160539e-04
9.772708644689297348e-04
1.018002938924299043e-03
1.057820788390727599e-03
1.096634777230426480e-03
1.134343071250020103e-03
1.170834387996767464e-03
1.205994406971018030e-03
1.239714663014139517e-03
1.271902884593765744e-03
1.302492943499343686e-03
1.331452897337425398e-03
1.358789660600173525e-03
1.384549026220871721e-03
1.408810948616456360e-03
1.431680398728495595e-03
1.453275099583931562e-03
1.473712066064043411e-03
1.493094854562471933e-03
1.511503705781622360e-03
1.528989907063259051e-03
1.545575012864483988e-03
1.561254849613722458e-03
1.576007201608980958e-03
1.589801786495683095e-03
1.602610663148357380e-03
1.614417237471824909e-03
1.625222528346020098e-03
1.635047761917250144e-03
1.643933264420656360e-03
1.651934293497590465e-03
1.659114963024270299e-03
1.665541851575915019e-03
1.671278652075716556e-03
1.676382890308324809e-03
1.680905106474942911e-03
1.684890121966881125e-03
1.688379591511555283e-03
1.691414645029980625e-03
1.694037456420342076e-03
1.696290927978670506e-03
1.698216137777159912e-03
1.699847935210691864e-03
1.701209637903189874e-03
1.702308186035365965e-03
1.703131283912662349e-03
1.703647747201637776e-03
1.703811750266264217e-03
1.703570858930180841e-03
1.702876831950438964e-03
1.701697517729104008e-03
1.700027722802865526e-03
1.697896956627748758e-03
1.695372411852564751e-03
1.692556268168900506e-03
1.689577419041961986e-03
1.686578663085679239e-03
1.683702943708667663e-03
1.681070708913177296e-03
1.678767630025262275e-03
1.676843933094480064e-03
1.675292546353715842e-03
1.674063936440560452e-03
1.673085427074601532e-03
1.672244518782947838e-03
1.671422969820902720e-03
1.670514938507466950e-03
1.669405256879175591e-03
1.667992461416290245e-03
1.666184737578295556e-03
1.663847504269516534e-03
1.660801977606671991e-03
1.656828894718843665e-03
1.651649796517572428e-03
1.645011092716734289e-03
1.636808804356828552e-03
1.627158310823610850e-03
1.616500163624249014e-03
1.605643634115781282e-03
1.595653937703797251e-03
1.587726758130169344e-03
1.583017655985661338e-03
1.582408371775629588e-03
1.586356985659891734e-03
1.594786784107758921e-03
1.606993386454385339e-03
1.621676580579271571e-03
1.637066377270393700e-03
1.651117364197487395e-03
1.661818002095883599e-03
1.667538582472195786e-03
1.667309905343654060e-03
1.661021071814550772e-03
1.649481360326583409e-03
1.634305084757494819e-03
1.617701031779328769e-03
1.602191863038827891e-03
1.590279563155810611e-03
1.584143926393511911e-03
1.585368597333734969e-03
1.594709533666752860e-03
1.611972815643702680e-03
1.635991651008727879e-03
1.664718778877370296e-03
1.695443542598261497e-03
1.725079887059257451e-03
1.750492862948601876e-03
1.768831832046255251e-03
1.777827307728193458e-03
1.776043236048983247e-03
1.763083685226267362e-03
1.739722882615354037e-03
1.707938593944335762e-03
1.670836530551513292e-03
1.632425948747665998e-03
1.597252094143307259e-03
1.569927425856113869e-03
1.554583446710651332e-03
1.554319283739544200e-03
1.570722177663129524e-03
1.603498669463906045e-03
1.650295863547481976e-03
1.706761446507414808e-03
1.766853693376243878e-03
1.823418094658171102e-03
1.868991660017562057e-03
1.896739231394690885e-03
1.901414557527184284e-03
1.880213620794901749e-03
1.833378802855177830e-03
1.764457523986260939e-03
1.680158560217043934e-03
1.589781519294829106e-03
1.504267676832508763e-03
1.434967032053852077e-03
1.392236014223494816e-03
1.384042115320647387e-03
1.414754165855135236e-03
1.484275880782466887e-03
1.587675134315761835e-03
1.715391291173890692e-03
1.854030875468499779e-03
1.987702546383547392e-03
2.099762281524631975e-03
2.174783163288492114e-03
2.200541001596639790e-03
2.169783031422420436e-03
2.081551805131994989e-03
1.941873109229892485e-03
1.763662849440305247e-03
1.565781609867281706e-03
1.371275224761893050e-03
1.204940566456438227e-03
1.090444965690015892e-03
1.047317313552363844e-03
1.088155662120265238e-03
1.216402009439026275e-03
1.425016192254625284e-03
1.696301254442720468e-03
2.003031005547496659e-03
2.310889882995829665e-03
2.582050166586224646e-03
2.779536935853789848e-03
2.871904728124089010e-03
2.837684805378010849e-03
2.669070699887618730e-03
2.374312177413108894e-03
1.978322903123440855e-03
1.521201942699922051e-03
1.054664029184454628e-03
6.366465039437741238e-04
3.246214625955030626e-04
1.683684938257452271e-04
2.030486944159774906e-04
4.434031210906204780e-04
8.798494868078561093e-04
1.477190463964908563e-03
2.176481836055612837e-03
2.900251754401045063e-03
3.560877077876606692e-03
4.066368720836852774e-03
4.341829248243344458e-03
4.334969132424020682e-03
-2.096625736515985627e+05
