-3.946421424080138979e-07
-1.282841207641262283e-06
-1.734219888314706189e-06
-1.947454855982629178e-06
-2.675842332469471505e-06
-3.122902051926208208e-06
-3.269474773167717675e-06
-3.836576229202486501e-06
-4.270451440348635429e-06
-4.396459055786264668e-06
-4.806481623700340812e-06
-5.220944606467568629e-06
-5.336982060418198415e-06
-5.614911218530086826e-06
-5.993223637422455716e-06
-6.102289498579172989e-06
-6.275483519340870968e-06
-6.602406346777944313e-06
-6.700095775366442595e-06
-6.798046473347440514e-06
-7.057065282014388343e-06
-7.140768292272810739e-06
-7.186755925243837547e-06
-7.363355272019784197e-06
-7.437643976660081782e-06
-7.437330543086518775e-06
-7.534027241198822584e-06
-7.595883649784553960e-06
-7.548742566845056681e-06
-7.581601592980923682e-06
-7.613239109065333877e-06
-7.529852077776464317e-06
-7.506823513711571118e-06
-7.494225837308383295e-06
-7.386856330156426802e-06
-7.306951332358610610e-06
-7.248668601252784778e-06
-7.118727106092927128e-06
-6.984981863263059632e-06
-6.881717786588116620e-06
-6.726178221833090527e-06
-6.544204276352514581e-06
-6.396909795268521054e-06
-6.211586320750687491e-06
-5.987770804689854179e-06
-5.798018538201792389e-06
-5.577796657489941890e-06
-5.321255071478120828e-06
-5.086678234876155175e-06
-4.832751897271483396e-06
-4.547995339283475293e-06
-4.268347006690014969e-06
-3.985694022534847449e-06
-3.671461929106976646e-06
-3.354002507345918388e-06
-3.043585884577822163e-06
-2.701366770256332113e-06
-2.354668568252568279e-06
-2.016058607437815175e-06
-1.651592734191148548e-06
-1.281674793987136098e-06
-9.176884971835973638e-07
-5.375542419469913827e-07
-1.496725637882182841e-07
2.334075083913603600e-07
6.230273611963070293e-07
1.022503383098832275e-06
1.416094186141620482e-06
1.808951227616373130e-06
2.211821227227539910e-06
2.605737963198717378e-06
2.995170193142815589e-06
3.390539667972425569e-06
3.774603613636275600e-06
4.151881004281426830e-06
4.527203777119643486e-06
4.891819542282665335e-06
5.244615909127712820e-06
5.588680351358172053e-06
5.922164756321652582e-06
6.237075304264587848e-06
6.539155141844428971e-06
6.827077135541566603e-06
7.091404600017144102e-06
7.338301695445128956e-06
7.565273386468014536e-06
7.764904649491209869e-06
7.940698844278504105e-06
8.090248212487734315e-06
8.208643722222109461e-06
8.295819339678229661e-06
8.351064100188932578e-06
8.371471991558602938e-06
8.354223959155972410e-06
8.301998731954413050e-06
8.212117798090367494e-06
8.082215018415920646e-06
7.917013233997487816e-06
7.713643820068157635e-06
7.472228053379233822e-06
7.196115596473287969e-06
6.883823660094743935e-06
6.536187522733992632e-06
6.153919080485223918e-06
5.737497276938508678e-06
5.285905887126342103e-06
4.798793031043979998e-06
4.277592480170496893e-06
3.720034241509712212e-06
3.127052570605612667e-06
2.500504392954309115e-06
1.839226301164140071e-06
1.145272111848748843e-06
4.199125674861320612e-07
-3.373059892051400006e-07
-1.125566699780490968e-06
-1.945118415365373390e-06
-2.796295908772518822e-06
-3.680095158754972050e-06
-4.597028110816572687e-06
-5.547295159168374200e-06
-6.532874699111113331e-06
-7.553488159000489275e-06
-8.609891200163860838e-06
-9.703627809974342970e-06
-1.083419780385109631e-05
-1.200265938633256306e-05
-1.320939722763423911e-05
-1.445442261993355486e-05
-1.573811032275510965e-05
-1.706032579265716746e-05
-1.842144290994687954e-05
-1.982095017669217261e-05
-2.125876824941263886e-05
-2.273495713032228094e-05
-2.424841909177391082e-05
-2.579897750573614771e-05
-2.738585692189073872e-05
-2.900762024501870118e-05
-3.066349404641275598e-05
-3.235185543437116149e-05
-3.407116354758476953e-05
-3.581980512554752076e-05
-3.759581813101472558e-05
-3.939748771874949695e-05
-4.122249039236810391e-05
-4.306894276624360728e-05
-4.493469011392946309e-05
-4.681712064436755909e-05
-4.871418514018215117e-05
-5.062302755527405473e-05
-5.254088498118309803e-05
-5.446506547870491100e-05
-5.639238942992480871e-05
-5.832006799737706084e-05
-6.024510872762871045e-05
-6.216479014946637422e-05
-6.407659664645632270e-05
-6.597803412463527104e-05
-6.786715488152605382e-05
-6.974182992926959018e-05
-7.160006775788131553e-05
-7.343999014304414675e-05
-7.525924132934769229e-05
-7.705559784142800126e-05
-7.882659891754863288e-05
-8.056959025730691976e-05
-8.228211028922250694e-05
-8.396152507789832089e-05
-8.560549954535956387e-05
-8.721178103065895936e-05
-8.877828666317470697e-05
-9.030332294441587124e-05
-9.178513967505559569e-05
-9.322235454502156564e-05
-9.461363661621071276e-05
-9.595761452475812313e-05
-9.725314712106173764e-05
-9.849893294550380099e-05
-9.969380979016032485e-05
-1.008367113443333398e-04
-1.019266075065254450e-04
-1.029627274988420327e-04
-1.039443033927853476e-04
-1.048707492969737961e-04
-1.057415666333752063e-04
-1.065562120475900727e-04
-1.073142771490520224e-04
-1.080152017823543092e-04
-1.086583815429629704e-04
-1.092432221002638505e-04
-1.097690477397315461e-04
-1.102354150937003154e-04
-1.106420798506768134e-04
-1.109891343484352265e-04
-1.112770998968586739e-04
-1.115067566986827980e-04
-1.116792369451044054e-04
-1.117957761714729150e-04
-1.118576467162211128e-04
-1.122647235814121892e-04
-1.131174552622155483e-04
-1.134806941481460586e-04
-1.135603674503784236e-04
-1.141127521271592405e-04
-1.143366128530029627e-04
-1.142205207289231033e-04
-1.144840277694862652e-04
-1.145714584896786754e-04
-1.143129766364347279e-04
-1.142915160498058003e-04
-1.142236143822000837e-04
-1.138000984245854456e-04
-1.134611841417091001e-04
-1.131312160540238451e-04
-1.124284401130316055e-04
-1.116775408473708037e-04
-1.109779950060248708e-04
-1.099809879021541929e-04
-1.089614806316388068e-04
-1.081323228899042272e-04
-1.072192753281301996e-04
-1.064020537234071405e-04
-1.058707452764248036e-04
-1.054088300948884609e-04
-1.050339914334520681e-04
-1.048936912217130867e-04
-1.048351464717411707e-04
-1.047548945781146901e-04
-1.048100078748508579e-04
-1.048961616992496998e-04
-1.048797975132529162e-04
-1.049134971100574806e-04
-1.049345800044629100e-04
-1.048353282587834179e-04
-1.047325992903291669e-04
-1.046273104505126682e-04
-1.044432909402073941e-04
-1.042590154140796187e-04
-1.041242643808842314e-04
-1.039734642041628768e-04
-1.038398300010313306e-04
-1.037890960937857117e-04
-1.037529970337439691e-04
-1.037298217611382854e-04
-1.037848990132030687e-04
-1.038488290762567162e-04
-1.039058651616856351e-04
-1.039952973992692563e-04
-1.040600434146437636e-04
-1.040697866204691024e-04
-1.040392939048421389e-04
-1.039499973345722181e-04
-1.037713558579148244e-04
-1.035381003205013877e-04
-1.032798095520120812e-04
-1.029857678891312188e-04
-1.027108712291837104e-04
-1.024916475296595359e-04
-1.023134057471772383e-04
-1.022035448760669923e-04
-1.021727774141112052e-04
-1.021990232102944874e-04
-1.022875473472388812e-04
-1.024477982519075847e-04
-1.026646334823656359e-04
-1.029182394830484428e-04
-1.031906806648590910e-04
-1.034265889795192719e-04
-1.035541397840188105e-04
-1.035349698401868805e-04
-1.033329145521242503e-04
-1.029469685378347181e-04
-1.024449211117757448e-04
-1.019060899836388904e-04
-1.014177542157509510e-04
-1.010577996231437186e-04
-1.008574337982865853e-04
-1.008012897405016506e-04
-1.008519708227134800e-04
-1.009818022821023934e-04
-1.011788724893685534e-04
-1.014746005700682159e-04
-1.019265192736035268e-04
-1.025565458006006639e-04
-1.033310843734683261e-04
-1.041333405781515105e-04
-1.047647734446057404e-04
-1.050167034450985972e-04
-1.047474134341909945e-04
-1.039494305397761840e-04
-1.027819655438003669e-04
-1.015359403817920312e-04
-1.005360040030350328e-04
-1.000133283237713883e-04
-1.000224159960528164e-04
-1.004166418344471174e-04
-1.009178700527710093e-04
-1.012759050583580196e-04
-1.014107601109630834e-04
-1.014933581021940556e-04
-1.019025577525694594e-04
-1.030377376583178884e-04
-1.050754901327027001e-04
-1.077733956316532924e-04
-1.104432455403134500e-04
-1.121456356685121222e-04
-1.120682224305432750e-04
-1.099435704683083078e-04
-1.062817979419996059e-04
-1.022853899918875259e-04
-9.942929407337186803e-05
-9.883977034092182319e-05
-1.007448242762550494e-04
-1.042696185357335105e-04
-1.077481853345522154e-04
-1.094889219277854080e-04
-1.086820709268322113e-04
-1.060165176852484247e-04
-1.036137917788130993e-04
-1.041768590622818818e-04
-1.096420280241605931e-04
-1.199348713419316390e-04
-1.317555555827279912e-04
-1.418089465908722500e-04
-1.454336343151617990e-04
3.493227941979731550e+05
