3.504204876005155844e-01
1.076400882198076392e+00
1.833169800285390671e+00
2.662778786436122314e+00
3.538530493346927486e+00
4.407338833367937525e+00
5.353389355105672820e+00
6.321134031295428279e+00
7.287940968110953932e+00
8.318975941894770187e+00
9.358889484301725403e+00
1.041670234902491465e+01
1.150791876487414278e+01
1.261834551553006634e+01
1.375068000500853849e+01
1.489224899755673981e+01
1.607141117700118116e+01
1.725934726080343395e+01
1.845380946670160682e+01
1.969092378436602431e+01
2.092440387136681323e+01
2.217477150272617337e+01
2.345506360359527775e+01
2.473468911261451098e+01
2.603592832397588808e+01
2.735111497337454267e+01
2.867959494014207777e+01
3.002181461917848182e+01
3.137313482211163418e+01
3.274799757211371798e+01
3.412494888943764693e+01
3.551771536309821897e+01
3.693204571515224188e+01
3.834591951377058194e+01
3.978220481715402457e+01
4.123212893327250583e+01
4.268971995172613276e+01
4.416819535054322898e+01
4.565735605487799376e+01
4.716432423044629729e+01
4.868549613150263866e+01
5.022316560533306529e+01
5.178258053322106491e+01
5.335328911508799621e+01
5.494925473829754026e+01
5.656538380449673298e+01
5.819787803355733047e+01
5.986025954220208689e+01
6.154232582947066987e+01
6.325020330781889299e+01
6.498726202876366642e+01
6.674962837847866126e+01
6.854457479026072519e+01
7.036821818537424633e+01
7.222635348469705718e+01
7.411930899964063713e+01
7.604496961060989690e+01
7.801246336556556571e+01
8.001582604412541855e+01
8.205946268093211415e+01
8.414775705226739433e+01
8.627567004245284465e+01
8.845036724770181991e+01
9.067005980537123833e+01
9.293556979840741405e+01
9.525002441350036975e+01
9.761053331683363865e+01
1.000214304857422434e+02
1.024797084692341684e+02
1.049857992366827517e+02
1.075417459426395226e+02
1.101420259185608614e+02
1.127896041663171900e+02
1.154814421616400324e+02
1.182142064387334983e+02
1.209892116517001313e+02
1.238011189112409056e+02
1.266497844313958865e+02
1.295327156491973994e+02
1.324468743959965593e+02
1.353926901042225381e+02
1.383658716783761236e+02
1.413670487852715496e+02
1.443946505188392280e+02
1.474459930529969824e+02
1.505227719991149797e+02
1.536217637251478720e+02
1.567429785646464211e+02
1.598862877393769679e+02
1.630491296313989267e+02
1.662325119913653282e+02
1.694342437169315758e+02
1.726539774874579791e+02
1.758915026066980545e+02
1.791447380814038297e+02
1.824148139955359511e+02
1.857000141566590514e+02
1.890001597488167704e+02
1.923159183798801735e+02
1.956455631046057420e+02
1.989902308015596475e+02
2.023491481329310773e+02
2.057217567739046729e+02
2.091086099635854509e+02
2.125081247996194804e+02
2.159206000122421187e+02
2.193449301997452210e+02
2.227800277887167226e+02
2.262259167872963701e+02
2.296807733021684612e+02
2.331446290274751334e+02
2.366167368654566303e+02
2.400959785398795248e+02
2.435825811203545186e+02
2.470750532804136128e+02
2.505729246888340072e+02
2.540753024733074028e+02
2.575805791070605437e+02
2.610882028632394167e+02
2.645962996390306330e+02
2.681037752839638983e+02
2.716093753855053023e+02
2.751111426800151207e+02
2.786082233059634063e+02
2.820986841192180350e+02
2.855811207369901012e+02
2.890543254627520469e+02
2.925163421277756584e+02
2.959661670447326287e+02
2.994020875158381614e+02
3.028226423573703414e+02
3.062266630938706840e+02
3.096123183858110224e+02
3.129785367584357800e+02
3.163237053035679196e+02
3.196463025410251930e+02
3.229451797133117452e+02
3.262185277897416995e+02
3.294651713255054801e+02
3.326836027205516189e+02
3.358722411085827275e+02
3.390299269149753627e+02
3.421549589301361607e+02
3.452460935589393216e+02
3.483019143018814816e+02
3.513208706884673234e+02
3.543018040060538851e+02
3.572430943241038221e+02
3.601434642274250564e+02
3.630015627893847636e+02
3.658158380607353592e+02
3.685851274948669811e+02
3.713079041121654313e+02
3.739828756625523170e+02
3.766087935764233521e+02
3.791842094480144851e+02
3.817080244206599104e+02
3.841788873615799389e+02
3.865956025372744875e+02
3.889570625631560574e+02
3.912619574077112929e+02
3.935092719637168557e+02
3.956977953194440261e+02
3.978263904020027439e+02
3.998940449067305281e+02
4.018995466077369656e+02
4.038419273111520056e+02
4.057201018050587322e+02
4.075330102585280656e+02
4.092797397625424196e+02
4.109592121690035924e+02
4.125705458573023066e+02
4.141127916501911841e+02
4.155849918680112864e+02
4.169863336310293107e+02
4.183158570810927017e+02
4.195727514941241907e+02
4.207561808248005946e+02
4.218652739956439177e+02
4.228993037814229297e+02
4.238574310423751399e+02
4.247389273816900186e+02
4.255430754455010742e+02
4.262691141251310682e+02
4.269164140821014826e+02
4.274842619533868628e+02
4.279720263183988891e+02
4.283791102786412921e+02
4.287048730839662198e+02
4.289487995060458729e+02
4.291103249130564450e+02
4.291889488275845679e+02
4.291842307203334599e+02
4.290956938865494976e+02
4.289229732664182393e+02
4.286656786472726139e+02
4.283234630305783526e+02
4.278960465473871864e+02
4.273831209504886601e+02
4.267844819644374184e+02
4.264528960077283273e+02
4.264240775295430694e+02
4.263684025685498682e+02
4.263434845922018894e+02
4.263379548044422336e+02
4.263088063858673991e+02
4.263482025219303750e+02
4.264043429061475763e+02
4.264545136431304968e+02
4.265655393995244822e+02
4.266809468389215567e+02
4.268095639965507644e+02
4.269694608978064139e+02
4.271496373636252315e+02
4.273588258420607531e+02
4.275895982345736002e+02
4.278736787011126808e+02
4.281815639872947941e+02
4.285031728808078810e+02
4.288620856395913847e+02
4.291949945766262999e+02
4.295045212200972742e+02
4.297894466389887498e+02
4.300096687626715948e+02
4.301846320609979557e+02
4.303096315478225620e+02
4.303914307107725108e+02
4.304405569689408253e+02
4.304625232522776628e+02
4.304815720219646096e+02
4.304840636502602251e+02
4.304890244363443799e+02
4.305059813234039439e+02
4.305146283971358798e+02
4.305380105359639060e+02
4.305668055925957560e+02
4.305937722543542350e+02
4.306303222526885861e+02
4.306644200537484721e+02
4.307015291599399802e+02
4.307363156639814861e+02
4.307696255271196151e+02
4.308056746158705437e+02
4.308330608395334593e+02
4.308649259965368969e+02
4.308957202217835629e+02
4.309212392205445212e+02
4.309544238656918651e+02
4.309847674759203642e+02
4.310178661413596046e+02
4.310560814031928203e+02
4.310944953668400217e+02
4.311387191495210232e+02
4.311826656629863805e+02
4.312296507645918950e+02
4.312771343953573364e+02
4.313200642867779493e+02
4.313646039224881292e+02
4.314022741868780031e+02
4.314353016575182664e+02
4.314661750146311192e+02
4.314887956086169538e+02
4.315094311094477462e+02
4.315258231435670950e+02
4.315390425239812657e+02
4.315526828056317186e+02
4.315650976119838447e+02
4.315824584047253438e+02
4.316039537631770031e+02
4.316323797657291834e+02
4.316714642024353452e+02
4.317165200488295795e+02
4.317698521307361261e+02
4.318265374318364707e+02
4.318810074669840446e+02
4.319322176393059749e+02
4.319736522451779024e+02
4.320053813104874507e+02
4.320263070189035943e+02
4.320360109530358272e+02
4.320377907317086965e+02
4.320302946282054108e+02
4.320170479826594487e+02
4.319996175224285935e+02
4.319797372869666106e+02
4.319650415547267244e+02
4.319600613813519203e+02
4.319732013799338688e+02
4.320107648789177119e+02
4.320724569954757044e+02
4.321554301759960595e+02
4.322483392356847389e+02
4.323392604866215265e+02
4.324170796776434713e+02
4.324725369813660905e+02
4.325042655405587197e+02
4.325124650948858971e+02
4.325015843216136773e+02
4.324767644551375838e+02
4.324386423540146325e+02
4.323875045744774752e+02
4.323199255497711988e+02
4.322346914290291124e+02
4.321383619552058803e+02
4.320471135125432625e+02
4.319919485627368658e+02
4.320074624562805639e+02
4.321142645419022870e+02
4.323017471682090900e+02
4.325280686701722743e+02
4.327444774538117827e+02
4.329110398807864613e+02
4.330051885922703718e+02
4.330249747211445310e+02
4.329851600835344243e+02
4.329138295023225851e+02
4.328377072376896422e+02
4.327665084687882882e+02
4.326857871766665085e+02
4.325575666544465889e+02
4.323329447777758787e+02
4.319621642169074107e+02
4.314031523507662200e+02
4.305549144370666568e+02
4.297714447973925189e+02
4.302437731956922562e+02
-4.472273989038381728e+21
