-6.000914185286324032e-04
-9.294290591892184761e-04
-1.887662146109858607e-03
-3.061399288631694304e-03
-3.661861991310300102e-03
-5.619258510036195808e-03
-7.075950974607336796e-03
-8.760286506034997700e-03
-1.138202205952931756e-02
-1.343870780758926742e-02
-1.600913368965972694e-02
-1.861568093912535637e-02
-2.143431593032429916e-02
-2.434074546229680891e-02
-2.682409177001487954e-02
-3.001256099008497991e-02
-3.244248763970492000e-02
-3.473906528306613950e-02
-3.752511493814458809e-02
-3.925173706351436920e-02
-4.144829658898108171e-02
-4.360290891954043957e-02
-4.506153327073425530e-02
-4.703944828806139178e-02
-4.868098672244425273e-02
-5.030711418389044454e-02
-5.205574091935893932e-02
-5.379022915927444970e-02
-5.586740923801558623e-02
-5.772753837933519705e-02
-5.998365743092781699e-02
-6.234060879835645608e-02
-6.452098564263497593e-02
-6.722782000250493439e-02
-6.968147576016026079e-02
-7.223227235283591341e-02
-7.502765683338452618e-02
-7.742563247807376925e-02
-7.999112037634059647e-02
-8.234428798298099039e-02
-8.446930524079920843e-02
-8.661102527219455283e-02
-8.832396442225221023e-02
-9.004279820568639181e-02
-9.149674263289142573e-02
-9.263942290924020995e-02
-9.379190594914543766e-02
-9.457033014644844471e-02
-9.534211323185992626e-02
-9.598460895306271112e-02
-9.645567666341037238e-02
-9.703727534871253724e-02
-9.741255392201697560e-02
-9.788410358074628448e-02
-9.835270803174900323e-02
-9.872636392452172061e-02
-9.930380468572597152e-02
-9.972939402459424230e-02
-1.001818807538406020e-01
-1.006431322743983614e-01
-1.008229239657882914e-01
-1.008931460496258481e-01
-1.005443444912108575e-01
-9.966896053741081118e-02
-9.813096565035284158e-02
-9.552500418013654127e-02
-9.172357248339935154e-02
-8.623123313353797670e-02
-7.871127319887882834e-02
-6.879532827821321916e-02
-5.586755591132508414e-02
-3.966279374492653886e-02
-1.959177747727913754e-02
4.783559951931692922e-03
3.373817875308660064e-02
6.778780975421305754e-02
1.070809305608513284e-01
1.518908717998606051e-01
2.024177315328188342e-01
2.586617964421202842e-01
3.208054195125162877e-01
3.887775126067420928e-01
4.625906461642372847e-01
5.422507023561475847e-01
6.275953039653732191e-01
7.186402446535913313e-01
8.152063991622107153e-01
9.171529997094571840e-01
1.024374862723146151e+00
1.136576817049219201e+00
1.253606290756471786e+00
1.375151986208712707e+00
1.500896424289152264e+00
1.630577995804251223e+00
1.763766188891835895e+00
1.900167677024331425e+00
2.039391042215714656e+00
2.181019652522735441e+00
2.324715678488606940e+00
2.469989919402492795e+00
2.616432891845743569e+00
2.763571870627825611e+00
2.910866226567587312e+00
3.057826953241145951e+00
3.203809870104525004e+00
3.348154761267882584e+00
3.490052933291501347e+00
3.628469397462025015e+00
3.762220600161686690e+00
3.889774079594734424e+00
4.009396770383182762e+00
4.119177054858116804e+00
4.217078385298354881e+00
4.301239621728182527e+00
4.370002834705700501e+00
4.422128884243815783e+00
4.456870951969039041e+00
4.473873972214470029e+00
4.473208881771996381e+00
4.455168522404596487e+00
4.420221613125193016e+00
4.368977347584570126e+00
4.302065564101583917e+00
4.220181149747475047e+00
4.123938521644685551e+00
4.013805700499387896e+00
3.890086999044037874e+00
3.752842985046718649e+00
3.602011241427817367e+00
3.437460129418107080e+00
3.259078946835698432e+00
3.066911841641175585e+00
2.861165847482248559e+00
2.642299752467484275e+00
2.411048085036769706e+00
2.168424290072433980e+00
1.915775297934061872e+00
1.654713078853306651e+00
1.387068800285019776e+00
1.114786501187732259e+00
8.397643848532458932e-01
5.637782921134490977e-01
2.883787919890439255e-01
1.486680585326549675e-02
-2.556850426666419374e-01
-5.224249422120443853e-01
-7.846437795378173874e-01
-1.041722610955679862e+00
-1.293057283054410256e+00
-1.537960818038352606e+00
-1.775620116428993533e+00
-2.005043143586570764e+00
-2.225074004009384598e+00
-2.434463433086369921e+00
-2.631953694205248162e+00
-2.816415365300271034e+00
-2.986949075260048936e+00
-3.142961618560188075e+00
-3.284218155938234851e+00
-3.410828226684353925e+00
-3.523213080920160500e+00
-3.622022474809888593e+00
-3.708021208019607329e+00
-3.781979338011475011e+00
-3.844550361907934644e+00
-3.896190358803626630e+00
-3.937116998851277749e+00
-3.967313426335870474e+00
-3.986595087664691839e+00
-3.994695600209674513e+00
-3.991369758723414929e+00
-3.976488790972756870e+00
-3.950098142045383565e+00
-3.912448432556218325e+00
-3.863978716453285056e+00
-3.805265052649036139e+00
-3.736951908971180458e+00
-3.659667942232730287e+00
-3.573960971277466037e+00
-3.480257535616702036e+00
-3.378858612829093833e+00
-3.269981779592776583e+00
-3.153827589178074042e+00
-3.030663145147022952e+00
-2.900895605670543276e+00
-2.765111960775834099e+00
-2.624079898252125176e+00
-2.478699072318500729e+00
-2.329915033537910851e+00
-2.178614330855205505e+00
-2.025517074473451196e+00
-1.871097211776878488e+00
-1.715544878328735923e+00
-1.558781506967409136e+00
-1.400533111812286791e+00
-1.240443855793968986e+00
-1.078214231930028522e+00
-9.137355282726087324e-01
-7.471900565897775515e-01
-5.791030838160735605e-01
-4.115027370407351448e-01
-2.446800085441473982e-01
-7.971631999217265729e-02
8.145674219375864666e-02
2.389510100114895508e-01
3.897254857083827240e-01
5.328655936203245957e-01
6.699485342238675756e-01
7.986584664334608341e-01
9.201813561161227284e-01
1.037266802226863405e+00
1.147095060619058859e+00
1.250602781678214370e+00
1.349910337406527105e+00
1.441385438895141036e+00
1.525292651845921554e+00
1.602768366045507875e+00
1.670880048490760217e+00
1.732431889979826778e+00
1.793173561156184093e+00
1.858104208181112327e+00
1.937017555202540819e+00
2.038838633407258349e+00
2.164449065938707673e+00
2.309348816130085247e+00
2.462183386212725367e+00
2.603061996241626819e+00
2.713468482007940441e+00
2.780696832381513772e+00
2.796303651345632968e+00
2.762209282291842705e+00
2.687783309695219280e+00
2.584598200716513805e+00
2.469657831394281633e+00
2.361624206966174810e+00
2.277871976598970782e+00
2.235970519914647792e+00
2.248243066466123263e+00
2.318279206391527403e+00
2.441688304879262361e+00
2.605312972360004142e+00
2.790081652406619650e+00
2.976195359886874670e+00
3.145808911176329214e+00
3.284520909437026681e+00
3.383063625063827740e+00
3.435925137890964987e+00
3.440390893009641182e+00
3.399040961995964505e+00
3.318666629495129694e+00
3.210652186585342793e+00
3.092306998547797559e+00
2.982975401327667697e+00
2.902805313361948691e+00
2.871624542957538662e+00
2.905490761211104278e+00
3.016640647389585705e+00
3.212372991252708143e+00
3.491680574556804029e+00
3.844226396225671749e+00
4.249224513158636363e+00
4.674809078892652181e+00
5.081257338591939288e+00
5.426475484520421055e+00
5.671212012917377088e+00
5.785492104448571205e+00
5.754549557834125473e+00
5.580737388893849626e+00
5.285450582104198602e+00
4.908780194410280018e+00
4.504844293429597357e+00
4.137397436002029139e+00
3.872354495722008849e+00
3.767779055071877714e+00
3.865865027702559686e+00
4.185402076446608888e+00
4.716748248806015731e+00
5.421865466690898749e+00
6.237554114127851435e+00
7.081801651027534561e+00
7.863237054621087019e+00
8.491645356093876273e+00
8.888314431266463700e+00
8.996591641577609266e+00
8.790636806036921769e+00
8.280408977579062579e+00
7.514120667556832167e+00
6.575556452543485975e+00
5.576208340110595074e+00
4.644738312185781481e+00
3.912688063157893303e+00
3.498941928344615260e+00
3.495439496453728978e+00
3.953663085318323667e+00
4.874410937737507332e+00
6.202704143519211399e+00
7.828004641862889912e+00
9.591879306159224683e+00
1.130302077154697571e+01
1.275765481346610386e+01
1.376358350420156818e+01
1.416553897805213680e+01
1.386798600077253951e+01
1.285269773680082928e+01
1.118944800016853947e+01
9.036429435667631793e+00
6.630399552726246704e+00
4.266090727390839277e+00
2.263247857877655367e+00
9.266247677664987137e-01
5.075345215625755024e-01
1.169735003049323652e+00
2.959109631739081259e+00
5.780636437402126404e+00
9.393294833225729334e+00
1.343071877091131938e+01
1.744048561398285102e+01
2.093349230594009924e+01
2.344152889089862413e+01
2.457749944780412932e+01
2.408896410792652887e+01
2.190061639399722537e+01
1.813767803916973520e+01
1.341625607725599956e+01
7.758307092188303500e+00
1.604480467133529764e+00
3.925029687112213987e+21
