9.999751384620196859e-01
9.999237619797494148e-01
9.998972103369284659e-01
9.998788209423176143e-01
9.998371413477734615e-01
9.998101952130259429e-01
9.997956693684035834e-01
9.997650507512516604e-01
9.997399138547440334e-01
9.997323466340189979e-01
9.997150790067785842e-01
9.996986387950613784e-01
9.996884252435431772e-01
9.996616740728503370e-01
9.996289702002900679e-01
9.996051180760443522e-01
9.995735920717978562e-01
9.995355988939098602e-01
9.995015955853904233e-01
9.994636298093865223e-01
9.994178360410459483e-01
9.993061250290038444e-01
9.991707858231783090e-01
9.990223125372468260e-01
9.988587804510707935e-01
9.986805749856478842e-01
9.984883017030122820e-01
9.982813840905720992e-01
9.980589611321646348e-01
9.978221298849122567e-01
9.975706758964071330e-01
9.973031148972372195e-01
9.970208599840427732e-01
9.967234329757912459e-01
9.964096675318292462e-01
9.960807900357225853e-01
9.957364346884624018e-01
9.953761963926657241e-01
9.950007875154717185e-01
9.946105666566356085e-01
9.941631458601105642e-01
9.936930352955010148e-01
9.932107515516638285e-01
9.927121011525089633e-01
9.921983320827284514e-01
9.916755111052452110e-01
9.911406880895081706e-01
9.905947132777243036e-01
9.900431123858730587e-01
9.894846886765240601e-01
9.889198824548122158e-01
9.883529510086732639e-01
9.877847041031109221e-01
9.872144262594799713e-01
9.866456380954676808e-01
9.860800578971596897e-01
9.855162151064386089e-01
9.849570544555907858e-01
9.844042748255956710e-01
9.838564805730365403e-01
9.833156404822748220e-01
9.827832260205668913e-01
9.822581849858151859e-01
9.817413585508354412e-01
9.812340351968472651e-01
9.807354468609241760e-01
9.802454568785822220e-01
9.797651461725598310e-01
9.792938885874952204e-01
9.788308174186139965e-01
9.783768783124240365e-01
9.779314565271752802e-01
9.774935598342460175e-01
9.770640161954120551e-01
9.766424283153938291e-01
9.762283218248206662e-01
9.758223932882781337e-01
9.754250807344311269e-01
9.750365857228634470e-01
9.746578640257034243e-01
9.742904331912117799e-01
9.739350864005723585e-01
9.735933982498209405e-01
9.732675571648274904e-01
9.729589236194650104e-01
9.726694828616045951e-01
9.724016005987227151e-01
9.721569453882505929e-01
9.719374057487856211e-01
9.717450392409940907e-01
9.715813664343259104e-01
9.714477537244998739e-01
9.713456628963778039e-01
9.712763349728127382e-01
9.712406600431592318e-01
9.712399569191286774e-01
9.712756755957318022e-01
9.713492139751136456e-01
9.714629825516374328e-01
9.716200310749159019e-01
9.718242592112753542e-01
9.720812492296758700e-01
9.723982132186371752e-01
9.727843409589881363e-01
9.732511395615786043e-01
9.738125857182718947e-01
9.744847564647215465e-01
9.752854065849928533e-01
9.762334722674333998e-01
9.773476112659745807e-01
9.786451800248198163e-01
9.801412693770893414e-01
9.818473719087824625e-01
9.837708936748545963e-01
9.859149442640625649e-01
9.879214116254048106e-01
9.865956860357186775e-01
9.852496570043284274e-01
9.838845465619656672e-01
9.825012644109242244e-01
9.811008253992273831e-01
9.796844624563936232e-01
9.782540593686613883e-01
9.768123041584069188e-01
9.753628111609958795e-01
9.737554984980540951e-01
9.721119745067647866e-01
9.704698619218036226e-01
9.665034084378014700e-01
9.619892182645038980e-01
9.573544378562706125e-01
9.526077259860808999e-01
9.477610331766653795e-01
9.428296908967511714e-01
9.378318904355495977e-01
9.327878188481940613e-01
9.277187654561841468e-01
9.226459415944910925e-01
9.175895105589375600e-01
9.125678520516116166e-01
9.075969648565410663e-01
9.026903370934310500e-01
8.978591122892003451e-01
8.931126134469286049e-01
8.884591293424556335e-01
8.839067566305828239e-01
8.794642631692154433e-01
8.751415564905680178e-01
8.709498289333145182e-01
8.669013028737108106e-01
8.630084411268725830e-01
8.592830088564379354e-01
8.557349163818788185e-01
8.523710844515445251e-01
8.491945917080380157e-01
8.462041347356792365e-01
8.433940633237644313e-01
8.407549103073851393e-01
8.382744298101811875e-01
8.359390007929781152e-01
8.337351016442269280e-01
8.316507628489634429e-01
8.296766622971718519e-01
8.278067262090699208e-01
8.260382412051665568e-01
8.243713785715807152e-01
8.228083261838958773e-01
8.213521772616061423e-01
8.200057390684351022e-01
8.187705381985065367e-01
8.176461036011770656e-01
8.166296874705553099e-01
8.157164034504215122e-01
8.148996845544558276e-01
8.141720022120230160e-01
8.135255780188379582e-01
8.129529973167495260e-01
8.124476010228181000e-01
8.120035660880621231e-01
8.116157818512745870e-01
8.112795554730080072e-01
8.109903051404261376e-01
8.107433763412164041e-01
8.105340468390973552e-01
8.103578047885824365e-01
8.102108185235040727e-01
8.100905156838887899e-01
8.099961265180513070e-01
8.099289864370649017e-01
8.098925057384485093e-01
8.098916999609210299e-01
8.099322950793357290e-01
8.100195425782062975e-01
8.101568955249358606e-01
8.103448093152552101e-01
8.105798865647353413e-01
8.108545451843003349e-01
8.111573338977556835e-01
8.114738541108043046e-01
8.117882011264143660e-01
8.121154824808294315e-01
8.124489681120622420e-01
8.127087322506232336e-01
8.129065799356968158e-01
8.130980484745664594e-01
8.132300032004847745e-01
8.133111814989912869e-01
8.134059382820850725e-01
8.134880343672796776e-01
8.135566100415554391e-01
8.136673446426745393e-01
8.138114927212379834e-01
8.139755734863985959e-01
8.142074935767862343e-01
8.145203609250991628e-01
8.149093172091701476e-01
8.154286365011202964e-01
8.161112402635367635e-01
8.169430050050072722e-01
8.179308403628102742e-01
8.190411870298087704e-01
8.201659263540889144e-01
8.211999357746151418e-01
8.220250558356091419e-01
8.224971053712202274e-01
8.225183052132563066e-01
8.220488761089901342e-01
8.210860230556925599e-01
8.197017781177489137e-01
8.180540694482074660e-01
8.163334557169179551e-01
8.147593082132568165e-01
8.135662456824570565e-01
8.129302926538316543e-01
8.129496994918591346e-01
8.136423100223499905e-01
8.149156506935265609e-01
8.165808514177461674e-01
8.183946664448116248e-01
8.200779496257231127e-01
8.213458871671551753e-01
8.219595579708072197e-01
8.217505635338241410e-01
8.206345683816094194e-01
8.186394367824060270e-01
8.159058083011621054e-01
8.126620518361705736e-01
8.092124837080105770e-01
8.059052150260076486e-01
8.030848432279111826e-01
8.010636219364642985e-01
8.000908737356203781e-01
8.003186910182903402e-01
8.017813372789375226e-01
8.043878228707548317e-01
8.079131076417213064e-01
8.120059413605994481e-01
8.162219425616898949e-01
8.200584597383764329e-01
8.230049305864912679e-01
8.246094487247415117e-01
8.245355657025779106e-01
8.226135935499575558e-01
8.188849033592020543e-01
8.136198132244474301e-01
8.073076513987876845e-01
8.006234435583329256e-01
7.943636306868276931e-01
7.893531302179356279e-01
7.863427810208121205e-01
7.859054227738684339e-01
7.883391369482062316e-01
7.936031014023136043e-01
8.012923039474328935e-01
8.106519225852490962e-01
8.206426100938187806e-01
8.300473254802951395e-01
8.376075893156623708e-01
8.421793972875979417e-01
8.428894358220276883e-01
8.392694730662967340e-01
8.313503492470495360e-01
8.197028212901615873e-01
8.054112089926652729e-01
7.899795141866517989e-01
7.751806275097191667e-01
7.628593251159694333e-01
7.547119552820541477e-01
7.520689437829263246e-01
7.557028648974464247e-01
7.656866060523686013e-01
7.813224632569683026e-01
8.011561798131231482e-01
8.230824575665039999e-01
8.445390166012841648e-01
8.627760799862164154e-01
8.751750984824101520e-01
8.795839952249098204e-01
8.746309574167696610e-01
8.599732665296774270e-01
8.364439106366170495e-01
8.060654617104766606e-01
7.719131677375796752e-01
7.378299241817130039e-01
7.080166425048098899e-01
6.865421842116679052e-01
6.768289350890684952e-01
6.811746291587092994e-01
7.003646178598880168e-01
7.334237105260803524e-01
7.775565079601040042e-01
8.283072094659568174e-01
8.799422853940888078e-01
8.804394772557824211e-01
8.639164719056678932e-01
8.490002097807126669e-01
8.376501974140456719e-01
8.315668869350525405e-01
8.319497026312591137e-01
8.280959120949219487e-01
7.500692643766507794e-01
6.698551855915647613e-01
5.972374353537753811e-01
5.422534080357672703e-01
5.131676420710442610e-01
5.154548673076140286e-01
-5.144059578617808000e+15
