2.982173912800000082e+01
4.641381624000000095e+00
4.636125827999999949e+00
4.751119980000000353e+00
4.666215122000000548e+00
4.492019835000000683e+00
4.308618182000000019e+00
4.642674184000000537e+00
4.315973761000000408e+00
4.523883577000000322e+00
4.675863021000000508e+00
4.817890460000000097e+00
4.815266489999999955e+00
4.603001816999999996e+00
4.492249369000000492e+00
4.442714408000000503e+00
4.976115957000000201e+00
4.642184129000000326e+00
5.011516982000000731e+00
4.802776248999999886e+00
4.999460529000000264e+00
5.074549035000000430e+00
4.866951837000000225e+00
4.466198247000000343e+00
4.941118323000000423e+00
4.696359259000000286e+00
4.740684980000000159e+00
4.870070902000000146e+00
5.072977054999999957e+00
4.924597719000000318e+00
4.802536278999999908e+00
4.787343997000000684e+00
4.671511694000000325e+00
5.009627604000000289e+00
4.614146603000000013e+00
5.026788241000000212e+00
5.059950586000000250e+00
5.164659933000000258e+00
4.959359248000000164e+00
5.008977063000000562e+00
4.661418910000000082e+00
4.855995855000000638e+00
4.883816047000000715e+00
4.573206418000000717e+00
4.405237802000000258e+00
4.843721455000000731e+00
4.798773463000000739e+00
4.854650975000000201e+00
4.667639214000000258e+00
4.638279751999999867e+00
4.525282761000000598e+00
4.768576215000000396e+00
4.883099003999999965e+00
4.834344924999999904e+00
4.612991858000000001e+00
4.641221988999999937e+00
4.375481044999999902e+00
4.850293965000000540e+00
4.524969368999999908e+00
4.706977468999999914e+00
4.585077797000000288e+00
4.870224892000000416e+00
4.808332025000000343e+00
4.517185754999999858e+00
4.837077905000000122e+00
4.606624271000000270e+00
4.787155092999999972e+00
4.860868699000000070e+00
4.791969536999999946e+00
4.956323900000000116e+00
4.634339699999999951e+00
4.368877120000000502e+00
4.746770817999999892e+00
4.447753888000000266e+00
4.617251833000000083e+00
4.716608137000000589e+00
4.908818251000000465e+00
4.759785337000000283e+00
4.627618194000000074e+00
4.464484019000000359e+00
4.624279959999999967e+00
4.486769204999999872e+00
4.399414004000000489e+00
4.924575775000000100e+00
5.064153326000000455e+00
4.855423498000000393e+00
4.554062035000000286e+00
4.604992960000000579e+00
4.438552441000000570e+00
4.805966757000000200e+00
4.313681522000000435e+00
4.612361928000000333e+00
4.661812943000000153e+00
5.029741315999999962e+00
4.772542919000000161e+00
4.646291248000000706e+00
4.523807945000000608e+00
4.603209113000000130e+00
4.479414918000000689e+00
4.393684369000000700e+00
4.644360856000000481e+00
4.880412842000000140e+00
4.774888680000000107e+00
4.705181435000000079e+00
4.800757771000000673e+00
4.447172568000000048e+00
4.723686107999999884e+00
4.478118059000000706e+00
4.679577072000000726e+00
4.715805570000000557e+00
4.831249017000000201e+00
4.791575965000000714e+00
4.628260616000000383e+00
4.480502341000000222e+00
4.809222480000000743e+00
4.679553011000000318e+00
4.582779588000000182e+00
4.642006201000000054e+00
4.850575938000000420e+00
4.680332500000000451e+00
4.523721569000000109e+00
4.400998391999999981e+00
4.513854374000000114e+00
4.810060149999999979e+00
4.296163216000000062e+00
4.634229111000000678e+00
4.724093135000000387e+00
7.977396366000000683e+00
7.666940726000000872e+00
7.702709872000000679e+00
7.639455773000000782e+00
7.911550351000000703e+00
8.104883902000000973e+00
7.544946109000000511e+00
8.063454629000000651e+00
7.805493344000000278e+00
8.273606328999999704e+00
8.063611413000000283e+00
7.589392309000000836e+00
7.972731805000000449e+00
7.590422763000000295e+00
8.242579167000000595e+00
7.822564186000000142e+00
7.707358684000000792e+00
7.689063975000000717e+00
7.444020076000000152e+00
8.038484629000000936e+00
7.953336546000000062e+00
7.597914851000000525e+00
7.659200910000000917e+00
7.570792850000000129e+00
8.162165532000001278e+00
8.057893893000001029e+00
7.810237408000000769e+00
8.035231752999999699e+00
7.443120215000000428e+00
7.908984681000000627e+00
8.035754103000000370e+00
7.691459684000000685e+00
7.676542974000000186e+00
7.723910165000000383e+00
7.915060547000000390e+00
7.725592272000000094e+00
7.665104579000000307e+00
7.865827201000000102e+00
7.672081874000000745e+00
7.986842853000000630e+00
7.617482559000000819e+00
7.376348198000000522e+00
7.902309406000000536e+00
7.986404097000000313e+00
7.973860348000000542e+00
7.885160507000000152e+00
7.560510414000000345e+00
7.417426107000000712e+00
8.076268896000000197e+00
8.208152251999999649e+00
7.739316986000000398e+00
7.693280360000000151e+00
7.532107569000000780e+00
7.870258657000000824e+00
7.987621317000000332e+00
7.682126222000000837e+00
7.795418722000000855e+00
7.369569970000000581e+00
8.031373756000000697e+00
7.921488467000000533e+00
7.856484830000000308e+00
7.908761734000000487e+00
7.792349500000000262e+00
8.102689399000000847e+00
7.724403033000000640e+00
7.509822510000000229e+00
7.701581904000000200e+00
7.857974533000000150e+00
8.045318938000001197e+00
7.699884864000000384e+00
7.563454618000000629e+00
7.773359613000000223e+00
4.582388463000000023e+00
4.596700459000000016e+00
4.819978996000000571e+00
4.653814735000000091e+00
4.653897315000000035e+00
4.356628618000000230e+00
4.575636300000000212e+00
4.382184661000000148e+00
4.577433758000000630e+00
4.589387259000000441e+00
4.918543048000000084e+00
4.680495059000000069e+00
4.560687081000000198e+00
4.273146944000000502e+00
4.611459860000000077e+00
4.460251644000000404e+00
4.523294744000000200e+00
4.510443584999999977e+00
4.715548412000000411e+00
4.578865626999999883e+00
4.573722549000000193e+00
4.327810105000000185e+00
4.775795805000000449e+00
4.392676596000000266e+00
4.460842914000000548e+00
4.552418675000000192e+00
4.686999829000000339e+00
4.780531211000000447e+00
4.582656472000000036e+00
4.372391117000000271e+00
4.613864715000000061e+00
4.462332102000000411e+00
4.395378337000000357e+00
4.575322595000000270e+00
4.728590253000000132e+00
4.674191618000000048e+00
4.460029695000000238e+00
4.476300143000000453e+00
4.671873519000000030e+00
4.632507507000000579e+00
4.408490829999999860e+00
4.703255315000000714e+00
4.639911294000000019e+00
4.804667508000000531e+00
4.544068489000000710e+00
4.586195330000000681e+00
4.272879417000000402e+00
4.706833719000000471e+00
4.413723392000000523e+00
4.532629140000000056e+00
4.717388978000000677e+00
4.866176872000000486e+00
4.691715493000000237e+00
4.713971403000000393e+00
4.359079281000000528e+00
4.559593768000000047e+00
4.592055140000000257e+00
4.698947581000000540e+00
4.643822665000000072e+00
4.912146299000000660e+00
4.640543672000000619e+00
4.558057444000000125e+00
4.411940710000000543e+00
4.591205573999999956e+00
4.493320457000000268e+00
4.400960578000000289e+00
4.622975377000000385e+00
4.688569649000000616e+00
4.710475747000000268e+00
4.658080982000000425e+00
4.556426792999999975e+00
4.341621728000000680e+00
4.710690997000000380e+00
4.342419290000000487e+00
4.662751237000000160e+00
7.909055470000000199e+00
7.927815502000000514e+00
7.734893919000000118e+00
4.790012047000000273e+00
4.449231929000000640e+00
4.512881576999999922e+00
4.567395649000000724e+00
4.738557762000000118e+00
7.687782622000000288e+00
7.465877773000000772e+00
7.725982605000000447e+00
7.971151638000000261e+00
8.133371108000000405e+00
7.814592897000000704e+00
4.502008895000000344e+00
4.834580184000000003e+00
7.617780957000000797e+00
7.882425723000000772e+00
8.040819141000000059e+00
7.787140544000000553e+00
7.853875003000000632e+00
7.596157826000000668e+00
8.088819113999999644e+00
4.756029642000000557e+00
4.535308897000000172e+00
7.528022549000000119e+00
7.807480320000000695e+00
7.714426651000000135e+00
7.869848040000000822e+00
7.833784386000000488e+00
7.643383956000000090e+00
7.612466588000000201e+00
7.901845952000000395e+00
8.107730534999999961e+00
7.768075920000000245e+00
7.595835936000000288e+00
7.595587091000000513e+00
8.076320221000001354e+00
7.919933185000000542e+00
7.635440901000000835e+00
7.590086729000000254e+00
7.537008525000000070e+00
7.825435208000000920e+00
7.981215295000000154e+00
7.594290466000000350e+00
8.097572381000000874e+00
8.063691565000000949e+00
8.339786353000000929e+00
7.989273427000000538e+00
1.204799508500000016e+01
8.122706972000001358e+00
7.808185096000000769e+00
3.588539335480000432e+02
