5.649309920100000681e+01
6.150910401500000546e+01
6.143701297600000544e+01
6.116441513800000251e+01
6.131947945400000322e+01
6.134843450400000364e+01
6.150851847500000247e+01
6.132048785300000304e+01
6.098807206800000102e+01
6.162121574900000098e+01
6.111889165300000570e+01
6.182852182700000299e+01
6.179823431800000577e+01
6.196380653900000368e+01
6.031750456700000029e+01
5.127059643900000196e+01
5.326933746000000269e+01
5.330186394200000422e+01
5.346371150100000591e+01
5.324491777700000483e+01
5.166078916700000434e+01
5.284003671300000349e+01
5.380798201500000033e+01
5.812324402700000547e+01
5.936098375700000673e+01
5.929349640800000287e+01
6.015303337300000663e+01
6.045007968600000225e+01
5.997738122200000532e+01
6.060168081500000170e+01
6.097552147700000091e+01
6.017867889000000048e+01
6.069998585100000099e+01
6.069827901400000059e+01
6.033797575500000221e+01
6.099027671400000372e+01
6.054139031700000118e+01
6.039716353700000440e+01
6.100200404700000689e+01
6.035880585600000359e+01
6.051253617700000120e+01
6.078445278700000642e+01
6.037239428600000224e+01
6.069781824500000056e+01
6.061161317400000570e+01
6.005949106700000328e+01
6.062036297400000251e+01
6.050748061800000244e+01
6.020994739400000384e+01
6.047961467600000418e+01
6.046724693800000239e+01
6.048536501600000292e+01
6.058731868700000689e+01
6.043404847200000063e+01
6.004150743000000290e+01
6.075204627600000151e+01
6.063503058500000265e+01
6.021696448100000509e+01
6.083755536100000683e+01
6.029461041400000454e+01
6.023956069600000518e+01
6.075435970200000213e+01
6.074884146000000129e+01
6.002431890300000106e+01
6.075892009600000421e+01
6.087251994300000035e+01
6.042062996600000702e+01
6.115075035100000633e+01
6.064108304200000532e+01
6.046424051600000382e+01
6.126468796800000405e+01
6.046209428500000627e+01
6.074059051100000062e+01
6.058623021100000727e+01
6.047021137900000554e+01
6.094300057300000617e+01
6.057138664200000022e+01
6.065538535400000342e+01
6.100721594400000214e+01
6.011161688000000680e+01
6.095327483100000165e+01
6.067831749400000518e+01
6.006266078300000544e+01
6.068052984600000599e+01
6.033369941300000505e+01
6.025330248600000260e+01
6.092458543900000478e+01
6.039825629100000270e+01
6.036515621800000275e+01
6.104355573200000151e+01
6.034495403600000429e+01
6.043288562600000091e+01
6.065997629900000732e+01
6.022399660000000665e+01
6.096220015000000103e+01
6.041711787300000225e+01
6.034371716400000452e+01
6.088816274900000280e+01
6.009809635100000236e+01
6.048633659900000481e+01
6.073482866500000199e+01
5.994727046900000289e+01
6.057800737000000169e+01
6.046899227800000176e+01
5.217759703100000479e+01
4.631934162099999952e+01
4.074368173200000598e+01
3.658744309600000122e+01
4.991865353100000391e+01
6.137428589800000367e+01
6.110555124000000404e+01
6.080708789500000222e+01
6.181750094100000581e+01
6.074983136400000205e+01
6.067309787600000703e+01
6.139238385800000231e+01
6.097300272900000095e+01
6.106462688200000599e+01
6.165673937400000426e+01
6.095427118900000352e+01
6.123143818000000493e+01
6.171576399900000354e+01
6.140349742300000457e+01
6.117551624400000065e+01
6.171383978200000087e+01
6.142236480700000101e+01
6.051672117000000384e+01
6.116549805200000378e+01
6.128355097300000409e+01
6.065454386600000447e+01
6.033215226300000467e+01
6.069225023400000651e+01
6.044297007500000518e+01
6.005040220200000078e+01
6.090298394600000620e+01
6.073625107500000553e+01
6.038808813000000697e+01
6.098302939700000280e+01
6.098961549500000245e+01
6.019774127600000213e+01
6.114676785600000386e+01
6.073482537600000342e+01
6.083456006700000529e+01
6.085331412500000425e+01
6.090768130100000377e+01
6.052230134800000627e+01
6.040289446400000628e+01
6.058013017200000405e+01
6.058496907400000708e+01
6.103053316400000483e+01
6.024302147100000582e+01
6.043576147400000309e+01
6.088263246700000053e+01
6.062550742000000525e+01
6.129148313700000728e+01
6.073619322400000442e+01
6.067249799300000035e+01
6.127981955900000344e+01
6.065171043100000503e+01
6.052831801500000353e+01
6.071715007000000242e+01
6.056698871500000081e+01
6.039410265700000480e+01
6.068401956200000313e+01
6.055765868700000709e+01
6.035077090700000468e+01
6.087687493000000671e+01
6.087135840300000211e+01
6.010899729700000194e+01
6.041153729600000588e+01
6.108846489400000479e+01
6.018763041100000066e+01
6.034593014500000407e+01
6.068595243800000105e+01
5.988293652600000172e+01
6.023646574000000697e+01
6.066737642100000727e+01
6.006451457800000071e+01
6.068811974500000161e+01
6.027533308300000670e+01
6.023020956100000234e+01
6.030379502200000275e+01
6.029892228100000295e+01
6.033797206100000210e+01
6.029987421000000580e+01
5.997938424300000548e+01
6.061283612200000448e+01
6.029676224000000673e+01
6.007180039400000027e+01
6.065701278800000296e+01
6.048760469300000153e+01
6.022061069800000155e+01
6.071031331200000380e+01
6.023518125200000384e+01
6.022000725300000568e+01
6.059423220000000043e+01
6.038378053600000328e+01
6.009395437400000617e+01
6.071014411200000183e+01
6.022819441900000470e+01
5.992538863800000115e+01
6.034043282100000027e+01
6.085688207800000527e+01
6.003743252800000363e+01
6.081605559200000499e+01
6.075059889300000293e+01
6.033324687500000039e+01
6.040787832900000609e+01
6.063428556200000230e+01
6.073471963400000107e+01
6.037882976900000642e+01
6.056940862600000486e+01
6.072977706800000419e+01
6.088421294500000158e+01
6.025170611800000131e+01
6.066820032700000098e+01
6.083944759100000255e+01
6.011110397600000255e+01
6.048009970600000429e+01
6.078920299400000715e+01
6.035273691200000457e+01
6.061616592100000389e+01
6.085361379100000079e+01
6.041061426600000317e+01
6.027327058200000209e+01
6.091898641700000638e+01
6.053125038900000732e+01
6.056977462100000054e+01
6.084934062700000368e+01
6.027990712400000461e+01
6.022234210300000257e+01
6.068868973400000044e+01
6.046207094900000101e+01
6.052995392600000457e+01
6.094492913500000242e+01
6.039187130700000239e+01
6.035885141000000687e+01
6.086521885200000526e+01
6.022533154100000274e+01
6.049567176300000426e+01
6.117934491300000133e+01
6.048550507000000209e+01
6.012745166300000221e+01
6.092096652900000464e+01
6.049442970400000519e+01
6.007083016300000367e+01
6.069068576400000126e+01
6.052112398800000648e+01
6.000191123300000129e+01
6.059462191800000141e+01
6.021167766100000307e+01
5.958545419600000059e+01
6.024200069200000485e+01
5.962635633000000723e+01
6.004451759700000224e+01
6.063180834800000696e+01
6.067654282000000165e+01
6.009076127900000586e+01
6.111174709100000513e+01
6.011557016000000431e+01
6.040581528900000308e+01
6.063732641000000712e+01
6.056561332000000419e+01
5.998049079000000461e+01
6.056178092600000440e+01
5.860411270800000239e+01
3.865922196100000008e+01
4.233544769100000593e+01
5.902263435100000066e+01
5.896460380700000314e+01
5.910877490100000387e+01
5.906280914500000279e+01
5.904538022500000238e+01
5.630166561100000422e+01
5.887988945200000046e+01
5.877838997900000351e+01
5.891722417800000500e+01
5.891619515700000420e+01
5.880661620700000469e+01
5.885017010400000714e+01
5.894335573900000469e+01
5.938451122100000390e+01
5.919188453100000658e+01
5.901462980800000224e+01
5.902924566100000447e+01
5.863265432900000462e+01
5.881035101200000526e+01
5.887460562400000441e+01
5.884846215900000033e+01
5.890007594500000465e+01
5.889812152900000086e+01
5.905605396600000034e+01
5.905129927500000520e+01
5.906002261600000480e+01
5.883243922300000150e+01
5.908401741300000509e+01
5.923251809300000303e+01
5.908105590500000659e+01
5.910189227900000475e+01
5.903834242100000296e+01
5.899996323900000306e+01
5.906798945000000600e+01
5.909413705200000066e+01
5.882694540200000688e+01
5.862758634300000438e+01
5.910005598100000412e+01
5.904399790700000494e+01
5.900676038400000323e+01
5.302109630500000037e+01
6.083449196300000494e+01
6.087265631900000074e+01
6.067213033200000183e+01
6.061821666900000594e+01
6.073769869900000629e+01
6.124065976700000391e+01
6.113704754100000116e+01
6.106452003000000417e+01
6.080450536100000392e+01
3.858940804800000279e+01
3.644202112400000004e+01
4.019539689300000163e+01
3.724586429200000026e+01
3.720832901100000356e+01
5.933762693200000626e+01
5.683111908300000437e+01
5.912270288400000595e+01
5.847617973100000199e+01
5.868716603600000070e+01
4.587864228700000524e+01
5.470508543300000071e+01
5.984200300500000225e+01
5.986345884300000364e+01
6.020643844600000705e+01
5.753162552500000260e+01
3.653256443800000142e+01
3.753198617099999979e+01
3.642822836700000266e+01
3.641381823500000081e+01
3.657470277300000561e+01
4.967125397600000269e+01
3.699549247800000273e+01
6.182149410700000658e+01
6.181302634700000453e+01
6.192739688400000375e+01
6.164545285100000171e+01
5.971909468300000157e+01
6.008576096000000177e+01
4.043376307100000133e+01
4.149278662400000428e+01
5.085167247100000054e+01
4.726076903300000254e+01
5.512652920800000089e+01
5.985253867500000524e+01
6.000492617600000500e+01
5.966416970400000253e+01
6.032594507300000686e+01
5.975701744600000609e+01
5.930255110100000593e+01
5.991626646200000295e+01
5.941365742100000347e+01
5.939905169100000393e+01
6.002279911200000129e+01
5.959631437700000589e+01
5.940014401300000202e+01
6.003402295100000430e+01
5.171840825000000308e+01
3.652370873000000273e+01
3.604415291500000507e+01
3.718634515500000504e+01
3.962515945200000544e+01
3.657848587400000184e+01
3.706160372000000081e+01
3.655578106400000138e+01
3.660963015500000495e+01
3.721219530600000525e+01
3.632150328800000239e+01
3.666481560100000081e+01
3.666378544000000517e+01
3.648277677500000493e+01
3.692358723099999906e+01
3.689233938200000296e+01
4.904714305400000285e+01
3.924001569200000006e+01
3.670680631000000460e+01
3.644670695199999955e+01
3.665518796799999990e+01
3.691284121300000010e+01
3.625220135300000379e+01
3.676642261500000330e+01
3.676471202000000460e+01
3.642253569900000088e+01
5.599175730299999998e+01
5.984307422500000229e+01
6.008069400600000165e+01
6.016396023000000071e+01
5.956403119100000509e+01
6.006130801000000474e+01
6.049291795700000307e+01
5.976690629800000210e+01
6.010795383500000355e+01
6.027639008000000587e+01
5.984340141700000260e+01
6.020524031600000114e+01
6.058201992200000063e+01
5.980195608900000082e+01
6.031429183100000557e+01
6.033404751700000190e+01
5.972297394300000661e+01
6.050034676000000644e+01
6.001871927700000242e+01
6.003070000500000702e+01
6.047643407100000701e+01
5.999126514100000662e+01
6.012002660100000639e+01
6.020822342300000685e+01
5.982044118300000690e+01
6.038271905800000638e+01
6.018830780700000105e+01
5.982319704600000421e+01
6.040666647400000500e+01
6.032989558900000304e+01
5.988554879700000555e+01
6.059154570700000164e+01
5.977060116100000187e+01
6.011438722900000187e+01
6.027339425000000261e+01
5.994963954800000039e+01
6.052272193300000680e+01
6.049525559300000310e+01
6.001251544500000534e+01
6.071322214400000661e+01
6.021570373700000545e+01
6.002981474000000617e+01
6.041891474100000181e+01
5.982222564400000664e+01
6.041738300600000144e+01
6.042176709600000351e+01
6.011515949200000364e+01
6.079587628800000232e+01
5.988719686000000308e+01
6.020526496200000111e+01
6.022823498500000028e+01
6.000467531700000023e+01
6.057997328300000106e+01
6.022124092900000392e+01
6.001524161900000109e+01
6.066327482800000581e+01
5.978954680200000382e+01
6.034034796400000289e+01
6.051219345100000169e+01
6.007307568700000644e+01
6.050862019500000599e+01
6.038061630400000723e+01
6.005101414300000329e+01
6.061936499000000111e+01
5.958190289700000619e+01
6.037496279000000499e+01
6.044297039900000357e+01
5.995202449700000358e+01
6.074450438000000219e+01
5.992414284300000560e+01
6.024765894700000501e+01
6.045846295200000498e+01
6.010861367600000449e+01
6.087209755000000655e+01
6.013288386600000024e+01
6.010661089000000601e+01
6.054024320800000680e+01
6.005899543900000026e+01
6.000309077300000382e+01
6.008915310400000465e+01
5.961728927500000452e+01
5.978890580800000265e+01
6.020430811400000692e+01
6.009492409500000321e+01
5.957658827500000598e+01
6.014202443300000311e+01
6.017697399100000410e+01
5.961472363600000079e+01
5.968061001100000595e+01
6.002070513300000698e+01
5.929873443300000702e+01
5.972937841100000611e+01
6.024931367000000648e+01
5.973965876000000463e+01
5.957111378600000506e+01
6.004745498400000514e+01
5.932683297700000224e+01
5.982612824200000290e+01
6.021336823100000402e+01
5.998058406200000547e+01
6.010987472300000434e+01
6.038640048700000307e+01
5.975129948100000377e+01
6.002047271900000425e+01
6.044905814300000202e+01
5.982852516200000537e+01
6.034868779400000705e+01
6.054101445600000631e+01
5.985469705200000590e+01
6.049274891900000028e+01
6.040026818800000541e+01
5.993550913400000724e+01
6.038458304400000287e+01
6.053293379300000510e+01
5.997973468800000063e+01
6.034321874700000166e+01
6.038648915000000272e+01
5.970066500800000142e+01
6.025771610400000355e+01
6.039227676400000178e+01
5.975561678500000085e+01
5.990548824500000080e+01
6.030983046500000455e+01
5.995037744800000468e+01
6.035266200400000258e+01
5.999626111100000259e+01
5.989875748200000061e+01
6.045437609200000395e+01
5.988004512700000248e+01
6.068658119600000589e+01
6.053495928300000628e+01
6.017387262700000150e+01
3.871533814400000040e+01
3.583192165999999901e+01
3.613478243900000564e+01
3.576811215200000049e+01
3.605656992900000546e+01
3.601325587400000217e+01
3.583648950500000296e+01
3.614676795700000156e+01
3.583993365999999980e+01
3.652338778000000019e+01
3.667536001100000220e+01
3.623595399100000236e+01
3.667795670000000285e+01
3.640648868200000265e+01
3.633393910400000237e+01
3.660710832200000198e+01
3.612308777400000537e+01
3.648082107100000115e+01
3.652980085400000121e+01
3.643837808400000000e+01
3.682200537399999973e+01
3.640061758899999944e+01
3.638927231800000328e+01
3.660433154100000053e+01
3.624002166400000391e+01
3.694656245100000547e+01
3.654804565100000247e+01
3.624377594599999952e+01
3.657447438400000550e+01
3.616942457100000041e+01
3.662029844399999945e+01
3.665786332000000414e+01
3.620286604200000369e+01
3.656450250800000390e+01
3.665841216100000111e+01
3.630994500100000266e+01
3.650955047400000097e+01
3.633636235899999889e+01
3.657478084499999937e+01
3.679177225600000156e+01
3.629282751000000218e+01
3.673898742800000150e+01
3.659613937299999975e+01
3.615180373000000458e+01
3.662216655800000353e+01
3.568666923400000002e+01
3.594073990400000440e+01
3.607225839899999897e+01
3.578067426600000545e+01
3.590058306800000310e+01
3.568892938000000470e+01
3.581867179800000400e+01
3.596519580000000360e+01
3.640867769900000184e+01
3.645370370999999921e+01
3.661985677999999922e+01
3.610344023000000391e+01
3.614805929399999940e+01
3.568537608600000510e+01
3.589210115699999903e+01
3.586542942700000225e+01
3.627822315499999917e+01
3.648838065099999994e+01
3.631509358200000293e+01
3.623262909400000353e+01
3.654777834800000136e+01
3.839091959200000304e+01
6.019562372100000402e+01
6.006491788500000695e+01
6.043379735100000261e+01
6.079000558500000295e+01
6.020838692800000302e+01
6.002342273300000386e+01
6.069121907000000249e+01
6.068972525200000234e+01
6.056937409800000438e+01
6.006565120500000177e+01
6.044042902200000356e+01
6.068387258500000314e+01
6.081089062400000245e+01
6.025464870900000136e+01
6.017774168200000418e+01
6.038077472100000165e+01
6.044405841400000412e+01
4.147869504500000204e+01
3.907508066500000155e+01
3.851962268100000131e+01
3.903649751300000048e+01
3.906584067100000368e+01
4.024745774100000517e+01
3.882165680100000316e+01
3.885735746699999993e+01
3.839050699599999916e+01
3.728339380500000289e+01
3.838406545800000202e+01
3.819177864299999925e+01
4.455932770000000431e+01
3.800047023700000182e+01
5.220488526100000115e+01
5.513876395300000155e+01
6.033741121600000668e+01
6.014070569100000085e+01
6.083419955300000481e+01
6.016467161600000679e+01
6.052061041500000727e+01
6.094941825700000493e+01
6.026714440500000336e+01
6.041038362800000527e+01
6.083393995700000545e+01
6.084408786200000208e+01
6.057693420900000092e+01
6.113879071600000259e+01
6.127121308100000618e+01
6.109897604900000090e+01
6.053067495200000536e+01
6.044946009300000611e+01
6.109076566500000638e+01
6.138676633300000418e+01
6.112795067700000118e+01
6.033526578200000046e+01
6.052792634600000099e+01
6.111276254400000596e+01
6.095308465300000478e+01
6.070055831300000193e+01
6.038403625200000135e+01
6.043097024900000491e+01
6.066871545300000435e+01
6.094722695600000151e+01
6.090584741600000029e+01
6.117973684500000076e+01
6.056793233200000515e+01
6.034934946500000308e+01
6.039598573000000670e+01
6.086013889000000177e+01
6.072682039800000098e+01
6.067152059600000058e+01
6.051130934100000047e+01
6.028479406300000676e+01
6.026094583900000146e+01
6.052040543000000383e+01
6.066576036500000413e+01
6.074591623800000662e+01
6.067214609600000585e+01
6.043831580300000184e+01
6.078997417900000499e+01
6.099647536200000530e+01
6.081756463600000728e+01
6.064599959800000306e+01
6.057388771200000122e+01
6.108304330100000357e+01
6.105076190900000199e+01
6.105904530800000174e+01
6.057554082100000414e+01
6.049139640500000326e+01
6.037145271100000343e+01
6.051637891800000091e+01
6.033755628200000132e+01
6.001865604800000398e+01
6.032116227800000274e+01
6.053375044300000241e+01
6.020143816800000280e+01
5.987185488900000507e+01
6.047579872500000420e+01
6.066320745700000572e+01
6.033636738100000230e+01
5.994084465100000614e+01
6.007447265200000430e+01
6.046189286700000309e+01
6.018110802600000397e+01
5.968583862100000204e+01
5.948913039200000696e+01
3.739569645600000314e+01
3.769097639900000019e+01
3.683099277300000551e+01
3.693654918000000009e+01
3.814210281500000121e+01
3.661301830600000073e+01
3.591622073700000328e+01
3.586117659100000310e+01
3.777367384500000469e+01
4.950342537200000237e+01
3.989389750400000167e+01
3.590674499600000047e+01
3.573259136900000499e+01
3.574392336500000056e+01
3.696140186400000260e+01
3.642988665000000026e+01
3.634339730800000012e+01
3.631805655200000160e+01
3.632847079000000434e+01
3.596596238500000453e+01
3.558031452699999875e+01
3.565399252400000307e+01
3.575622892100000172e+01
3.549772775000000280e+01
3.580349860800000528e+01
3.553569117300000357e+01
3.592256654400000571e+01
3.590756099900000464e+01
3.569927660500000144e+01
3.634329353200000412e+01
3.660239309900000393e+01
3.709064096899999896e+01
3.744701934500000107e+01
3.671986632300000508e+01
3.576154198200000423e+01
3.592018546500000298e+01
3.809605731399999939e+01
3.589366021100000381e+01
3.651358728600000347e+01
3.730295386699999938e+01
3.725361997299999928e+01
3.730325484300000483e+01
3.733975054700000129e+01
3.741046273900000330e+01
3.728322247599999884e+01
3.817595217200000235e+01
3.626607275500000327e+01
3.692670531099999920e+01
3.774208050900000444e+01
3.725560433400000449e+01
3.638982328200000183e+01
3.660564529000000533e+01
3.625120225500000259e+01
3.635900168199999882e+01
3.635088327700000121e+01
3.667916588500000330e+01
3.646498649100000478e+01
3.629457130200000137e+01
3.638048546200000288e+01
3.634897927800000161e+01
3.618313348000000218e+01
3.638926859900000466e+01
3.732459576800000178e+01
3.668145585900000327e+01
3.650613842599999970e+01
3.630468479800000381e+01
3.637554228600000528e+01
3.634425341900000461e+01
3.637322823800000293e+01
3.630398987899999952e+01
3.670855900600000155e+01
3.743435305300000238e+01
3.636593245200000268e+01
3.655445478800000103e+01
3.619687506300000024e+01
3.630204523300000119e+01
3.630268955500000061e+01
3.663249354799999935e+01
3.644440996899999874e+01
3.902491091400000300e+01
3.633228834200000534e+01
3.663024121100000485e+01
3.638234532199999904e+01
3.640681061500000482e+01
3.635639726100000502e+01
3.652471188700000226e+01
3.649025377699999950e+01
3.636753410400000064e+01
3.635160072200000059e+01
3.656138234600000203e+01
3.708780810000000372e+01
3.749894953800000508e+01
3.766652261900000553e+01
3.653151371000000580e+01
3.748015820999999903e+01
3.744393441000000422e+01
3.682547007000000150e+01
3.757544177600000523e+01
3.783853116800000294e+01
3.706465563600000479e+01
3.809491067900000161e+01
3.748590197600000096e+01
3.640524184400000252e+01
3.669180277299999915e+01
3.631004329499999983e+01
3.661676707000000164e+01
3.764413135000000210e+01
3.680524634300000031e+01
3.648691954000000237e+01
3.569766024400000504e+01
3.652501640200000566e+01
3.593964975200000111e+01
3.613422023400000427e+01
3.740406869699999959e+01
3.758770512000000252e+01
3.673711767400000383e+01
3.644399033700000246e+01
3.610130654900000025e+01
3.644127421000000311e+01
3.655308235300000064e+01
3.615038343900000228e+01
3.757229797300000484e+01
4.220223850600000048e+01
3.713751124100000567e+01
3.754305647600000384e+01
3.732679034099999882e+01
3.810000012300000094e+01
3.650651918500000193e+01
3.608752254699999895e+01
3.687903277499999888e+01
3.640374072699999886e+01
3.619261193599999871e+01
3.577793198300000199e+01
3.566446085600000515e+01
3.576718620800000537e+01
4.279014509200000305e+01
6.085145076200000602e+01
5.998315700200000578e+01
6.010817796600000662e+01
6.001780555200000578e+01
5.968252598900000550e+01
5.968553094300000339e+01
5.998215485100000421e+01
6.004886652400000457e+01
5.981008182400000095e+01
5.280811571300000651e+01
3.734002609000000206e+01
3.653809207000000470e+01
3.638478548300000170e+01
3.708394150500000563e+01
3.632202781000000158e+01
3.631315634999999986e+01
3.706711826400000120e+01
3.950435544100000129e+01
3.642540317299999941e+01
3.669500661300000388e+01
5.022353842000000412e+01
3.567352225300000157e+01
5.225127375400000318e+01
5.976782711800000669e+01
5.987570015800000078e+01
5.526509270800000451e+01
3.749078705300000536e+01
4.452907731100000177e+01
5.901157270500000607e+01
5.922725764100000134e+01
5.960862102100000470e+01
5.935574555500000571e+01
5.871189049100000545e+01
3.726904496600000272e+01
4.055792456700000059e+01
3.852330443200000332e+01
4.479951228100000549e+01
5.888415947700000430e+01
5.934127315100000288e+01
5.973170389100000222e+01
5.930658721800000421e+01
5.986551786900000138e+01
4.026201625500000603e+01
3.639189378300000044e+01
5.475102762100000575e+01
5.866940117800000110e+01
5.034628940400000374e+01
3.581815344500000009e+01
3.597296504000000539e+01
3.590355047500000296e+01
3.938098478500000255e+01
3.770317317700000359e+01
3.601364334700000569e+01
3.590221838400000109e+01
3.602725807699999905e+01
3.594342404400000390e+01
3.611696221600000456e+01
4.072826341900000102e+01
3.599875936800000176e+01
5.006522213100000585e+01
5.916446877800000692e+01
5.676061317600000677e+01
5.948425074000000023e+01
5.962998153800000267e+01
5.961569777100000067e+01
6.027963521900000643e+01
4.967816822200000360e+01
3.590049967899999928e+01
3.601096502100000407e+01
4.976178648600000543e+01
5.210488596500000114e+01
3.598032324000000415e+01
3.631381157799999926e+01
5.915730739200000698e+01
5.978684938600000720e+01
5.977648101100000133e+01
5.963805839400000508e+01
5.960784513900000547e+01
5.940369960100000668e+01
5.962653586800000483e+01
5.909383066600000234e+01
5.964905062600000463e+01
5.980855564300000538e+01
6.001116642500000609e+01
5.999956949200000622e+01
5.971463957600000327e+01
5.941628265100000306e+01
5.976347357700000629e+01
5.982647387900000524e+01
5.992230188000000624e+01
4.100659450300000231e+01
3.639041395499999965e+01
3.644593257600000413e+01
3.739935866900000150e+01
3.730279637699999995e+01
3.729713640599999991e+01
3.719374791900000332e+01
4.437701613200000139e+01
5.347370993500000225e+01
6.005241402900000480e+01
5.990602051100000125e+01
5.992656366400000678e+01
5.959710330500000453e+01
5.943484901800000131e+01
5.977168657200000723e+01
5.999043486400000091e+01
6.018806839400000541e+01
6.003349918300000354e+01
6.023675641600000574e+01
6.015494039300000395e+01
5.982072794200000487e+01
5.953239680400000111e+01
5.977596912000000628e+01
6.001875181900000200e+01
5.934252512800000545e+01
5.985249386400000304e+01
6.018830919700000237e+01
6.000738072900000475e+01
5.930921104100000463e+01
5.990510109900000657e+01
6.007942276800000059e+01
5.971955328700000365e+01
5.882652741900000137e+01
5.966396751300000290e+01
6.061997293700000711e+01
6.028156899500000065e+01
5.993063494600000496e+01
6.012280097700000425e+01
6.020938950200000050e+01
6.064663944800000195e+01
6.001601395800000205e+01
5.661932091800000677e+01
4.061781194200000300e+01
5.943610536700000324e+01
6.062254646000000236e+01
5.950327870300000654e+01
5.582275667600000446e+01
3.711661254000000554e+01
3.776857704600000432e+01
3.717747888000000245e+01
3.748662775300000050e+01
6.070353321800000401e+01
3.987947915500000562e+01
5.486497940300000664e+01
3.680000912300000238e+01
4.734747460900000249e+01
5.810622221500000251e+01
5.166656376400000283e+01
3.860313436399999887e+01
3.656656281300000444e+01
3.650347761000000446e+01
3.644456084000000118e+01
3.663808346400000460e+01
3.756156350000000543e+01
3.754828110300000077e+01
3.769572228400000569e+01
3.994534997100000595e+01
3.712448955300000364e+01
3.636389971100000196e+01
3.572709534500000217e+01
3.592074931400000537e+01
3.566980187400000091e+01
3.651178193600000554e+01
3.689403248500000387e+01
3.730735113400000103e+01
4.114386110000000230e+01
3.606749582400000520e+01
4.187171977700000269e+01
3.770564427900000481e+01
3.756019762300000053e+01
3.997450231100000195e+01
3.766236163900000378e+01
3.736640099600000298e+01
3.763589994000000161e+01
4.783890343200000217e+01
5.023117174000000063e+01
3.719536413700000566e+01
3.670905892300000062e+01
3.610845997900000270e+01
4.473788333000000250e+01
3.781400656900000001e+01
3.718580027200000160e+01
3.750899176000000068e+01
3.772014638499999961e+01
3.714854071599999941e+01
3.768680171900000175e+01
3.695356952400000239e+01
3.750659993900000444e+01
3.791452039900000415e+01
3.725375023500000538e+01
5.316196203300000178e+01
6.040126135500000260e+01
6.026103113700000335e+01
6.066933772600000196e+01
6.095209287200000148e+01
6.083645846800000356e+01
5.944599214400000164e+01
5.618654737100000318e+01
5.576187389100000047e+01
5.490003912800000307e+01
3.665736946300000199e+01
3.631696252800000480e+01
3.663447761300000138e+01
3.657493782699999940e+01
3.717102434400000277e+01
3.677507698300000527e+01
3.640592148200000366e+01
3.792552041000000429e+01
3.694299995900000511e+01
3.616117955200000011e+01
3.807066166500000293e+01
3.801760262700000226e+01
3.751045912900000445e+01
3.681002495300000277e+01
3.611236292000000248e+01
3.918947294700000583e+01
4.278276471600000264e+01
5.890878067400000617e+01
3.649842277300000148e+01
3.668295424200000099e+01
3.783377985700000323e+01
3.938296670600000482e+01
3.733572536900000216e+01
3.772479781300000212e+01
3.769334457700000485e+01
3.647228587600000083e+01
3.637040730800000432e+01
3.795471770200000350e+01
3.653440519100000472e+01
3.674315924600000471e+01
3.652845429799999977e+01
4.692142196200000370e+01
6.035666434800000246e+01
6.038119295700000322e+01
6.071883679200000472e+01
6.046639109900000619e+01
6.079208940800000249e+01
6.033430452000000344e+01
5.981155035000000453e+01
6.048087466900000209e+01
6.101905055600000338e+01
6.111953598400000232e+01
6.087677011600000299e+01
6.028886204700000206e+01
6.027441802000000592e+01
6.084819743400000647e+01
6.074291042700000531e+01
6.029516852000000426e+01
6.013526012800000586e+01
6.083741957000000156e+01
6.104994878700000527e+01
6.084641301000000624e+01
6.022634939000000287e+01
6.030211851500000364e+01
6.053280379100000630e+01
6.088334919000000411e+01
6.078584126900000228e+01
5.988559204100000244e+01
6.067902092600000685e+01
6.072291174900000499e+01
6.102583505700000188e+01
6.009634486900000638e+01
5.955421478600000285e+01
5.941029690700000288e+01
5.983973685400000164e+01
5.911095319200000375e+01
5.980123285200000538e+01
5.915484753900000214e+01
5.960415101900000678e+01
5.978266736500000178e+01
5.905546244600000705e+01
5.988633081600000452e+01
5.950118172500000213e+01
5.958595249100000046e+01
5.988194725700000021e+01
5.901927297400000327e+01
5.996940249300000403e+01
5.921090531700000525e+01
5.958949024900000069e+01
5.917452672400000324e+01
5.917686442600000163e+01
6.011954325900000384e+01
5.955677693100000170e+01
6.039428191400000401e+01
5.932137796900000382e+01
6.045821250600000241e+01
5.975723740400000139e+01
6.061263959100000420e+01
5.985477142600000633e+01
5.978440277900000410e+01
5.967763896400000334e+01
5.922750422400000048e+01
5.916243826400000216e+01
6.015856211800000608e+01
5.932547923800000689e+01
5.975346915200000097e+01
5.993399123800000439e+01
5.916051883300000469e+01
6.055580998800000714e+01
5.989220642100000447e+01
5.997110510200000277e+01
5.960019358400000300e+01
5.963809131900000438e+01
5.983644881100000390e+01
5.950461156700000487e+01
5.939933284400000701e+01
5.949473367000000223e+01
5.951524714400000704e+01
6.048363581900000696e+01
5.912695887500000680e+01
5.981812784900000679e+01
5.896773070000000416e+01
5.924499434200000536e+01
6.000979163600000277e+01
5.935323194900000487e+01
6.031877428600000712e+01
5.929760475500000183e+01
5.907976475200000266e+01
5.993084329200000582e+01
5.967809316800000374e+01
5.936475417700000179e+01
5.950210281300000048e+01
5.910845052200000538e+01
6.025772737900000209e+01
5.951106203200000522e+01
5.942114663800000329e+01
6.016683369200000442e+01
5.981463927900000499e+01
5.955851278300000473e+01
5.976865454900000429e+01
5.939699949100000254e+01
5.978132087600000233e+01
5.915929350900000117e+01
5.907681250500000658e+01
5.962092930000000024e+01
5.929381342800000709e+01
5.931775383700000503e+01
5.984865390000000218e+01
5.914698972100000418e+01
5.925609430100000452e+01
5.992104081300000473e+01
5.961460181800000413e+01
5.938676239800000189e+01
5.963671881100000149e+01
5.968671166900000458e+01
5.971837484300000654e+01
6.003020376300000294e+01
5.906116300600000102e+01
5.978285752000000031e+01
5.897745378100000124e+01
5.938267382800000149e+01
5.939051270800000282e+01
5.956609956000000494e+01
5.941077680400000105e+01
5.973398198100000656e+01
5.933459530900000090e+01
5.959217283300000645e+01
5.870890697900000532e+01
5.917091527600000234e+01
5.952507504900000157e+01
5.915200729100000387e+01
5.905911711800000319e+01
5.903328737100000723e+01
5.916705260400000554e+01
5.977906530200000645e+01
5.902072901100000024e+01
4.424135268100000218e+01
3.671145508600000085e+01
3.615687016400000431e+01
3.735531318800000378e+01
3.737693529100000234e+01
3.757566827100000495e+01
3.730970211200000364e+01
3.727103186300000459e+01
3.659673086900000527e+01
3.581785688300000459e+01
3.601203729899999928e+01
5.701831289600000474e+01
6.065020245400000221e+01
5.975489079500000145e+01
5.938284140000000377e+01
5.982264105200000159e+01
6.023524330800000115e+01
6.018358055600000256e+01
6.042210864300000139e+01
6.033546028100000314e+01
6.064456640000000220e+01
6.018582204900000221e+01
5.984510223100000559e+01
3.724480639800000148e+01
3.808931212099999897e+01
3.763778389700000560e+01
5.948134855400000021e+01
5.958609113300000359e+01
5.971726785500000290e+01
5.967259007200000553e+01
5.936800744000000662e+01
6.019726887500000601e+01
5.923689078800000374e+01
5.924701800900000137e+01
6.012185322000000554e+01
4.982743520400000392e+01
3.630005223799999925e+01
6.045640423900000116e+01
6.049329048800000663e+01
6.040101380100000483e+01
6.069405155100000115e+01
3.922117559500000539e+01
4.173187335900000505e+01
3.757600530200000577e+01
3.757460462000000234e+01
3.780643825900000365e+01
3.731732810200000472e+01
3.744559135800000149e+01
3.720384248599999921e+01
3.797421912600000127e+01
3.952540618400000483e+01
3.744036751700000565e+01
3.870213722300000114e+01
6.055205910500000499e+01
6.074557279600000470e+01
6.016674634900000029e+01
6.027519657300000233e+01
6.091202672500000403e+01
6.074288584000000668e+01
5.992072779800000148e+01
6.031196015800000509e+01
6.074386026200000543e+01
6.069661672300000532e+01
6.028647888700000124e+01
5.570566190300000642e+01
3.630158764500000501e+01
6.053194162200000505e+01
6.049900092100000393e+01
6.013489532300000207e+01
6.017066381900000493e+01
5.954704469200000716e+01
6.025654544900000076e+01
6.045300577900000150e+01
6.005580469900000651e+01
5.986607470600000624e+01
6.011056597700000026e+01
6.033324119300000632e+01
6.068533370300000485e+01
6.042188974400000490e+01
6.046189994900000642e+01
6.003188441600000402e+01
5.975433308000000210e+01
6.029954460500000124e+01
6.022020519900000579e+01
6.021270073500000564e+01
6.022749031500000427e+01
4.360251364600000556e+01
3.658169085900000539e+01
4.236342384299999964e+01
3.799717844199999917e+01
3.756144413999999898e+01
3.747510101700000007e+01
3.787257980300000071e+01
5.910343474900000160e+01
6.056904975400000524e+01
6.083060077600000426e+01
6.075447442100000472e+01
6.068851036100000584e+01
6.058314024400000619e+01
6.039039337400000562e+01
6.148758588200000474e+01
6.104328455800000341e+01
6.110541187200000479e+01
6.073313806700000583e+01
5.998121091400000182e+01
5.993667516800000072e+01
6.048000339400000058e+01
6.037485268300000030e+01
6.008587744000000441e+01
6.035681685700000543e+01
6.036479522900000205e+01
6.030834411800000083e+01
6.042416130100000515e+01
6.035946282700000154e+01
6.078429947100000419e+01
6.058799625600000383e+01
6.029050669300000465e+01
5.720673136700000327e+01
5.562659260800000283e+01
5.601190274900000077e+01
5.587692920900000360e+01
5.594906487100000447e+01
5.582804122000000291e+01
5.598502493300000538e+01
5.581875324300000329e+01
5.608176627200000297e+01
5.599497361100000603e+01
5.615605952700000358e+01
5.590116859200000476e+01
5.673900303000000633e+01
5.978592773300000118e+01
5.999038760800000603e+01
6.010404330200000089e+01
5.994873345800000664e+01
6.034918784100000266e+01
6.030300315400000244e+01
5.954647297100000713e+01
5.975288178000000272e+01
5.994188582400000342e+01
6.032132015700000238e+01
6.026293770500000591e+01
6.039857666900000055e+01
3.684929855400000065e+01
3.703797363200000348e+01
3.693600087900000517e+01
3.802566101500000428e+01
3.918503834200000568e+01
5.461597738500000077e+01
3.709039529300000027e+01
3.653426909000000222e+01
3.629286704300000110e+01
3.641895621300000130e+01
3.651805478600000043e+01
3.629299455099999960e+01
3.686036680700000545e+01
6.019531348200000309e+01
5.989637870300000344e+01
4.436223409600000167e+01
4.604955737000000227e+01
3.745430072300000290e+01
3.835720775800000126e+01
3.899648878600000046e+01
4.873869671100000289e+01
5.965987055800000149e+01
5.968705630000000184e+01
6.031967087200000321e+01
5.990228311500000302e+01
5.904925221500000276e+01
5.989405463700000354e+01
4.324099118400000208e+01
4.090666222100000482e+01
3.787982002100000045e+01
3.772458001200000410e+01
3.785095593500000177e+01
3.745744952100000091e+01
3.800386925900000534e+01
3.789573270700000052e+01
3.763254260000000073e+01
3.834499763700000585e+01
3.754677683599999938e+01
3.776317829900000334e+01
3.682972647900000140e+01
3.665660329399999995e+01
3.654487272700000489e+01
3.837395046099999973e+01
3.727122292900000389e+01
3.629162685200000027e+01
3.623377864700000117e+01
3.716457765000000535e+01
3.746756286000000102e+01
3.734630330099999895e+01
3.744938766199999947e+01
4.334379133300000575e+01
5.986949071800000155e+01
6.060610841900000167e+01
6.072126052800000195e+01
6.049144414800000646e+01
5.983258679400000091e+01
5.998694425100000416e+01
6.019779375200000260e+01
6.052935482000000178e+01
6.036081448800000260e+01
6.002825527400000283e+01
5.966003842500000331e+01
5.965740637900000110e+01
6.007206885500000482e+01
6.050436704400000565e+01
6.100291546000000409e+01
6.094304798700000703e+01
6.064755223800000294e+01
6.038744919100000175e+01
6.030642388700000112e+01
6.043888234700000339e+01
6.059890874900000313e+01
5.998897531300000452e+01
5.999607469600000087e+01
6.066890768200000394e+01
4.818249901600000129e+01
3.617359445900000026e+01
3.773816051300000396e+01
4.442646008000000535e+01
5.930737982900000560e+01
5.910696959500000247e+01
5.969819609400000360e+01
5.929784540400000026e+01
5.922037917000000107e+01
5.901380678900000021e+01
5.911352313000000436e+01
5.912033435500000422e+01
5.918182401200000697e+01
5.905266316800000226e+01
5.920764659400000340e+01
5.888972341100000563e+01
5.910757479900000533e+01
5.971472704900000394e+01
5.880544870000000657e+01
5.830186222700000087e+01
5.992092400800000718e+01
5.883769624300000345e+01
5.893705918500000251e+01
5.980811652700000280e+01
5.907695021800000035e+01
5.896904214200000638e+01
5.966608863100000093e+01
5.882667967200000447e+01
5.922002215200000563e+01
5.934810298100000381e+01
5.928042546500000043e+01
5.959433364700000624e+01
5.952734565600000138e+01
6.003685992300000152e+01
6.008670463700000397e+01
5.948512426600000680e+01
5.945287501900000393e+01
5.975077090600000673e+01
5.997285717700000163e+01
5.977518495200000359e+01
5.919478109000000643e+01
5.954966232000000304e+01
5.974970557900000045e+01
5.967998991300000711e+01
5.948139238800000328e+01
5.939380991900000595e+01
5.235296486100000379e+01
6.060590169300000696e+01
6.063170783300000721e+01
4.695371422800000261e+01
3.745544745100000483e+01
3.755672095100000263e+01
3.755300870700000360e+01
3.732987942400000492e+01
3.799659026700000197e+01
3.793731976300000497e+01
3.778169155000000501e+01
4.403686675200000167e+01
3.742721215299999926e+01
3.724494748900000474e+01
3.865931082700000587e+01
3.754206625000000486e+01
4.813690435500000575e+01
5.961355048500000464e+01
6.023911734700000409e+01
6.046304141500000640e+01
6.022448679100000390e+01
5.960603471200000314e+01
5.108075104699999969e+01
5.040274760300000167e+01
3.772447178899999898e+01
4.025112874100000226e+01
3.868720975200000112e+01
6.008749654300000032e+01
6.047621387100000589e+01
6.029688828400000489e+01
5.999169601000000540e+01
5.981896266800000461e+01
6.006122995300000156e+01
4.679590445400000220e+01
4.286414906200000274e+01
5.032459064100000035e+01
3.675454798600000572e+01
3.633256859400000138e+01
4.154827017699999914e+01
3.641241651500000387e+01
3.626781053100000207e+01
3.622159153200000503e+01
3.784557234900000111e+01
5.351542324300000075e+01
3.629838802500000128e+01
4.124869273300000572e+01
4.221845103900000140e+01
5.963253947800000532e+01
5.905294012500000633e+01
5.921440124900000512e+01
5.772972287800000402e+01
5.998808566100000661e+01
6.021964636800000648e+01
4.022913936700000193e+01
4.963397644600000547e+01
4.380181520700000419e+01
5.244404081200000434e+01
3.761484864700000230e+01
5.826567933600000515e+01
5.901600961000000467e+01
5.878673047900000626e+01
5.940287068500000345e+01
5.848251494200000167e+01
5.906257159600000506e+01
5.856906669700000378e+01
5.931063547600000163e+01
5.860498903800000647e+01
5.855589170800000431e+01
5.921612141300000332e+01
5.847648418600000042e+01
5.974409428400000621e+01
5.930638603900000305e+01
5.977914664700000458e+01
5.969093372200000402e+01
5.784578249800000549e+01
5.567024601600000011e+01
5.568064660900000007e+01
5.550030771400000162e+01
5.553789858000000379e+01
5.546508111800000052e+01
5.565885896800000410e+01
5.548594580000000320e+01
5.573269943800000448e+01
5.575763336500000378e+01
5.558258001800000159e+01
5.564952538000000004e+01
5.572132515200000569e+01
5.552013172300000576e+01
5.569564330200000057e+01
5.800429692300000539e+01
6.032001665400000689e+01
5.998132592500000726e+01
3.776155413800000105e+01
3.663513030700000428e+01
3.668919912400000527e+01
3.640553079600000075e+01
3.724153574200000349e+01
5.399052443900000497e+01
5.900048688700000099e+01
3.693394092700000186e+01
3.699953886700000538e+01
3.770679154300000135e+01
3.678563548700000041e+01
3.644299517900000041e+01
3.680622177000000050e+01
3.655406658200000436e+01
3.640393412200000256e+01
5.438829131600000011e+01
5.695226893800000312e+01
5.990249279000000371e+01
5.994818712400000038e+01
6.049860093200000222e+01
6.036085626100000212e+01
5.876185068900000630e+01
5.908717121300000485e+01
5.868958590200000458e+01
5.847297575600000386e+01
5.881842716100000246e+01
5.963317280800000475e+01
5.875185597600000165e+01
5.886849245700000210e+01
5.910177363300000053e+01
5.898060540800000240e+01
5.902846575500000625e+01
5.898828028800000567e+01
5.939946591800000419e+01
5.855078296700000351e+01
5.854086389900000142e+01
5.906114351500000481e+01
5.890914898300000146e+01
5.910411054800000130e+01
5.879546703400000496e+01
5.946195526700000045e+01
5.889795590800000014e+01
5.909938564100000491e+01
5.891403635900000069e+01
5.952895362300000670e+01
5.884128170300000704e+01
5.906999917000000266e+01
5.884987195800000137e+01
5.933793981800000239e+01
5.883269313400000300e+01
5.911024225400000631e+01
5.956331536000000426e+01
5.911245697500000063e+01
5.937412074200000234e+01
5.905679580100000692e+01
5.984868021000000482e+01
5.901470116100000496e+01
5.940065303400000118e+01
5.890802194900000188e+01
5.972018452700000068e+01
5.910983652100000540e+01
5.906989566700000438e+01
5.973879255100000307e+01
5.892049368800000053e+01
5.922545007800000150e+01
5.939117497800000223e+01
5.906657600900000205e+01
5.924763054700000708e+01
5.895255490300000645e+01
5.978083496500000393e+01
5.909468718700000522e+01
5.867254619100000212e+01
5.900360998100000387e+01
5.863555429700000587e+01
5.871029398400000332e+01
5.900497743100000037e+01
5.859879520400000530e+01
5.901177163800000613e+01
5.870901594900000475e+01
5.920570135700000236e+01
5.867292660300000051e+01
5.847461674300000567e+01
5.937018586700000355e+01
5.890102904200000467e+01
5.890398988200000474e+01
5.885733152600000295e+01
5.943924122800000021e+01
5.879603731500000663e+01
5.902585228000000228e+01
5.861017543900000248e+01
5.992121437300000508e+01
5.881880929500000121e+01
5.908794037100000196e+01
5.898304626300000564e+01
5.962026736200000698e+01
5.921808577700000598e+01
5.784840906600000210e+01
5.779677229300000363e+01
5.984617466300000643e+01
5.990740574400000185e+01
6.037483316200000161e+01
6.052932683000000225e+01
6.036827074000000692e+01
6.016984440800000300e+01
6.009879556700000336e+01
6.042885897800000095e+01
6.009355026200000083e+01
4.632174908600000407e+01
3.679914072700000105e+01
3.687915746400000216e+01
3.678016869000000355e+01
3.701351139600000550e+01
3.773655688100000560e+01
3.767327815300000537e+01
3.894329128400000428e+01
3.733784887600000246e+01
4.883216696600000262e+01
5.984371422700000664e+01
5.982924078700000337e+01
5.984149801700000637e+01
5.957540414200000356e+01
5.972411211900000438e+01
6.034547196700000171e+01
6.040778176700000301e+01
6.032722910800000449e+01
5.976464285900000561e+01
5.899617184500000633e+01
5.847999061600000203e+01
5.871772438500000391e+01
5.848335246900000328e+01
5.897916408100000041e+01
5.860647886500000681e+01
5.860054464600000301e+01
5.847880385600000608e+01
5.859088703900000183e+01
5.883744083900000277e+01
5.835158527500000503e+01
5.853148451000000563e+01
5.831467699300000618e+01
5.871243708600000133e+01
5.899588430400000050e+01
6.037701133100000561e+01
6.113480121500000308e+01
6.050213387000000154e+01
6.061367903500000409e+01
6.061055427200000167e+01
6.109943347600000152e+01
6.115004438600000469e+01
6.060623233900000173e+01
6.062837520300000449e+01
6.019828862500000355e+01
6.091854055900000731e+01
6.068309691700000030e+01
6.075296319900000697e+01
6.076578413200000028e+01
5.999629648800000581e+01
6.092365058500000430e+01
6.024379087300000180e+01
6.036114058600000476e+01
6.029895125900000608e+01
5.771981644800000311e+01
3.697690264799999937e+01
4.313995396700000384e+01
5.892844709700000294e+01
5.951742790100000491e+01
5.987690572000000344e+01
4.637365634000000369e+01
4.364486041199999988e+01
3.775977278199999887e+01
3.787831071600000143e+01
3.745021532800000585e+01
3.687903573200000551e+01
3.780792156200000420e+01
3.756796800400000080e+01
4.102848010400000334e+01
3.757091749700000349e+01
3.783824276600000047e+01
3.777214971200000093e+01
4.047060652400000436e+01
5.259039257900000308e+01
3.738829308800000462e+01
3.846227634600000300e+01
3.840380831600000278e+01
3.804958165200000053e+01
3.755306047500000233e+01
3.818750165700000565e+01
3.815858345400000218e+01
3.777963410200000283e+01
3.784524996400000418e+01
3.667902823000000012e+01
3.700407863200000236e+01
3.689000898500000147e+01
3.670881742099999911e+01
3.676460951100000329e+01
3.676834248400000149e+01
3.782308861399999955e+01
3.741283166800000259e+01
3.712664804199999935e+01
3.751544454200000445e+01
3.782974006399999922e+01
3.816394146300000045e+01
3.784312755400000583e+01
3.796271063200000384e+01
3.861360745900000069e+01
3.663957759500000577e+01
3.652696177700000391e+01
3.767982868700000409e+01
3.624154380000000231e+01
4.905470748600000519e+01
6.109745091700000330e+01
6.072248407400000048e+01
4.550111014100000517e+01
3.738501941900000247e+01
3.729254747000000236e+01
3.811329619300000360e+01
4.129236949100000231e+01
3.740392119900000267e+01
3.649727884100000352e+01
3.728520010500000126e+01
3.769081487000000408e+01
3.783124992900000194e+01
3.742150732500000032e+01
3.673754399199999909e+01
3.710557004100000000e+01
3.633601591400000075e+01
3.669001225800000299e+01
3.623065153299999963e+01
3.650187847100000482e+01
3.658580500700000471e+01
4.645011444800000078e+01
5.899395374400000236e+01
5.918538869300000016e+01
5.922365877900000442e+01
6.005982777700000241e+01
6.090309686900000230e+01
5.960726906200000030e+01
5.990975068400000225e+01
6.046065781900000502e+01
5.968467012400000726e+01
5.994296171800000650e+01
5.991326049000000609e+01
6.010669316100000259e+01
5.991359455700000325e+01
5.968503907400000230e+01
6.046719723000000357e+01
5.972319150100000229e+01
5.996826554200000459e+01
6.049746389700000293e+01
5.935598757400000380e+01
5.993596706600000346e+01
6.031582669800000218e+01
6.029270383800000133e+01
5.946676132200000353e+01
5.991377205300000242e+01
6.058186668200000469e+01
5.987640949700000448e+01
5.991638475600000646e+01
6.014311739700000459e+01
5.977922230900000500e+01
6.009857794300000222e+01
6.022853168300000704e+01
5.988389641600000601e+01
5.980706425600000387e+01
5.979109806200000321e+01
6.057046124900000450e+01
6.000039364000000575e+01
5.980541616700000418e+01
6.067810046300000693e+01
5.974014141200000694e+01
6.016337845600000378e+01
5.676352070600000133e+01
5.921038362300000557e+01
5.973730335600000529e+01
6.007885115300000223e+01
5.990557361400000502e+01
5.984915290000000709e+01
5.946304583700000279e+01
5.979052867300000429e+01
6.043360530200000369e+01
5.957336390600000442e+01
6.013867972200000622e+01
5.946546773400000063e+01
5.398544044300000166e+01
6.058035576000000333e+01
5.928229858400000296e+01
5.954532796800000227e+01
5.994189124100000043e+01
5.973761074300000473e+01
6.022897800000000501e+01
5.957157066200000628e+01
5.984112111000000311e+01
5.977531647300000373e+01
5.975153936600000293e+01
6.048113209400000301e+01
5.967941079500000257e+01
6.003045258400000250e+01
6.003830206800000724e+01
5.994627075500000046e+01
6.057317048600000220e+01
5.963691482800000188e+01
5.981325644700000055e+01
6.023484771200000409e+01
5.955807390500000054e+01
6.037766581100000707e+01
5.935909100300000318e+01
5.949720988800000043e+01
6.032184570800000500e+01
5.966823251000000283e+01
5.987576469800000467e+01
6.010758811400000212e+01
5.998680380400000445e+01
6.037297761900000381e+01
5.952254903400000074e+01
5.976487201300000152e+01
6.070726796200000308e+01
5.977994983500000359e+01
5.978060282300000239e+01
6.022759744200000398e+01
5.992494704200000655e+01
6.032295399100000566e+01
5.963613907700000283e+01
5.974696432600000406e+01
6.066987754000000166e+01
6.004594927300000506e+01
6.008662054100000205e+01
5.997770214800000588e+01
5.994989650300000505e+01
5.967043804900000481e+01
3.829866616200000351e+01
3.813951002800000367e+01
3.742637410400000419e+01
6.071496485800000187e+01
6.119777828100000505e+01
6.127967840500000563e+01
6.108948911700000650e+01
5.328547204500000589e+01
6.113729022100000066e+01
6.121534232000000486e+01
6.072373989500000135e+01
6.060654864000000686e+01
6.057662509500000425e+01
6.103083577100000667e+01
6.126241719600000124e+01
6.110354818700000123e+01
6.074813828300000296e+01
6.102662530000000629e+01
6.063533170900000613e+01
6.045233350000000172e+01
6.073028241900000523e+01
6.085475463900000648e+01
6.109563992800000420e+01
6.108052048800000478e+01
6.118331457800000095e+01
6.080713952700000391e+01
6.082360300600000613e+01
6.054961762100000300e+01
6.068172115600000183e+01
6.093605225500000699e+01
6.086719981800000312e+01
6.090459774500000378e+01
6.062355973500000061e+01
6.053248499500000435e+01
6.077226586800000518e+01
6.103771204400000272e+01
6.118373027100000172e+01
6.122709707500000320e+01
6.093219244000000145e+01
6.063491689500000348e+01
6.057158380400000652e+01
6.065627983100000620e+01
6.044426904500000575e+01
6.063385597000000615e+01
5.993373276600000565e+01
6.043921863300000297e+01
6.067184974200000624e+01
6.047044423100000188e+01
6.073579581500000302e+01
6.008037216900000033e+01
6.103075309400000492e+01
6.103208742300000722e+01
6.071764620500000120e+01
3.684423560800000530e+01
3.678488319299999887e+01
3.645405005799999998e+01
5.634507967200000422e+01
5.979395625500000477e+01
5.995203936200000072e+01
6.001849972100000485e+01
5.998784033300000118e+01
6.016557735800000728e+01
6.026638710700000701e+01
5.997738820300000384e+01
6.026221389600000578e+01
6.065651346400000676e+01
6.079601221900000496e+01
6.042891268300000718e+01
6.003902955400000252e+01
5.983791729900000433e+01
6.042598128800000268e+01
6.043508495000000380e+01
6.047992835200000172e+01
6.003387260700000638e+01
6.001150942100000663e+01
6.036504286600000313e+01
6.027938463700000682e+01
6.046643939000000501e+01
6.025638318900000456e+01
6.001588901800000286e+01
6.027618505100000590e+01
6.032368950100000404e+01
6.072187123300000167e+01
6.015757485900000034e+01
6.018979405600000376e+01
6.055684556400000673e+01
6.063501137600000135e+01
6.045947598700000469e+01
6.004002040200000323e+01
5.997926062200000530e+01
6.034028568000000092e+01
6.068318808700000488e+01
6.031825336000000704e+01
5.975828278200000199e+01
6.043538755800000217e+01
6.065978374600000222e+01
6.045599453600000572e+01
6.055529664500000564e+01
6.041318304900000413e+01
6.013405360500000540e+01
6.055319716400000374e+01
6.073369357600000029e+01
6.022161922400000122e+01
6.016697201200000222e+01
5.991054797300000700e+01
5.985239204200000529e+01
5.979539256600000385e+01
6.021221105600000101e+01
6.046774778500000025e+01
6.036393398500000274e+01
6.032167806800000420e+01
6.056444770600000282e+01
6.008655766000000398e+01
6.077540998600000677e+01
6.058700955900000196e+01
6.075064948200000714e+01
6.081011867200000154e+01
6.080397254900000092e+01
6.100821510200000120e+01
6.107765790600000599e+01
6.087614613200000235e+01
6.055736186200000049e+01
6.024702777900000683e+01
6.038061725200000041e+01
6.064000642400000629e+01
6.088241831700000262e+01
6.077631480400000186e+01
6.090224193000000241e+01
6.105054814100000726e+01
6.094219506700000721e+01
6.071541584700000271e+01
6.041795535500000369e+01
6.056631239400000055e+01
6.048596002300000407e+01
6.071096424900000699e+01
6.077383348700000454e+01
6.100361412500000569e+01
6.085380442900000730e+01
6.103609868900000635e+01
6.098103185700000495e+01
6.098142596800000348e+01
6.070773186200000282e+01
5.666405748900000106e+01
6.108977889800000582e+01
6.059422189600000053e+01
6.016158460300000144e+01
6.087545026000000092e+01
6.067226232100000516e+01
6.043490103700000304e+01
6.060677007800000382e+01
6.093686542300000042e+01
6.144156612100000103e+01
6.140943583100000325e+01
6.103489633500000622e+01
6.091670433000000173e+01
6.138595792700000686e+01
6.165740924400000722e+01
6.135584975700000143e+01
6.131769842000000637e+01
6.097853881600000392e+01
6.126532120400000281e+01
6.151065205900000166e+01
6.157815559600000199e+01
6.158506812400000285e+01
6.104526162700000214e+01
6.077930697100000401e+01
6.082805983700000496e+01
6.143662025200000443e+01
6.152842430900000181e+01
6.184053158100000047e+01
6.160776887000000102e+01
4.319195213500000108e+01
3.876743982500000385e+01
3.906610973600000136e+01
3.905542607900000007e+01
3.709327682199999998e+01
3.731340629900000039e+01
3.744035733400000510e+01
3.668162058500000455e+01
3.705646713800000214e+01
3.700041185300000279e+01
3.683104418799999991e+01
3.691238614400000273e+01
3.885683900500000476e+01
3.843923600200000124e+01
3.949468760999999972e+01
3.924369547599999919e+01
4.011512462099999965e+01
3.722007243800000253e+01
3.745645854900000415e+01
3.721831528599999928e+01
3.726062709400000017e+01
3.746832255900000064e+01
