-3.325999391634459429e-10
1.118431935338522956e-12
1.434305519247989924e-09
2.789765190163430469e-09
3.989315188181092605e-09
1.690651251979536402e-09
-8.301196732225599281e-09
-2.983893414195615631e-08
-7.108974234848494565e-08
-1.402728105157321040e-07
-2.468670694328776651e-07
-4.026435207641433830e-07
-6.175087903709191488e-07
-9.034331049077974174e-07
-1.271775448202905394e-06
-1.729708865876660473e-06
-2.288448257509934598e-06
-2.957714816194848527e-06
-3.742448933790447651e-06
-4.650543579596038018e-06
-5.687606502076456214e-06
-6.855873769662567707e-06
-8.158170380279201333e-06
-9.596786255128332237e-06
-1.117235775995503361e-05
-1.288558844862099665e-05
-1.473877636136018079e-05
-1.673085736584084326e-05
-1.886214699473711201e-05
-2.113529690139407486e-05
-2.354855726912743192e-05
-2.610355089613112579e-05
-2.880301435645190835e-05
-3.164644373747324714e-05
-3.463566116981286482e-05
-3.777129812017255195e-05
-4.105241743516923464e-05
-4.447833431171679518e-05
-4.804671477412677529e-05
-5.175434722689869533e-05
-5.559652183488948262e-05
-5.956755723841913863e-05
-6.365980924288060022e-05
-6.786351524036779719e-05
-7.216916191672454145e-05
-7.656462624334307886e-05
-8.103714337635883045e-05
-8.557424978097140985e-05
-9.016142997053293924e-05
-9.478506821954141997e-05
-9.943088491536581231e-05
-1.040843808958884806e-04
-1.087325950831007451e-04
-1.133620331226656107e-04
-1.179606021218996647e-04
-1.225171379435909230e-04
-1.270207715597423796e-04
-1.314623032940691089e-04
-1.358328032307824882e-04
-1.401247021621532794e-04
-1.443316335313403823e-04
-1.484478492434182203e-04
-1.524692377801859151e-04
-1.563921167828621786e-04
-1.602143041192993994e-04
-1.639345804957753291e-04
-1.675522744768879525e-04
-1.710686701905977838e-04
-1.744852929171807391e-04
-1.778047518357869805e-04
-1.810306888647326919e-04
-1.841664505300745762e-04
-1.872161480193446157e-04
-1.901833894362901464e-04
-1.930710833678120656e-04
-1.958815732683462493e-04
-1.986155107598403143e-04
-2.012721903382844743e-04
-2.038488411987975394e-04
-2.063406865923335311e-04
-2.087411078001003343e-04
-2.110411528083178123e-04
-2.132304855951972888e-04
-2.152971099793673376e-04
-2.172277503088026768e-04
-2.190087478998880449e-04
-2.206257663877044743e-04
-2.220649572452341493e-04
-2.233132364226433659e-04
-2.243584522061518329e-04
-2.251902808172149173e-04
-2.257997661866854378e-04
-2.261795890294251066e-04
-2.263236273405907248e-04
-2.262260676549153330e-04
-2.258809290744884842e-04
-2.252804051829698968e-04
-2.244136803096870780e-04
-2.232651147126217506e-04
-2.218118364523292562e-04
-2.200215687949200855e-04
-2.178493230021592202e-04
-2.152344808942354500e-04
-2.120978637208849197e-04
-2.083391712253506421e-04
-2.038365135207783545e-04
-1.984474730272780792e-04
-1.920133696356135869e-04
-1.843665079977376421e-04
-1.753394202846295504e-04
-1.647760608390354384e-04
-1.525422747804012634e-04
-1.385347183000627661e-04
-1.226871374421707489e-04
-1.049728683765887866e-04
-8.540451743376742063e-05
-6.403028288792733875e-05
-4.092774623737801241e-05
-1.619566884414652723e-05
1.005623356006968301e-05
3.771758821418333960e-05
6.668703906756078480e-05
9.687947831327095409e-05
1.282294000480043209e-04
1.606908611477479536e-04
1.942337181006776714e-04
2.288376701884563443e-04
2.644851383470905783e-04
3.011532174791791100e-04
3.388059058144215910e-04
3.773865301729921050e-04
4.168116445576982351e-04
4.569677928779259843e-04
4.977116318868266822e-04
5.388743180058841627e-04
5.802689036677105344e-04
6.216995856743096939e-04
6.629716599617445881e-04
7.039004268474450101e-04
7.443186923038363264e-04
7.840817426261075841e-04
8.230692418451658046e-04
8.611841496058368064e-04
8.983482860515423557e-04
9.344957097440694275e-04
9.695649727702118376e-04
1.003491803714297824e-03
1.036204253530546371e-03
1.067620999394658637e-03
1.097653605748693259e-03
1.126212352615256788e-03
1.153214497331543848e-03
1.178594065026136641e-03
1.202311277320928335e-03
1.224360233571021323e-03
1.244773356850263982e-03
1.263621270634725713e-03
1.281008083005968348e-03
1.297062233536405143e-03
1.311924251756911228e-03
1.325733322350972684e-03
1.338614495209459283e-03
1.350668847078745870e-03
1.361967848000535195e-03
1.372552652917347332e-03
1.382438302481999023e-03
1.391621644685254620e-03
1.400091691813764271e-03
1.407840412537967592e-03
1.414872059413667307e-03
1.421209655548283726e-03
1.426897487040962136e-03
1.431999622046913750e-03
1.436594998484434262e-03
1.440770267159692877e-03
1.444612165291374404e-03
1.448200807827564355e-03
1.451605213705142033e-03
1.454881595550252442e-03
1.458074154180283733e-03
1.461217771339393080e-03
1.464341306636512702e-03
1.467470359718028384e-03
1.470628533369680319e-03
1.473836595998820461e-03
1.477109824109256418e-03
1.480454172427280541e-03
1.483862532417166633e-03
1.487312524820671262e-03
1.490766939036112029e-03
1.494177647449814426e-03
1.497492859604055478e-03
1.500666826643493349e-03
1.503670456177532300e-03
1.506500726589236720e-03
1.509186996915019320e-03
1.511792594387077185e-03
1.514410872866601802e-03
1.517156000182538636e-03
1.520149547491724635e-03
1.523500833647357423e-03
1.527293993600883307e-03
1.531579431127264024e-03
1.536357794968312663e-03
1.541583233401816770e-03
1.547174209563567790e-03
1.553014407825611520e-03
1.558969346737473479e-03
1.564911416587011625e-03
1.570728580848121305e-03
1.576323917465272942e-03
1.581623016168142879e-03
1.586561263770153510e-03
1.591040873585888686e-03
1.594915610555749323e-03
1.597985647263569032e-03
1.599987956662798439e-03
1.600667144335430605e-03
1.599879484610957064e-03
1.597677735351228732e-03
1.594411111571660553e-03
1.590753977884349756e-03
1.587629658756887054e-03
1.586086575239607690e-03
1.587128402424674463e-03
1.591521552743935296e-03
1.599639185796815789e-03
1.611363469206454927e-03
1.626022159411421751e-03
1.642406473633254912e-03
1.658900536193833302e-03
1.673670411137987519e-03
1.684944989226851327e-03
1.691337497948711783e-03
1.692098262680118061e-03
1.687286003509970390e-03
1.677797301933431134e-03
1.665241305637929492e-03
1.651717505381410144e-03
1.639528675327240649e-03
1.630878448252449583e-03
1.627591606238974449e-03
1.630883806803507322e-03
1.641197375405777483e-03
1.658117251612355051e-03
1.680398659671147833e-03
1.706093124158004730e-03
1.732764503399185970e-03
1.757771902489538383e-03
1.778555103381228731e-03
1.792907960204926255e-03
1.799204709940558375e-03
1.796566577026582640e-03
1.784989614503511507e-03
1.765406100380052757e-03
1.739681464475943467e-03
1.710529525998348522e-03
1.681314048123377621e-03
1.655752811415870393e-03
1.637532918393983178e-03
1.629874572471420435e-03
1.635099318599301773e-03
1.654248755191166853e-03
1.686810319992833622e-03
1.730588828732034954e-03
1.781770786208865167e-03
1.835202801000729690e-03
1.884877402280251074e-03
1.924613511272582796e-03
1.948843389722471758e-03
1.953411652170468187e-03
1.936279750866304198e-03
1.898003618718857501e-03
1.841913606144869901e-03
1.773945064297496009e-03
1.702108774412483712e-03
1.635654277633359502e-03
1.584002076314403734e-03
1.555562114227161501e-03
1.556580282536402810e-03
1.590161748199250694e-03
1.655614183057808842e-03
1.748216076486435594e-03
1.859478785059987850e-03
1.977897699190136072e-03
2.090127381632662755e-03
2.182473717870534163e-03
2.242530921347928464e-03
2.260789492845602031e-03
2.232028167900318265e-03
2.156302890841391238e-03
2.039396831671760717e-03
1.892624632434274957e-03
1.731955265636911639e-03
1.576500621639239210e-03
1.446486687275054658e-03
1.360905768642497885e-03
1.335100699879701808e-03
1.378560610225574093e-03
1.493210685837971508e-03
1.672444795369975104e-03
1.901096417519469424e-03
2.156446713016667207e-03
2.410262546139875766e-03
2.631730261732734538e-03
2.791008766942511439e-03
2.863032077063712780e-03
2.831104038012400171e-03
2.689809162807435105e-03
2.446812789716395174e-03
2.123204324225550117e-03
1.752193970157981274e-03
1.376160632451762155e-03
1.042252635452551278e-03
7.969570591334602201e-04
6.802262047159363979e-04
7.198558770473687972e-04
9.268398584304052583e-04
1.292366020911232686e-03
1.786984774861149561e-03
2.362270300587368012e-03
2.955029820046170368e-03
3.493790029238491926e-03
3.906952681683985296e-03
4.131739910632617648e-03
4.122862329454737504e-03
3.859816628022242572e-03
3.351811896628333325e-03
2.639499521447429952e-03
1.792964330759561640e-03
9.058162191540287348e-04
8.571773454536366803e-05
-5.577610244150767735e-04
-9.266043366227594323e-04
-9.475318090596704336e-04
-5.833045535265440288e-04
1.592545304177502257e-04
1.225707425899155711e-03
2.515846338947600857e-03
3.891479756787781952e-03
5.189995132476301828e-03
6.242548201273642391e-03
6.894765023032149720e-03
7.027313755398644987e-03
6.573834820070785338e-03
5.534192458207914597e-03
3.981342317293743924e-03
2.060151785134389877e-03
-2.324886791597956910e-05
-2.021836856569785099e-03
-3.675919773320904423e-03
-4.745269029453188028e-03
-5.040436318016312638e-03
-4.449431393293372047e-03
-2.957664017218636279e-03
-6.598931930816415419e-04
2.238019125218567665e-03
5.431194395330919342e-03
8.544550048535437536e-03
1.117688066916721658e-02
1.295280536269456315e-02
1.357220878602520553e-02
1.284979850280088855e-02
1.074404837107497367e-02
7.378117845794627053e-03
3.049901618826923125e-03
-1.780439804680308043e-03
-6.536453520344704185e-03
-1.060168464023988899e-02
-1.340702798184884026e-02
-1.450578420410832299e-02
-1.362291622149733490e-02
-1.068370372520909863e-02
-5.840359653574532864e-03
4.991932191609392772e-04
7.666134863671949726e-03
1.478439357108744454e-02
2.089551702203176070e-02
2.512344703973756060e-02
2.681420001609418485e-02
2.559568301396960427e-02
2.137391131523209628e-02
1.435541578397162357e-02
5.127092987742536828e-03
-5.294196772365161556e-03
-1.554913109194316738e-02
-2.417510623233284917e-02
-2.991456573752913212e-02
-3.195811847978797388e-02
-2.997630926699148407e-02
-2.398979803814311682e-02
-1.434614285146939769e-02
-1.865759540622320386e-03
1.200268468377825061e-02
2.522205694106307780e-02
3.560839671191650541e-02
4.153020281201504071e-02
4.232715332036172950e-02
3.810986462559710214e-02
2.937486872175697900e-02
1.694180431447714699e-02
2.103815463256446857e-03
-1.326293199192849631e-02
-2.686965953231236146e-02
-3.656185688837605696e-02
-4.098453544087945349e-02
-3.993445316402934042e-02
-3.407359086619723282e-02
-2.433332882340038042e-02
-1.177923820332846261e-02
2.226145967397604418e-03
1.600671782736680371e-02
2.781637260428759459e-02
3.610475035488161510e-02
3.982670925148933810e-02
3.886028223703624773e-02
3.387008104925614410e-02
2.579358037288368224e-02
1.553401044719876674e-02
3.988289766139688913e-03
-7.794209073867002652e-03
-1.866512422637448335e-02
-2.746690123912008674e-02
-3.307817879907898329e-02
-3.478333336877689058e-02
-3.264560550992019056e-02
-2.725125269015585619e-02
-1.930095113820678998e-02
-9.479356682846874077e-03
1.423312262601823678e-03
1.242463771682110127e-02
2.237818539037659746e-02
2.997386102756647089e-02
3.399806238832311228e-02
3.386250759377038705e-02
2.986160685770491985e-02
2.278854890761059307e-02
1.353274545599453954e-02
3.047443031811523408e-03
-7.580086723283984557e-03
-1.721112631804123591e-02
-2.475853415877452002e-02
-2.924044340477688353e-02
-3.003530608648393233e-02
-2.714228511677087979e-02
-2.113972538828515560e-02
-1.284519459063132758e-02
-3.143902293018047828e-03
6.975844725227359211e-03
1.642388794029340723e-02
2.415827628892987938e-02
2.932457141832198882e-02
3.129772541246752388e-02
2.985230011791349322e-02
2.522931389952652592e-02
1.802190822300268544e-02
8.998939679746485731e-03
-9.529710560155605107e-04
-1.079677765174965123e-02
-1.939632578011574529e-02
-2.569749767362455167e-02
-2.892876113999203261e-02
-2.871123198176186650e-02
-2.512644398439873444e-02
-1.862636488372210880e-02
-9.913205669773389114e-03
1.518955937029352115e-04
1.054290058606085698e-02
2.005484235615371744e-02
2.743540834550061217e-02
3.164076071623374287e-02
3.213354909408731169e-02
2.895179830199115859e-02
2.257607831552746122e-02
1.377064642646832690e-02
3.504369463222363045e-03
-7.118498386651938778e-03
-1.689328267330743663e-02
-2.460094094846878091e-02
-2.921787334017246149e-02
-3.015249387235677259e-02
-2.740009407639915420e-02
-2.141252622395267355e-02
-1.290823495704465466e-02
-2.785312199541606620e-03
7.884502100216872825e-03
1.791900678045207917e-02
2.612597547831920289e-02
3.143564086429614240e-02
3.315913622826335144e-02
3.115535602582771707e-02
2.578546260683702712e-02
1.772073683941803590e-02
7.823769670898783959e-03
-2.884941483551833798e-03
-1.323516483124203766e-02
-2.200384846649268769e-02
-2.808149790436433035e-02
-3.066401368660592874e-02
-2.948173872384787092e-02
-2.480004020204293683e-02
