-3.946391765778878254e-07
-1.282842749355919629e-06
-1.734227948385626579e-06
-1.947457028841593264e-06
-2.675856214603828041e-06
-3.122923194922164194e-06
-3.269487636959041021e-06
-3.836608230293271003e-06
-4.270487724339421311e-06
-4.396491159108248242e-06
-4.806532444786668309e-06
-5.220999794638591228e-06
-5.337040497843744495e-06
-5.614979975085272838e-06
-5.993303796622372359e-06
-6.102375861458551247e-06
-6.275573152791622292e-06
-6.602514959236001639e-06
-6.700208726976970685e-06
-6.798163280426975096e-06
-7.057200515980589951e-06
-7.140908248486043553e-06
-7.186903709138480114e-06
-7.363513486694223860e-06
-7.437812367955215822e-06
-7.437507602180914156e-06
-7.534206740181219415e-06
-7.596078664477117248e-06
-7.548943688016683084e-06
-7.581801399455554306e-06
-7.613453814928613651e-06
-7.530070512948926656e-06
-7.507039463122647808e-06
-7.494448957328665102e-06
-7.387082886562142664e-06
-7.307172772581033276e-06
-7.248884958690229390e-06
-7.118947034366393291e-06
-6.985188894830084878e-06
-6.881907230923522025e-06
-6.726365857388908201e-06
-6.544366474307199908e-06
-6.397042224526369753e-06
-6.211700289442872717e-06
-5.987845452309321821e-06
-5.798045406407281366e-06
-5.577778529596672586e-06
-5.321180606541742932e-06
-5.086527517812913718e-06
-4.832523898849103072e-06
-4.547684236150266698e-06
-4.267922576451724349e-06
-3.985153708267678271e-06
-3.670798852369523350e-06
-3.353183073540352218e-06
-3.042602965626385473e-06
-2.700210031202424003e-06
-2.353306542966400850e-06
-2.014475695071885116e-06
-1.649776215879213504e-06
-1.279597214887547012e-06
-9.153238966439913323e-07
-5.348904305102226493e-07
-1.466837998817560609e-07
2.367547178874485525e-07
6.267438650170197014e-07
1.026616381710055932e-06
1.420638124407118993e-06
1.813939580149704935e-06
2.217281244461692327e-06
2.611701484750702647e-06
3.001657185358872619e-06
3.397573251920504946e-06
3.782214909440932057e-06
4.160094970255411304e-06
4.536038756070060470e-06
4.901307467287339056e-06
5.254782544475567771e-06
5.599541915843547437e-06
5.933751319145537160e-06
6.249410918796006673e-06
6.552254472093165102e-06
6.840964350203928136e-06
7.106099810332012752e-06
7.353816136836270429e-06
7.581621552047089747e-06
7.782100460738736368e-06
7.958747346695807219e-06
8.109152092065600659e-06
8.228409827561289805e-06
8.316444245509503866e-06
8.372540964234845639e-06
8.393800291145306277e-06
8.377393741029502680e-06
8.325998075894427294e-06
8.236939997335264958e-06
8.107848198914493443e-06
7.943442325542531538e-06
7.740856699321453684e-06
7.500209467686991502e-06
7.224841793318755585e-06
6.913268341959099411e-06
6.566316736290113724e-06
6.184681200157981639e-06
5.768826898519036901e-06
5.317720294609996768e-06
4.830979907363393286e-06
4.310012865937538208e-06
3.752522223237031058e-06
3.159404751066036128e-06
2.532485223125977275e-06
1.870572584562471174e-06
1.175690445489673123e-06
4.490878963531378271e-07
-3.096991184113598077e-07
-1.099858296911037473e-06
-1.921635009517210382e-06
-2.775345673359954599e-06
-3.661961146884639229e-06
-4.581965634895646694e-06
-5.535519851088646122e-06
-6.524560748065990312e-06
-7.548772411622413807e-06
-8.608865982760382658e-06
-9.706342645290375745e-06
-1.084066300392218253e-05
-1.201283899516063270e-05
-1.322320586706942121e-05
-1.447172025954621151e-05
-1.575869239894511529e-05
-1.708390813764736632e-05
-1.844764887242568110e-05
-1.984929638252276465e-05
-2.128864045248174869e-05
-2.276559819035733163e-05
-2.427891501661182038e-05
-2.582823993347747863e-05
-2.741262131129061852e-05
-2.903044153657043669e-05
-3.068074640253701761e-05
-3.236174014700440599e-05
-3.407171767237062772e-05
-3.580891492138318894e-05
-3.757123232741783246e-05
-3.935683904850374493e-05
-4.116331749434070584e-05
-4.298871258693953094e-05
-4.483083457648358078e-05
-4.668706938447210789e-05
-4.855540406732339526e-05
-5.043306580010757363e-05
-5.231741364925190311e-05
-5.420591895258350981e-05
-5.609559848318466599e-05
-5.798388240117310281e-05
-5.986801086133612595e-05
-6.174549342008926430e-05
-6.361403977177982748e-05
-6.547136411108470458e-05
-6.731570909180988884e-05
-6.914512528728105451e-05
-7.095778884442908736e-05
-7.275199222915630930e-05
-7.452556129625659373e-05
-7.627646939479355501e-05
-7.800247746395905213e-05
-7.970117334128381950e-05
-8.137035669002284325e-05
-8.300766603325075450e-05
-8.461103878644140501e-05
-8.617848892672289333e-05
-8.770818064142047680e-05
-8.919864473688126976e-05
-9.064832797242717416e-05
-9.205601191867027525e-05
-9.342050044645076933e-05
-9.474052283443318192e-05
-9.601500416054970703e-05
-9.724267393586616729e-05
-9.842235979379931443e-05
-9.955294625302881200e-05
-1.006333136788442351e-04
-1.016625677192880065e-04
-1.026397945650315993e-04
-1.035642522252482013e-04
-1.044352971513306535e-04
-1.052522675312822444e-04
-1.060146774437581728e-04
-1.067219399495443022e-04
-1.073734703993280408e-04
-1.079687331091888544e-04
-1.085071300479619112e-04
-1.089882898395887656e-04
-1.094120111617432711e-04
-1.097783753868104134e-04
-1.100878256297038103e-04
-1.103409903397510735e-04
-1.105387808727315387e-04
-1.106821599569133782e-04
-1.107720949935024331e-04
-1.112080608598416175e-04
-1.120909253578664425e-04
-1.124854902099174631e-04
-1.125960110144577555e-04
-1.131794818835564498e-04
-1.134348387439565025e-04
-1.133489626517510644e-04
-1.136433114147826696e-04
-1.137617245139401861e-04
-1.135327324074189706e-04
-1.135420599568117642e-04
-1.135053205898239935e-04
-1.131119029269961736e-04
-1.128049737140511609e-04
-1.125083938363050405e-04
-1.118389606652553890e-04
-1.111238394915425111e-04
-1.104627752794340624e-04
-1.095042574642685740e-04
-1.085241489747078069e-04
-1.077353154310275546e-04
-1.068590519123657512e-04
-1.060750993140915813e-04
-1.055742848195799787e-04
-1.051364179063445981e-04
-1.047799824636578398e-04
-1.046545492314440885e-04
-1.046053253603395874e-04
-1.045296944795649487e-04
-1.045875865425781992e-04
-1.046741181932041195e-04
-1.046562939979697499e-04
-1.046902761032052697e-04
-1.047138880451782582e-04
-1.046191413840409586e-04
-1.045255362719874894e-04
-1.044332697106220895e-04
-1.042633836873899664e-04
-1.040943684243546600e-04
-1.039739487245390899e-04
-1.038330523128100830e-04
-1.037045564749329552e-04
-1.036536917842932121e-04
-1.036103150550072487e-04
-1.035729432228527184e-04
-1.036078245307865963e-04
-1.036446599999761250e-04
-1.036687544624867316e-04
-1.037229626174745897e-04
-1.037530145775919217e-04
-1.037336008454150794e-04
-1.036865558543863735e-04
-1.035978028530371351e-04
-1.034394105714715522e-04
-1.032467815851189795e-04
-1.030452236165379658e-04
-1.028162839461986929e-04
-1.026070299330213278e-04
-1.024460617766117138e-04
-1.023120358563306734e-04
-1.022299846533430734e-04
-1.022105343550363193e-04
-1.022315482971470962e-04
-1.022992875313394947e-04
-1.024236127579323445e-04
-1.025889367162561032e-04
-1.027782323651006149e-04
-1.029812373705088914e-04
-1.031549887890710566e-04
-1.032445873078649280e-04
-1.032289851334604791e-04
-1.030826814971631453e-04
-1.028042866994523734e-04
-1.024489477650221089e-04
-1.020722530449394888e-04
-1.017339203873477262e-04
-1.014898645598051932e-04
-1.013603391316254837e-04
-1.013321315340710274e-04
-1.013795702937987908e-04
-1.014866890420461820e-04
-1.016442979746246612e-04
-1.018742546078811590e-04
-1.022160004054634488e-04
-1.026764498186247894e-04
-1.032257287942927795e-04
-1.037797178146255259e-04
-1.041996021883119750e-04
-1.043482839618925718e-04
-1.041412247875313262e-04
-1.035866703312379261e-04
-1.028046887651409505e-04
-1.019995041508904517e-04
-1.013895158568908691e-04
-1.011200288923977728e-04
-1.012141982513997635e-04
-1.015595669224800653e-04
-1.019575462719719524e-04
-1.022372551172107266e-04
-1.023458203190855240e-04
-1.023987305480026847e-04
-1.026499086100068398e-04
-1.033629435981104592e-04
-1.046520562552507563e-04
-1.063570353828995031e-04
-1.080320515671274383e-04
-1.090766470544756031e-04
-1.089815701646955598e-04
-1.075969402652582498e-04
-1.052769939029148984e-04
-1.028242178513364883e-04
-1.012099892074811320e-04
-1.011561542476813104e-04
-1.027748906020248829e-04
-1.054420241548565524e-04
-1.080105535081436340e-04
-1.093253127624792736e-04
-1.088257874967910461e-04
-1.069508256609220085e-04
-1.050941514349352775e-04
-1.050471968895730444e-04
-1.081121188047869423e-04
-1.142698346873104257e-04
-1.218588364784411982e-04
-1.280297641201485473e-04
-1.299112987698950513e-04
-1.260516326667304634e-04
-1.174531406452612812e-04
-1.076024147473958822e-04
-1.012713697575449491e-04
-1.024425005764103799e-04
-1.122292925001509302e-04
-1.278300365142922960e-04
-1.432410575045649725e-04
-1.517009054036712811e-04
-1.489736038654881564e-04
-1.359911519250134153e-04
-1.193889553246014790e-04
-1.092320398877081000e-04
-1.144996513714640257e-04
-1.381732766597815437e-04
-1.743899392318438838e-04
-2.095571564351574978e-04
-2.276663489128026335e-04
-2.179544944229218958e-04
-1.815275194796907754e-04
-1.333880403774481747e-04
-9.783714389503700448e-05
-9.816173569269027782e-05
-1.447140512590503868e-04
-2.272070566904329418e-04
-3.159651579540380070e-04
-3.731210133932714307e-04
-3.700201493959547928e-04
-3.034680161805368252e-04
-2.025724370689459069e-04
-1.206685331717729441e-04
-1.129331606453499933e-04
-2.080610916641507425e-04
-3.879195258489072482e-04
-5.877388500710882578e-04
-7.202564732931012815e-04
-7.154934759927056341e-04
-5.597047127179120927e-04
-3.147689994742999733e-04
-1.034615167132983465e-04
-5.883155420823968411e-05
-2.565324496479602125e-04
-6.651239376681279247e-04
-1.144267660434142514e-03
-1.496267647408989392e-03
-1.552156248977285468e-03
-1.259352029698361216e-03
-7.320085117835339840e-04
-2.300108505555650818e-04
-5.530515862151907708e-05
-3.982572359615800333e-04
-1.213402055865377355e-03
-2.206034318169632948e-03
-2.949270761286953545e-03
-3.076989545070084146e-03
-2.467326757070283354e-03
-1.348743164405573694e-03
-2.691601131905199500e-04
1.252024521246893703e-04
-5.599579161031108298e-04
-2.205431664283868248e-03
-4.189332230305999570e-03
-5.662983162842260415e-03
-5.939154717837336755e-03
-4.810336552652398796e-03
-2.719248215570061432e-03
-6.834253505350945321e-04
1.426891381586688743e-04
-8.758314974477879149e-04
-3.378038054985392849e-03
-6.153887015292938169e-03
-7.871325521174825715e-03
-7.742018128026778231e-03
-5.789345460325732821e-03
-2.908808151145159029e-03
-5.241341042774302168e-04
1.520271488322386881e-04
-1.257407795355743388e-03
-4.053020972910590693e-03
-6.786489730170074293e-03
-8.136814909540846311e-03
-7.611746421420386398e-03
-5.554100511474239013e-03
-2.912619033275268363e-03
-8.490676109266299303e-04
-2.042435418735550354e-04
-1.156778579250897047e-03
-3.164068341702524264e-03
-5.169148164151609985e-03
-6.204449646152529821e-03
-5.928553553356879884e-03
-4.588572457201798085e-03
-2.740772684376605560e-03
-1.063899875507227791e-03
-1.816126387138216009e-04
-4.307241079640651560e-04
-1.733083186710747837e-03
-3.538169827999555934e-03
-4.992332671206987059e-03
-5.463388325026465389e-03
-4.855942259879812359e-03
-3.476617200227558914e-03
-1.843911758123104386e-03
-5.610143405276496768e-04
-1.303570805008193341e-04
-7.721192555310644459e-04
-2.280063113577522529e-03
-3.928305714577438879e-03
-4.830764747887484993e-03
-4.592599167141230704e-03
-3.440422654460866848e-03
-1.903594068776739718e-03
-5.982363050091613023e-04
-3.981207821466008803e-05
-4.414383238318795493e-04
-1.633724924090702206e-03
-3.103773284958101161e-03
-4.136631091931661057e-03
-4.228614702291785821e-03
-3.407397323009943389e-03
-2.089394006049297408e-03
-8.305756713456105686e-04
-1.520190096643257455e-04
-3.269368842957470355e-04
-1.273603424285235739e-03
-2.608421748028933156e-03
-3.750575174504606427e-03
-4.158999840586090346e-03
-3.660760457140185831e-03
-2.505842149421931737e-03
-1.178737971104826992e-03
-2.253726489272201425e-04
-6.564273925017389915e-05
-7.819607921395112671e-04
-2.080432202812823941e-03
-3.400591975871424585e-03
-4.133808591809771428e-03
-3.943364794865773446e-03
-2.943214540189339427e-03
-1.587872393248072715e-03
-4.579604487149346067e-04
-6.406331090521413037e-05
-6.404748234128501997e-04
-1.978337903156439110e-03
-3.474489022347511738e-03
-4.410769935680693664e-03
-4.342237108873756024e-03
-3.332782800941810984e-03
-1.865828311694929563e-03
-5.732697943070173526e-04
-2.386330767468759294e-06
-4.199230921891286702e-04
-1.664954631415311486e-03
-3.172250730847551905e-03
-4.230323096135767125e-03
-4.347976340334990149e-03
-3.499832350644608431e-03
-2.101400091314174767e-03
-7.793411506223019754e-04
-1.052996083080078027e-04
-3.954684033694796388e-04
-1.569081536075966768e-03
-3.129168368617834487e-03
-4.352549878041510854e-03
-4.665716259793079718e-03
-3.949432465089869511e-03
-2.550661685882838446e-03
-1.072804535458627209e-03
-1.328825859307574374e-04
-1.344144956472303619e-04
-1.098914501847008925e-03
-2.614940929835732775e-03
-3.983296875960205298e-03
-4.557562851747615391e-03
-4.091183296928390702e-03
