3.504206397080427693e-01
1.076401236152414898e+00
1.833170921003327347e+00
2.662781634809819664e+00
3.538536333151956370e+00
4.407346412859816986e+00
5.353402140322645053e+00
6.321153131949940551e+00
7.287962779880279740e+00
8.319007534784660152e+00
9.358929690121904343e+00
1.041674801943066875e+01
1.150797769147178329e+01
1.261841508882742247e+01
1.375075955067067568e+01
1.489234275233517479e+01
1.607151912947791317e+01
1.725946900251764049e+01
1.845394542536510230e+01
1.969107847558903046e+01
2.092457405424000427e+01
2.217495714353870184e+01
2.345527111437717949e+01
2.473491285413819085e+01
2.603616991202401465e+01
2.735137900117348408e+01
2.867987641606793403e+01
3.002211583580152165e+01
3.137345704709006711e+01
3.274833914097353471e+01
3.412530986397672450e+01
3.551809554471577002e+01
3.693244609691487312e+01
3.834633664890894522e+01
3.978263948022159013e+01
4.123258164800805048e+01
4.269018551016434060e+01
4.416867557064935568e+01
4.565784872788456994e+01
4.716482520482598062e+01
4.868600578785577682e+01
5.022368005493538590e+01
5.178309688984587211e+01
5.335380513191836371e+01
5.494976653027134716e+01
5.656588845089616768e+01
5.819837141665854574e+01
5.986073829243482436e+01
6.154278627319263251e+01
6.325064040036056667e+01
6.498767323488387149e+01
6.675000856693199580e+01
6.854491957715917749e+01
7.036852507757339481e+01
7.222661633811419790e+01
7.411952502562236589e+01
7.604513505300617737e+01
7.801257291565758578e+01
8.001587732012239940e+01
8.205945111895624677e+01
8.414767883694941020e+01
8.627552192263473785e+01
8.845014502681860336e+01
9.066976034535279894e+01
9.293518875099097443e+01
9.524955833536989758e+01
9.760997871810603499e+01
1.000207820568508055e+02
1.024789632931193779e+02
1.049849524029009444e+02
1.075407917501412669e+02
1.101409610257140343e+02
1.127884218988666447e+02
1.154801372561790203e+02
1.182127737451992857e+02
1.209876442296408925e+02
1.237994117856605101e+02
1.266479308026436286e+02
1.295307103963068016e+02
1.324447119920398563e+02
1.353903646566819248e+02
1.383633800918862846e+02
1.413643857878788879e+02
1.443918132412293858e+02
1.474429798322144336e+02
1.505195800634165266e+02
1.536183936519216786e+02
1.567394308344738079e+02
1.598825641097292305e+02
1.630452343092541696e+02
1.662284493166936272e+02
1.694300211081651071e+02
1.726496027853153237e+02
1.758869854662023613e+02
1.791400906485772566e+02
1.824100476736905421e+02
1.856951438690083762e+02
1.889952007594594363e+02
1.923108869878086864e+02
1.956404792455000745e+02
1.989851148845811508e+02
2.023440250172482990e+02
2.057166548589671606e+02
2.091035623729123927e+02
2.125031722032459527e+02
2.159157892964248617e+02
2.193403185081298261e+02
2.227756808270573856e+02
2.262219084063996775e+02
2.296771854856137338e+02
2.331415455509531967e+02
2.366142416503677737e+02
2.400941496183513379e+02
2.435814850035993686e+02
2.470747424799043870e+02
2.505734319159824963e+02
2.540766400216453462e+02
2.575827368012518264e+02
2.610911474357977795e+02
2.645999772575804627e+02
2.681081106185581575e+02
2.716142749550535882e+02
2.751164955532291856e+02
2.786139005434949354e+02
2.821045406800303681e+02
2.855869924311240311e+02
2.890600285067135928e+02
2.925216718349561233e+02
2.959708949926659898e+02
2.994059631964451000e+02
3.028253924486637629e+02
3.062279950975496376e+02
3.096119263903393630e+02
3.129761062498606634e+02
3.163189242292176573e+02
3.196388687469939782e+02
3.229348102780292038e+02
3.262049693759324214e+02
3.294482043299888687e+02
3.326630489806603350e+02
3.358479660827421753e+02
3.390018404208504990e+02
3.421230179432828322e+02
3.452102994700832710e+02
3.482623156686472043e+02
3.512775642243353218e+02
3.542549360245171783e+02
3.571928675683686265e+02
3.600901389359170821e+02
3.629454622059776625e+02
3.657573506476550165e+02
3.685247037082077668e+02
3.712460555526751023e+02
3.739201647499388628e+02
3.765458239785144769e+02
3.791216145589097550e+02
3.816464516236827649e+02
3.841189887927067730e+02
3.865380225713118989e+02
3.889024312078363437e+02
3.912108877896408785e+02
3.934623565850023397e+02
3.956556102871001599e+02
3.977894960211171451e+02
3.998629879014138737e+02
4.018748634222254736e+02
4.038241414083274776e+02
4.057097244196070847e+02
4.075305364792791352e+02
4.092856443319152504e+02
4.109739476281761767e+02
4.125945368665933870e+02
4.141464343996985349e+02
4.156286518476377978e+02
4.170403438051085345e+02
4.183805192989877924e+02
4.196483337486722576e+02
4.208429177854454792e+02
4.219633657358377263e+02
4.230089133076699568e+02
4.239786849730060112e+02
4.248719136421076428e+02
4.256878444009676628e+02
4.264256798483752959e+02
4.270847549122912596e+02
4.276643241038202632e+02
4.281637242802113974e+02
4.285823285916965233e+02
4.289194673232091759e+02
4.291745951661779941e+02
4.293471190424065185e+02
4.294365101575385211e+02
4.294423027070358216e+02
4.293640004325352493e+02
4.292012250876007329e+02
4.289535838122583868e+02
4.286207364962818360e+02
4.282024197022242902e+02
4.276983495195239016e+02
4.271083484673633279e+02
4.267845668041352951e+02
4.267627841652717962e+02
4.267141204026926857e+02
4.266953118678366081e+02
4.266956049709447143e+02
4.266725932644380350e+02
4.267170535362068904e+02
4.267781327340497342e+02
4.268331911415199329e+02
4.269481758342233775e+02
4.270673677031564921e+02
4.271993249307247993e+02
4.273620093711092522e+02
4.275444040407170405e+02
4.277551439825111856e+02
4.279868977499835978e+02
4.282708025608542357e+02
4.285777652927835675e+02
4.288977109498803202e+02
4.292540154351089541e+02
4.295842918247395232e+02
4.298912901353180018e+02
4.301742746712905046e+02
4.303938033108704531e+02
4.305693722675099480e+02
4.306966560062149370e+02
4.307822187227998825e+02
4.308364434479485681e+02
4.308645363169071629e+02
4.308899019338374501e+02
4.308985312696861456e+02
4.309085799636202410e+02
4.309289216190994125e+02
4.309390897949129453e+02
4.309618199743537730e+02
4.309882585207465127e+02
4.310117390180902248e+02
4.310444872896882771e+02
4.310755655111885858e+02
4.311111433698442852e+02
4.311467656078986579e+02
4.311836661527386809e+02
4.312260872933861720e+02
4.312625927633633296e+02
4.313056374201163408e+02
4.313489624726086049e+02
4.313873823204510813e+02
4.314326113569978816e+02
4.314731166690813779e+02
4.315133273212945824e+02
4.315548758720331648e+02
4.315924500851070320e+02
4.316316386057525278e+02
4.316671061845859754e+02
4.317031594759110362e+02
4.317387511968435660e+02
4.317705460092712428e+02
4.318062356383454699e+02
4.318388276926177696e+02
4.318715296928967291e+02
4.319074162409850715e+02
4.319405192640264204e+02
4.319766503461913203e+02
4.320127785923212969e+02
4.320485466240476171e+02
4.320856463713496964e+02
4.321200954197037163e+02
4.321551914670797601e+02
4.321873806940678833e+02
4.322171317934355557e+02
4.322469571381587912e+02
4.322727148332312481e+02
4.322989823317592482e+02
4.323247377424247588e+02
4.323490538287487084e+02
4.323754172574272161e+02
4.324010097529695713e+02
4.324281713478706592e+02
4.324568167047437441e+02
4.324864226356039580e+02
4.325194043954386416e+02
4.325530937601018309e+02
4.325889576016538172e+02
4.326254700763565779e+02
4.326596745287552608e+02
4.326925864610568624e+02
4.327207843708736732e+02
4.327447370283748000e+02
4.327654011947676054e+02
4.327822207669557315e+02
4.327983206605155146e+02
4.328135778664939721e+02
4.328293452823459120e+02
4.328464529041355604e+02
4.328637767697996992e+02
4.328833740268430006e+02
4.329049663460581314e+02
4.329303774862843284e+02
4.329621787598779292e+02
4.330000347070175621e+02
4.330447551086417661e+02
4.330930897510974091e+02
4.331401855657043143e+02
4.331812538935765247e+02
4.332103829889721283e+02
4.332261356153866245e+02
4.332293294907195218e+02
4.332243517890770477e+02
4.332183199335860877e+02
4.332159064466201812e+02
4.332206663746583786e+02
4.332315525210850069e+02
4.332446634269923607e+02
4.332574795255349613e+02
4.332691575037201801e+02
4.332849679190081815e+02
4.333138324282630833e+02
4.333644740613376030e+02
4.334416289117058341e+02
4.335393213379981603e+02
4.336418462913104008e+02
4.337264778701875230e+02
4.337710844484495283e+02
4.337649573313034352e+02
4.337129906513844162e+02
4.336370675383159323e+02
4.335679416057953972e+02
4.335319106601718318e+02
4.335401934110108755e+02
4.335816504180090760e+02
4.336285813817888197e+02
4.336511367935478347e+02
4.336346305352114427e+02
4.335935608509444137e+02
4.335700202930725027e+02
4.336188314824771624e+02
4.337813870027435996e+02
4.340580102642291536e+02
4.343952034704154244e+02
4.346944860301756535e+02
4.348480174315845943e+02
4.347873937534230890e+02
4.345216473349784110e+02
4.341464236519411770e+02
4.338128135908592071e+02
4.336664412492210090e+02
4.337783907015651721e+02
4.340983354918033115e+02
4.344640455297055155e+02
4.346740862821707196e+02
4.345955772501935144e+02
4.342501757042275585e+02
4.338294663000889955e+02
4.336316322118829021e+02
4.339380407195792486e+02
4.348665768387871822e+02
4.362556756988408324e+02
4.376561323556951493e+02
4.384920411176369157e+02
4.383410811650431356e+02
4.371739728761633046e+02
4.354130076623555397e+02
4.337976578452800709e+02
4.331250172684648305e+02
4.339012456396551443e+02
4.359787322174518067e+02
4.384462499159781714e+02
4.400374731171388021e+02
4.398771957460820090e+02
4.380007209654706344e+02
4.353332847562496681e+02
4.333124883631865032e+02
4.334224219796273019e+02
4.366405920113230650e+02
4.426813840690948609e+02
4.495163468205765867e+02
4.540618465073106336e+02
4.539977712061244688e+02
4.492802877378035760e+02
4.420399840820638815e+02
4.353494243721585804e+02
4.325180840725008693e+02
4.365223021488976656e+02
4.474843511331803256e+02
4.604690744255618711e+02
4.680186932168786029e+02
4.660790597131421578e+02
4.568156669904810201e+02
4.457086573174177602e+02
4.377255469884123613e+02
4.376802149852803154e+02
4.498397262871998237e+02
4.724612301468176270e+02
4.947731805076349474e+02
5.028769535663871011e+02
4.934606464974763753e+02
4.754675836810145029e+02
4.577690755382605516e+02
4.462183142844185681e+02
4.494915401757415339e+02
4.679633568450429379e+02
4.904284689625081910e+02
5.019553569656691820e+02
4.954472952421033369e+02
4.782722775108446172e+02
4.626486193842696366e+02
4.533253470169544244e+02
4.533765129156046214e+02
4.621296997581360415e+02
4.761672889262561057e+02
4.879649477015617549e+02
4.897641386641678878e+02
4.803439274687930265e+02
4.661951404704763036e+02
4.544469224352407082e+02
4.485655050805793849e+02
4.488611412486027916e+02
4.522017085107472667e+02
4.576804886374227976e+02
4.639400187424858473e+02
4.680863553437337714e+02
4.661899508627784599e+02
4.594605359628753263e+02
4.501146909295770229e+02
4.421884541115039724e+02
4.382347945163348300e+02
4.391395790332909996e+02
4.438654537095538331e+02
4.514048934591022544e+02
4.598954732175983509e+02
4.658966343339732816e+02
4.658451926965897769e+02
4.599471551252519248e+02
4.495174262094756159e+02
4.414757311663937003e+02
4.399380473791634927e+02
4.438906158045983261e+02
4.504649869800101101e+02
4.575222055703636101e+02
4.613275064375372381e+02
4.598678052473607067e+02
4.530629679827407017e+02
4.449141108825584752e+02
4.372575983605033798e+02
4.351249859571343563e+02
4.381921916006457423e+02
4.443216903657667558e+02
4.516390212345585837e+02
4.580154312287371567e+02
4.594236919529570287e+02
4.562329221390110092e+02
4.492205814905198622e+02
4.417697898204198168e+02
4.367294155010570762e+02
4.373169180313956872e+02
4.419085808994012154e+02
4.487843475131331843e+02
4.556107456427872080e+02
4.594722601330390717e+02
4.568780349589279695e+02
4.505658992131387208e+02
4.422419896407944293e+02
4.356978701571711099e+02
4.339791006896995214e+02
4.381560829742066971e+02
4.457381056903901140e+02
4.548065363538783572e+02
4.615661786406188298e+02
4.631122561896870025e+02
4.575180133768858468e+02
4.488065660261091239e+02
4.405898828728781496e+02
4.376096806313137222e+02
4.410950834813539814e+02
4.489650654041886355e+02
4.570319924822031794e+02
4.628758945775371672e+02
4.622911193547390099e+02
4.557334995702182709e+02
4.460243425048215045e+02
4.382065449896522296e+02
4.350236152126512934e+02
4.380265472819093020e+02
4.454919472797578237e+02
4.547007127737095971e+02
4.615962013309227245e+02
4.641439852297318112e+02
4.599309742361047597e+02
4.515992747891914405e+02
4.427062571744188517e+02
4.380346684137826969e+02
4.393659770035416727e+02
4.458085290561380134e+02
4.541139737115456114e+02
4.615193212330775054e+02
4.635650256116207970e+02
4.595479961150115855e+02
4.506422928819962976e+02
4.415813231306570401e+02
4.357472587759413614e+02
4.360121403246805016e+02
