2.655056996160000153e+02
2.712430042310000431e+02
2.701405681670000263e+02
2.599396958300000051e+02
2.381186550870000076e+02
2.406705996760000232e+02
2.666050356640000132e+02
2.718484419240000420e+02
2.719070281340000292e+02
2.707317522129999929e+02
2.713580908719999911e+02
2.709528431510000246e+02
2.707235066590000088e+02
2.688223731639999983e+02
2.691898823790000392e+02
2.694715799589999961e+02
2.708537719029999948e+02
2.714871841240000094e+02
2.706657699500000263e+02
2.705607085199999915e+02
2.706810444140000413e+02
2.695310400820000041e+02
2.693029848660000312e+02
2.710115313620000279e+02
2.683564741010000034e+02
2.686589396230000375e+02
1.956177562830000056e+02
2.613153423780000253e+02
2.727496546639999906e+02
2.723145247560000257e+02
2.734383014649999950e+02
2.716322673840000448e+02
2.713347958660000359e+02
2.707205517900000018e+02
2.695964770030000182e+02
2.714829243140000017e+02
2.701461708150000049e+02
2.702435502170000063e+02
2.719120140390000415e+02
2.718966651040000215e+02
2.712454541150000296e+02
2.705314112810000324e+02
2.697207229640000037e+02
2.691469453020000060e+02
2.685835772380000321e+02
2.696106648250000148e+02
2.682537220190000085e+02
2.688478577590000214e+02
2.677755029490000425e+02
2.692524597270000299e+02
2.687884596570000326e+02
2.686760443190000274e+02
2.692663115120000157e+02
2.693536776029999942e+02
2.688347902110000405e+02
2.694182668900000408e+02
2.702446813330000168e+02
2.683133769490000304e+02
2.693380411670000285e+02
2.680210703980000062e+02
2.708430565350000165e+02
2.687672063510000271e+02
2.671766873040000405e+02
2.675916754180000225e+02
2.689441206220000140e+02
2.688293450290000237e+02
2.251415156260000003e+02
2.600784520220000218e+02
2.567658088890000272e+02
2.594703852220000044e+02
2.609308518650000224e+02
2.594868828040000039e+02
2.596293104380000045e+02
2.599809652069999970e+02
2.605097497760000351e+02
2.604240518999999949e+02
2.603340389500000356e+02
2.629503311409999924e+02
2.700924944410000421e+02
2.196196746120000114e+02
1.929598943570000245e+02
2.575074461280000264e+02
2.441882100020000053e+02
2.106811852590000171e+02
1.757596391710000034e+02
2.449393763980000074e+02
2.451360226200000056e+02
2.165257425530000148e+02
2.656741236359999903e+02
2.640983656930000052e+02
2.638842282710000404e+02
2.035278729980000207e+02
1.677017853309999964e+02
1.640145788110000069e+02
1.638437361000000010e+02
1.810243131800000072e+02
1.632806395390000205e+02
1.858422809360000088e+02
2.674818643529999918e+02
2.675288234490000150e+02
2.683825675699999920e+02
2.681889003160000016e+02
2.680134390110000027e+02
2.689117289850000247e+02
2.680437719509999965e+02
2.689180669500000249e+02
2.685206974710000054e+02
2.696869842710000285e+02
2.680890119360000199e+02
2.693037908480000056e+02
2.699672628840000357e+02
2.689573255210000298e+02
2.697362477960000433e+02
2.690026853550000396e+02
2.684375992910000264e+02
2.681673116810000010e+02
2.687917178449999938e+02
2.673255326199999899e+02
2.664979151620000266e+02
2.667092191010000306e+02
2.653729703600000107e+02
2.650298598670000274e+02
2.670185516170000142e+02
2.682766588370000136e+02
2.681483558090000088e+02
2.689023974110000381e+02
2.683068150120000155e+02
2.671270276860000195e+02
2.689352108400000247e+02
2.677780449930000373e+02
2.447635058080000192e+02
1.600424734230000183e+02
1.604173652980000213e+02
1.629739544380000211e+02
1.625420297189999985e+02
1.633043018580000023e+02
1.624092451360000098e+02
1.624169614790000082e+02
1.625583829560000027e+02
1.632955117810000161e+02
1.625826157770000009e+02
1.627704188849999980e+02
1.590998985980000100e+02
1.597529981659999976e+02
1.627056573560000174e+02
1.598637061790000189e+02
1.622768922959999998e+02
2.159499264270000083e+02
2.647860631550000221e+02
2.668718208230000073e+02
2.660437327399999958e+02
2.437827511890000096e+02
1.718086340410000048e+02
1.720104768639999975e+02
1.739253976079999973e+02
2.278564510740000060e+02
2.661695583750000083e+02
2.664919637180000223e+02
2.676985158010000418e+02
2.677795392390000302e+02
2.675469856160000290e+02
2.670822607620000326e+02
2.666490712949999988e+02
2.665316049269999894e+02
2.672376594780000119e+02
2.646376982490000387e+02
2.662375270590000014e+02
2.673858172300000433e+02
2.680569166870000117e+02
2.650403933680000250e+02
2.650074392180000018e+02
2.659457523529999889e+02
2.641617483570000218e+02
2.123314725610000266e+02
1.640695857649999994e+02
1.763606067710000218e+02
1.632070807180000145e+02
1.620641905129999998e+02
1.584106623039999988e+02
1.574303050219999989e+02
1.590622900660000028e+02
1.631416365569999982e+02
1.607506066070000088e+02
1.643800598770000079e+02
1.658223295430000235e+02
1.639776819200000091e+02
1.607515062190000208e+02
1.608419352380000191e+02
1.606707460630000242e+02
1.621103407589999961e+02
1.604328962609999962e+02
1.618544564030000004e+02
1.606394649510000079e+02
1.638997893680000004e+02
1.612004282940000053e+02
1.610815772900000127e+02
1.644476758120000000e+02
1.648939622090000228e+02
1.661147610900000018e+02
1.607041743710000219e+02
1.230626277800000139e+02
1.191914513720000031e+02
1.228682144270000123e+02
1.205448998700000089e+02
1.202457151300000078e+02
1.285237894809999943e+02
1.251726254680000068e+02
1.210932267980000034e+02
1.195581189590000122e+02
1.269869101280000052e+02
1.989054482049999990e+02
1.972549639580000189e+02
1.972040378599999997e+02
1.384117089869999973e+02
1.210396947920000059e+02
1.247969426780000077e+02
1.364738012859999969e+02
1.633761916670000005e+02
1.658634311309999987e+02
1.810897591850000197e+02
1.940366531150000071e+02
1.291365255139999988e+02
1.807557344180000030e+02
1.963433996050000019e+02
1.457527263930000174e+02
1.581767761199999995e+02
1.225125794600000120e+02
1.215576841650000119e+02
1.201723317000000009e+02
1.407327262010000197e+02
1.923551069330000018e+02
1.971297156840000184e+02
1.330162801050000212e+02
1.509305791210000223e+02
1.709884880760000101e+02
1.964428800250000222e+02
1.963154332160000024e+02
1.975690197700000112e+02
1.970508172000000116e+02
1.966769120260000250e+02
1.256962249650000132e+02
1.233045435500000053e+02
1.505893284390000133e+02
1.972199950180000201e+02
1.968156240720000199e+02
1.977794888420000063e+02
1.983361491490000219e+02
1.974403747340000166e+02
1.973405387050000002e+02
1.971532610170000055e+02
1.961080740849999984e+02
1.983816964430000098e+02
1.974985246210000014e+02
1.959621644630000219e+02
1.782418817750000244e+02
1.662528680870000244e+02
1.263352345260000078e+02
1.712737786910000182e+02
1.572669774590000031e+02
1.381877224000000126e+02
1.209789919360000141e+02
1.255424972330000060e+02
1.257581907580000120e+02
1.191874756950000034e+02
1.220186533390000108e+02
1.305391426369999976e+02
1.282108961350000129e+02
1.245685845110000116e+02
1.494340177020000056e+02
1.290914167550000116e+02
1.239682246750000019e+02
1.245579352910000068e+02
1.240096002520000127e+02
1.683712888840000232e+02
2.004169890960000089e+02
1.941410922410000239e+02
1.604034547610000061e+02
1.210383593390000101e+02
1.220088206120000081e+02
1.225513682300000085e+02
1.257079676790000065e+02
1.235473979370000137e+02
1.522388339550000182e+02
1.264760625040000122e+02
1.246701128280000148e+02
1.220371112760000045e+02
1.212351734980000089e+02
1.868930017120000002e+02
2.005191771710000239e+02
1.999276350770000192e+02
2.026302897200000075e+02
2.004550970950000135e+02
2.002403078890000074e+02
2.013254389820000085e+02
1.998642228289999991e+02
2.005651148090000220e+02
2.003021698380000259e+02
1.972912643010000124e+02
1.966583568290000130e+02
1.967031558390000043e+02
1.962432069750000210e+02
1.957178552300000263e+02
1.973782517340000027e+02
1.968981612040000186e+02
1.967617439760000195e+02
1.993257276820000072e+02
1.980919223490000149e+02
1.962940093710000156e+02
1.978073876130000031e+02
1.981994974030000094e+02
2.647033842100000243e+02
2.625600323610000260e+02
2.615983427369999959e+02
2.632627000219999900e+02
1.969514280060000146e+02
1.972311358180000127e+02
1.973302433670000084e+02
1.985772676470000135e+02
2.638825085220000233e+02
2.618446303229999899e+02
2.624956933310000409e+02
2.636477134430000433e+02
2.632250822060000246e+02
2.615876852979999967e+02
1.971017391590000045e+02
1.957200106880000021e+02
2.611953423109999903e+02
2.602872599070000206e+02
1.700287360690000185e+02
1.653565625870000133e+02
1.820872586739999974e+02
2.631318570640000303e+02
2.644578279540000381e+02
2.385654790090000290e+02
2.159803857330000199e+02
2.636817164900000421e+02
2.500128361520000055e+02
2.405993086390000144e+02
1.998995816430000048e+02
1.662769333130000007e+02
1.688050112710000121e+02
2.447257621380000217e+02
2.662319832109999993e+02
2.672759389700000270e+02
2.351770950410000012e+02
2.638162877309999885e+02
2.648622011639999982e+02
2.654308101870000201e+02
2.635378734230000077e+02
2.207330797040000050e+02
1.712630519660000061e+02
2.409315967880000073e+02
2.682375601930000357e+02
2.691665584280000303e+02
2.663377789990000224e+02
2.651603885190000369e+02
3.320570869690000109e+02
3.055199624600000448e+02
3.054065754900000229e+02
3.153089544910000086e+02
3.294700420130000111e+02
2.633756779610000081e+02
1.870799293820000173e+02
1.846478630120000162e+02
2.014116771890000166e+02
2.738621373710000171e+02
2.476897253040000066e+02
3.295014857160000474e+02
2.178172694480000189e+02
2.098499024270000177e+02
2.045114159220000261e+02
1.641226507290000143e+02
1.653355116740000028e+02
3.164047957270000211e+02
3.329066691970000420e+02
3.307564836939999964e+02
3.358999232520000078e+02
3.334089349510000488e+02
2.504672505230000183e+02
3.269957618850000358e+02
2.607227837270000350e+02
3.259004167870000401e+02
3.265096414630000368e+02
3.258509682030000363e+02
3.939897300120000523e+02
3.932411731500000087e+02
3.836891059530000234e+02
2.681783967540000049e+02
2.106136830530000168e+02
1.731770435170000155e+02
2.951183596250000392e+02
2.833925197440000261e+02
3.531106651480000096e+02
3.274373062399999981e+02
2.496944671530000051e+02
3.221213479400000210e+02
3.605039836480000304e+02
2.746694211570000448e+02
3.246649145080000380e+02
3.239646490410000297e+02
3.257685385949999954e+02
3.645202799799999980e+02
3.641422119690000159e+02
3.588707840730000385e+02
2.853924446260000423e+02
2.454228864130000147e+02
2.704192452010000238e+02
3.284159709290000251e+02
3.243860420310000450e+02
3.244198127480000267e+02
3.894655661930000292e+02
3.917928660350000314e+02
3.909874164640000345e+02
3.930330367570000476e+02
3.265660103030000414e+02
3.267797358910000298e+02
3.256742686130000379e+02
3.237137718200000336e+02
3.247563460480000117e+02
3.250404538520000415e+02
3.895037472019999996e+02
3.873588108769999963e+02
3.981964699950000295e+02
3.048021007480000435e+02
2.095875834870000176e+02
3.174672692080000047e+02
3.307778555930000266e+02
3.228069693830000233e+02
3.224338642150000283e+02
3.218599320250000346e+02
4.026644355180000048e+02
4.006127580920000355e+02
4.014888796510000475e+02
2.831404563629999984e+02
2.745236748579999926e+02
2.071473619840000140e+02
2.174776105470000118e+02
2.251384310840000182e+02
2.095229885110000225e+02
2.436556995910000012e+02
2.495908700810000198e+02
2.504229811460000121e+02
2.793345284499999934e+02
2.118935486240000046e+02
2.068199817390000135e+02
2.026010727610000117e+02
2.625394581259999995e+02
3.291617015270000479e+02
3.981800849810000500e+02
3.980360402910000062e+02
3.981872260160000110e+02
3.316242066440000258e+02
3.318669022450000057e+02
3.311815171430000078e+02
3.261069177360000140e+02
3.299737046590000205e+02
3.250237773400000378e+02
3.300809725160000312e+02
3.965373679280000374e+02
3.968775355180000020e+02
3.957725527540000030e+02
3.306682996020000473e+02
3.309362263390000294e+02
3.311239008379999973e+02
3.280858342040000366e+02
2.601358923740000364e+02
3.283336739819999934e+02
4.019460824170000137e+02
4.012017226250000022e+02
4.027117630609999992e+02
3.349913340820000371e+02
3.343667130560000373e+02
3.336702610400000140e+02
3.329332138409999970e+02
3.346191354740000179e+02
2.487568799940000019e+02
3.954432545900000378e+02
3.974387064980000446e+02
3.968423450540000204e+02
3.310686184090000097e+02
3.316220685850000223e+02
3.311091586420000112e+02
3.309064205970000216e+02
3.307477159350000306e+02
3.295509377270000186e+02
3.970764766240000085e+02
3.983767879580000226e+02
3.993998912790000304e+02
3.328158488050000301e+02
3.330948221849999982e+02
3.328433945760000370e+02
3.303541108379999969e+02
3.328592310910000265e+02
3.349571157470000458e+02
4.037693108910000319e+02
4.036048529669999994e+02
3.839988651860000459e+02
2.509707522690000019e+02
2.027817296810000016e+02
2.154913586670000143e+02
2.051891297350000229e+02
