-6.001333361300431601e-04
-9.295299545726415369e-04
-1.887786322751716650e-03
-3.061605635675535009e-03
-3.662221768262086119e-03
-5.619678385653248398e-03
-7.076367873989464208e-03
-8.760596448737945074e-03
-1.138197765929960248e-02
-1.343764422673965342e-02
-1.600664504885851436e-02
-1.861154737409043136e-02
-2.142704066470280111e-02
-2.432949675248341492e-02
-2.680860491714942562e-02
-2.999066696293462009e-02
-3.241304159551749997e-02
-3.470183263204651425e-02
-3.747824210219263819e-02
-3.919421312461990325e-02
-4.137996401366117460e-02
-4.352325912691590304e-02
-4.496936067314116769e-02
-4.693500050919707789e-02
-4.856565219885444762e-02
-5.017900949066911309e-02
-5.191584192054188307e-02
-5.364084778969724354e-02
-5.570563609301526498e-02
-5.755429313158044735e-02
-5.980020243540407066e-02
-6.214411644787753985e-02
-6.431074444993356565e-02
-6.700351229333412206e-02
-6.944132536195635197e-02
-7.197257081730068506e-02
-7.474743425851126943e-02
-7.712475055117007372e-02
-7.966334337079761241e-02
-8.199087114352909822e-02
-8.409187546781371481e-02
-8.620358566683705703e-02
-8.789185566749235790e-02
-8.958867000833814487e-02
-9.101962442010558263e-02
-9.214731567407730140e-02
-9.329048546597462632e-02
-9.406662413444255577e-02
-9.484410863955927695e-02
-9.550451580464214274e-02
-9.600624028108750707e-02
-9.662660479539741942e-02
-9.706129002255803329e-02
-9.760693391505892436e-02
-9.816240136042431175e-02
-9.864953173229373817e-02
-9.935694108027970373e-02
-9.993341822106049932e-02
-1.005654613802642317e-01
-1.012286496286396442e-01
-1.016401432817062300e-01
-1.019715897530888427e-01
-1.019177095399568245e-01
-1.013725545593979760e-01
-1.001983729652557997e-01
-9.800188748554283791e-02
-9.464746918848199186e-02
-8.964528863124421321e-02
-8.266787851046153435e-02
-7.333562381788016893e-02
-6.104535056098647772e-02
-4.553040024025012400e-02
-2.619861951546909040e-02
-2.620701704526773312e-03
2.548464276653206184e-02
5.862603639237562447e-02
9.695515169774804320e-02
1.407450453113234801e-01
1.901894444280527452e-01
2.452981749661793387e-01
3.062455953085096994e-01
3.729621651892127687e-01
4.454670965380378433e-01
5.237575984766733583e-01
6.076797805427318622e-01
6.972487604881534295e-01
7.922842041841979821e-01
8.926530738237108409e-01
9.982455305297968096e-01
1.108773813301930034e+00
1.224084569682609924e+00
1.343865146380490039e+00
1.467805051955637374e+00
1.595633160596165112e+00
1.726921939520948079e+00
1.861373848826077371e+00
1.998586544121016217e+00
2.138143854308786729e+00
2.279694633427208572e+00
2.422744486096171102e+00
2.566878527279788713e+00
2.711614184423725149e+00
2.856412069697523037e+00
3.000777369070458889e+00
3.144068724431748230e+00
3.285632711749839174e+00
3.424664436718645177e+00
3.560146236268519004e+00
3.690907677623334493e+00
3.815434222930445429e+00
3.932017604004169442e+00
4.038764618277184582e+00
4.133666331581206776e+00
4.214887132104360390e+00
4.280794194561598154e+00
4.330179584770355916e+00
4.362320016171985060e+00
4.376887801282298263e+00
4.373977329087169963e+00
4.353899959800502373e+00
4.317147151889534129e+00
4.264344712637296197e+00
4.196143746166310251e+00
4.113263725673037996e+00
4.016343770962748749e+00
3.905886951677527197e+00
3.782235378817572879e+00
3.645495039021841244e+00
3.495659762587972619e+00
3.332658217798044387e+00
3.156451192340392620e+00
2.967161015321754469e+00
2.765076869789552028e+00
2.550748084436659013e+00
2.325000341050272645e+00
2.088941723096390923e+00
1.844016200825608021e+00
1.591929919132488269e+00
1.334609464281660163e+00
1.074088524810028034e+00
8.123475722039232849e-01
5.512380148360533916e-01
2.923698088513493332e-01
3.709085550468405046e-02
-2.134965595479370037e-01
-4.585346314342135798e-01
-6.973271174049218146e-01
-9.292969202436189846e-01
-1.153908136087359981e+00
-1.370566963139570493e+00
-1.578584075359782624e+00
-1.777112250566546869e+00
-1.965166258630847373e+00
-2.141690421483086748e+00
-2.305638407560667957e+00
-2.456116827652748746e+00
-2.592476933101271364e+00
-2.714393921504050677e+00
-2.821917860035384251e+00
-2.915449717720945522e+00
-2.995714206174311833e+00
-3.063664001222840216e+00
-3.120361533762499917e+00
-3.166866607100516706e+00
-3.204098446970514047e+00
-3.232758233754823074e+00
-3.253279070682380425e+00
-3.265828775592845457e+00
-3.270385673141485761e+00
-3.266820068238152519e+00
-3.255012823703523406e+00
-3.234954526595898994e+00
-3.206807708567733783e+00
-3.170950743034676389e+00
-3.127953570439788500e+00
-3.078530690523241908e+00
-3.023464745541520671e+00
-2.963507438886562539e+00
-2.899310186324129290e+00
-2.831363194166767627e+00
-2.759984734025472175e+00
-2.685357196856046791e+00
-2.607584695666546715e+00
-2.526786101675341456e+00
-2.443167846043289515e+00
-2.357073908317500521e+00
-2.269000135606631385e+00
-2.179548794437252468e+00
-2.089359429004693514e+00
-1.999007358483564811e+00
-1.908901952636035126e+00
-1.819216259047898188e+00
-1.729845733219272930e+00
-1.640433062164628808e+00
-1.550441993688139952e+00
-1.459272224533576967e+00
-1.366404904591592917e+00
-1.271529610685666167e+00
-1.174644684747439438e+00
-1.076098411075253392e+00
-9.778781445916253645e-01
-8.800020889655937317e-01
-7.834967335359395157e-01
-6.900290148595420447e-01
-5.988427617060927410e-01
-5.120568784632215653e-01
-4.300209978367353081e-01
-3.512841324236180007e-01
-2.763409780990055964e-01
-2.041803386725131730e-01
-1.330643183545161534e-01
-6.280439144835359144e-02
6.731585743534385102e-03
7.628355840020395462e-02
1.453505024546384305e-01
2.124194158821559597e-01
2.775137943725729528e-01
3.398309568998594266e-01
3.997948488349702956e-01
4.623628283676057826e-01
5.330397470600023446e-01
6.195966525942813163e-01
7.302062530450745825e-01
8.665001320073475455e-01
1.024414159539075442e+00
1.192560911877293073e+00
1.353425884518280498e+00
1.490185111063662582e+00
1.589997754235852767e+00
1.647224950875294081e+00
1.664584143392262572e+00
1.651215242615665879e+00
1.620479821923205055e+00
1.587908973353125752e+00
1.570491233146853904e+00
1.584341658708605660e+00
1.643120860732668831e+00
1.756300410492301012e+00
1.924682416004186436e+00
2.140923233504244738e+00
2.390394190504159688e+00
2.652859063136085993e+00
2.909060937087287968e+00
3.142491291607513837e+00
3.341396381690609374e+00
3.500254155360822850e+00
3.616919263630212988e+00
3.692908987771049034e+00
3.733017715460677177e+00
3.745047738290064210e+00
3.740601162863927520e+00
3.734002165504384685e+00
3.741381794927465254e+00
3.778337590388584299e+00
3.858767682598881255e+00
3.994145752756574019e+00
4.191876964517582849e+00
4.455936265760240822e+00
4.784647949995609828e+00
5.168580905979558437e+00
5.590581072391101358e+00
6.024249624602250996e+00
6.436732914547675044e+00
6.793338954311670896e+00
7.061720531405339507e+00
7.218350030568545961e+00
7.252484115441119705e+00
7.168610146863316324e+00
6.987774882370279883e+00
6.745994089467800769e+00
6.491603353777820828e+00
6.279928701769145860e+00
6.166852425675580562e+00
6.201001508547241414e+00
6.415382283500928651e+00
6.822034833012413202e+00
7.407835827578914234e+00
8.134848231171131872e+00
8.944729238990317910e+00
9.764360647247318781e+00
1.051509093925631788e+01
1.112187155468539501e+01
1.152180994635299172e+01
1.167313373826343437e+01
1.156114633401497471e+01
1.120215988532749485e+01
1.064423841563886697e+01
9.963441078241746851e+00
9.257034047365861440e+00
8.633098988404391605e+00
8.198805325063185379e+00
8.047828199633357826e+00
8.248455982034029077e+00
8.834177963086307983e+00
9.796067974554318880e+00
1.108009518392290005e+01
1.258885278015114650e+01
1.418803331184349403e+01
1.571931992955864743e+01
1.701671860733295460e+01
1.792597393968903674e+01
1.832530245447079409e+01
1.814343828724049956e+01
1.737407207553603428e+01
1.608372266347853952e+01
1.441095809951825579e+01
1.255702113282016441e+01
1.076713102773809183e+01
9.304433909993448992e+00
8.418442373238029575e+00
8.311735235139385836e+00
9.109002130382032547e+00
1.083235628781054061e+01
1.338860928546774787e+01
1.657010409409351226e+01
2.007074790386529628e+01
2.351640511754024132e+01
2.650497498608643809e+01
2.865338664553411263e+01
2.964673245251679035e+01
2.928383589191994929e+01
2.751456315973588573e+01
2.446159941118418146e+01
2.042119235486237017e+01
1.584133136132320629e+01
1.127871501291664913e+01
7.340076875397055112e+00
4.613523838146172729e+00
3.595476522538859410e+00
4.618800477868042265e+00
7.791278436221606540e+00
1.295725826745552922e+01
1.969298083709099245e+01
2.734111361095490977e+01
3.507800112136384740e+01
4.200004590344016719e+01
4.721901702883134533e+01
4.996193509771431707e+01
4.967512874644829424e+01
4.612539258630818750e+01
3.947524218528408113e+01
3.030440958812929964e+01
1.956391179681739345e+01
8.474778872938124152e+00
-1.597626539818106650e+00
-9.272711055261119384e+00
-1.329374439720055534e+01
-1.269748321720106254e+01
-7.009430363505629202e+00
3.589628465007576708e+00
1.820891728060263404e+01
3.535451536998866828e+01
5.315590249415098612e+01
6.960009432257886886e+01
8.268751500277542732e+01
9.054007264837052560e+01
9.158660423726828981e+01
8.489946634869033915e+01
7.057353227242217031e+01
4.989759405363464850e+01
2.514239862604301834e+01
-9.245132751108329217e-01
-2.544602749934534103e+01
-4.555450592499646234e+01
-5.828052958255973692e+01
-6.075122564975852413e+01
-5.095724801154345585e+01
-2.880172310252219248e+01
3.347377588958799777e+00
4.124573457960391920e+01
8.026251166332681919e+01
1.166269009689816158e+02
1.473145440934722785e+02
1.687847970102296529e+02
1.763232378148782118e+02
1.655185738063746612e+02
1.352392830020714882e+02
8.950262528821824048e+01
3.598776904552914857e+01
-1.811196663301853960e+01
-6.902696009414816558e+01
-1.146709087890502872e+02
-1.499174229719668858e+02
-1.649732897464805887e+02
-1.498267483485281559e+02
-1.021550652599880777e+02
-3.193676155511023751e+01
4.312099965825760250e+01
1.095195424074193085e+02
1.671553934298333672e+02
2.226401971822787971e+02
2.728370612401341759e+02
2.986843667949657970e+02
2.783107059942387878e+02
2.089169174335818298e+02
1.140328261381015693e+02
2.570619805940012270e+01
-4.332711156428106847e+01
-1.049220765176981160e+02
-1.693449252114913577e+02
-2.212693177340080979e+02
-2.297634879385561533e+02
-1.805093298302195421e+02
-9.325728595144971678e+01
-6.264351471340660282e+00
4.967120717846752598e+01
8.188312860020953110e+01
1.189744874723561878e+02
1.677706636225059071e+02
2.040996281666498362e+02
1.986924365190234028e+02
1.538196354492640694e+02
9.968083747213952961e+01
5.046560990592477935e+01
1.066272290506482534e+01
-1.442550148750845551e+01
-3.913471078027495764e+01
-7.178344118570436194e+01
-9.565866939896024235e+01
-9.252941470933791379e+01
-6.704804556240009106e+01
-4.010451782106395768e+01
-1.757654759897542363e+01
2.766403049291398020e+00
2.079154021858356316e+01
4.331952864544751947e+01
7.970316060224112675e+01
1.287235773992588008e+02
1.625021818591420413e+02
1.551991949246100262e+02
1.215685018806848632e+02
8.387532041913576109e+01
4.740864205472824011e+01
1.569426983255881680e+01
-1.241361578329515680e+01
-4.781586302798768884e+01
-9.755632339331556580e+01
-1.438161172128715748e+02
-1.525849904782125748e+02
-1.161989876031198463e+02
-6.294371982873061455e+01
-1.771831631811608077e+01
1.659639234706804700e+01
4.134684039586122140e+01
6.095036226041389682e+01
8.654643144375286568e+01
1.196888415618157211e+02
1.415578699640775255e+02
1.328315052325036731e+02
9.739497944750908687e+01
5.500104369064206367e+01
1.707237865954627409e+01
-1.688401686397266133e+01
-4.792552798850857698e+01
-7.668958557378907415e+01
-1.039581811252159582e+02
-1.245549337317800394e+02
-1.246629696871409294e+02
-9.814355503038996176e+01
-5.725237363435674354e+01
-1.735141090704887290e+01
1.716877161601060209e+01
4.970652721491413217e+01
8.500684618322128472e+01
1.212698427989568302e+02
1.488628248668730691e+02
1.564791807708087390e+02
1.359573236935135583e+02
9.359732738647170436e+01
4.614928894563433914e+01
4.804960603226575699e+00
-3.135167819641941378e+01
-7.029352332907419054e+01
-1.134995873260059938e+02
-1.473458013293573572e+02
-1.536493427910048126e+02
-1.276557239217983408e+02
-8.042689796290613913e+01
-2.938209241092580726e+01
1.249584743889296590e+01
4.285798148233283200e+01
7.101193669682325549e+01
1.048252147239422243e+02
1.376988312513808808e+02
1.530347675265045950e+02
1.385764034224171155e+02
1.003501959902675935e+02
5.405311608451214056e+01
1.079578253485406947e+01
-2.560408894082719655e+01
-5.856811153617839238e+01
-9.493808345269218307e+01
-1.309239161736050505e+02
-1.494206557036453660e+02
-1.375022007321695412e+02
-9.935200523013301677e+01
-5.111877635686542476e+01
-7.220053676200748782e+00
2.705698730215485170e+01
5.723599784412493818e+01
9.052620071311679339e+01
