9.999945667247788217e-01
9.999865226337707469e-01
9.999819338173125960e-01
9.999748073356732325e-01
9.999684225713789676e-01
9.999629370031731801e-01
9.999555694750700274e-01
9.999503745868080218e-01
9.999433984006692588e-01
9.999371602101375656e-01
9.999316764238181943e-01
9.999241985192907078e-01
9.999190475991566185e-01
9.999124509820755957e-01
9.999058059319024805e-01
9.999005504856678384e-01
9.998934625068154336e-01
9.998878509844683071e-01
9.998816857797321322e-01
9.998751799083720471e-01
9.998697761097881109e-01
9.998629963116619779e-01
9.998574536172979421e-01
9.998514319522940896e-01
9.998449873145653921e-01
9.998397809008211512e-01
9.998332448994667887e-01
9.998276017843897856e-01
9.998219774837945328e-01
9.998156733731446977e-01
9.998104436850255849e-01
9.997950665870187770e-01
9.997748516663346185e-01
9.997536155184271189e-01
9.997311689937977697e-01
9.997078025119792155e-01
9.996832837601551391e-01
9.996577154978653068e-01
9.996311508750956865e-01
9.996034987061660493e-01
9.995749527625282793e-01
9.995453847635236144e-01
9.995149773963948325e-01
9.994837856956148014e-01
9.994517593272675970e-01
9.994191818031669117e-01
9.993859835391756263e-01
9.993522970743931033e-01
9.993183075855452957e-01
9.992839746637679488e-01
9.992495231094672414e-01
9.992149943560164616e-01
9.991804810965777550e-01
9.991461384869729789e-01
9.991119562568644419e-01
9.990781254681249113e-01
9.990446518601230341e-01
9.990116009628879912e-01
9.989791197768436160e-01
9.989471473351754227e-01
9.989158225650330847e-01
9.988851640577889324e-01
9.988551619107840507e-01
9.988259215700656668e-01
9.987973841603881020e-01
9.987696121020562812e-01
9.987425992902742022e-01
9.987163104399079394e-01
9.986907995796430182e-01
9.986659798274788447e-01
9.986418768165598037e-01
9.986184689964361372e-01
9.985956879247736007e-01
9.985735756233815597e-01
9.985520663274707331e-01
9.985311655213863213e-01
9.985108922611894977e-01
9.984912179848947078e-01
9.984722124348726080e-01
9.984538834614750114e-01
9.984362938629298689e-01
9.984195317587547525e-01
9.984036378546570223e-01
9.983887474940082996e-01
9.983749339160288283e-01
9.983623005294377517e-01
9.983504431278007463e-01
9.983397417445407651e-01
9.983305101173314267e-01
9.983228372676294926e-01
9.983167971306119437e-01
9.983124683406023880e-01
9.983098952162574591e-01
9.983091381980866430e-01
9.983102339032606798e-01
9.983132260725577911e-01
9.983181869684135679e-01
9.983251799485111100e-01
9.983343326596461065e-01
9.983458142981613825e-01
9.983598531266023590e-01
9.983767930409256364e-01
9.983970707255974686e-01
9.984212724824065299e-01
9.984501366298421665e-01
9.984845534416360024e-01
9.985255772038396094e-01
9.985743636780580745e-01
9.986321478454518452e-01
9.987001590117526861e-01
9.987795317671938067e-01
9.988712574924873966e-01
9.989719677079660354e-01
9.990849606200280508e-01
9.992113151143479088e-01
9.993509308633458099e-01
9.993086613837036669e-01
9.992191904524437840e-01
9.991276079309393543e-01
9.990340237024505354e-01
9.989237004443168866e-01
9.988068214837939607e-01
9.986874455243867077e-01
9.985606764724664908e-01
9.984198119281675332e-01
9.982655222976223319e-01
9.980863552565231167e-01
9.979040403785693902e-01
9.977019009684221507e-01
9.974709322452465221e-01
9.972089020846424123e-01
9.969419536481699540e-01
9.966708849411844984e-01
9.963966664559431585e-01
9.961204248082841106e-01
9.958433807291624529e-01
9.955668072618598652e-01
9.952919626799264785e-01
9.950162015562427076e-01
9.947387293447965684e-01
9.944660601893290375e-01
9.941990109210095961e-01
9.939382405088906802e-01
9.936842754050344562e-01
9.934375621638646958e-01
9.931985090611740175e-01
9.929675404482428691e-01
9.927451278733330220e-01
9.925317963564695978e-01
9.923281175797331599e-01
9.921346640997332766e-01
9.919519589276615257e-01
9.917804125037145146e-01
9.916199362513550275e-01
9.914680633982219105e-01
9.913276296300846946e-01
9.911981335871973275e-01
9.910788421562654049e-01
9.909688505874344466e-01
9.908671727034766841e-01
9.907728311762377116e-01
9.906849475732867338e-01
9.906028129162109952e-01
9.905259229289190559e-01
9.904539867868021874e-01
9.903868953603940373e-01
9.903246656524813396e-01
9.902673707410570847e-01
9.902150612040647726e-01
9.901677028631055144e-01
9.901251303521595437e-01
9.900870292365904213e-01
9.900529487328961764e-01
9.900223333975212148e-01
9.899945753822961825e-01
9.899690671324512525e-01
9.899452471681517984e-01
9.899226335119485354e-01
9.899008332346934669e-01
9.898795382373200002e-01
9.898585062854321492e-01
9.898375365991878283e-01
9.898164522972408008e-01
9.897950896802141241e-01
9.897733048389871779e-01
9.897509923820643207e-01
9.897281108603127597e-01
9.897047105079616047e-01
9.896809472845362610e-01
9.896570802811363032e-01
9.896334449941002198e-01
9.896104015284525879e-01
9.895882683835205418e-01
9.895672476059680367e-01
9.895466021911906163e-01
9.895264295689676359e-01
9.895066883136983682e-01
9.894867584446518372e-01
9.894658856837731387e-01
9.894432702667232959e-01
9.894181186016592910e-01
9.893900817710251649e-01
9.893587380140176357e-01
9.893238006545101992e-01
9.892862647261619902e-01
9.892462654341720452e-01
9.892043145076940824e-01
9.891621267744933332e-01
9.891198577355336807e-01
9.890783740422474102e-01
9.890386970817528489e-01
9.890008729565864520e-01
9.889655390347539266e-01
9.889332468750599014e-01
9.889050041863420848e-01
9.888819625441437333e-01
9.888657168386308927e-01
9.888582289415229765e-01
9.888600005796212011e-01
9.888708866121959096e-01
9.888888456545379402e-01
9.889091288639493271e-01
9.889260499250104308e-01
9.889327037643198537e-01
9.889223708342222974e-01
9.888901323239047692e-01
9.888334134500804673e-01
9.887531006699491476e-01
9.886535658956659978e-01
9.885428903265333078e-01
9.884318639678999485e-01
9.883323380925398416e-01
9.882561122602254722e-01
9.882121277593991504e-01
9.882050064519736221e-01
9.882343714831054449e-01
9.882939779947533809e-01
9.883731079160048560e-01
9.884578467718804218e-01
9.885329177935620049e-01
9.885839423580508045e-01
9.885989767142412399e-01
9.885704144171089114e-01
9.884957093762732905e-01
9.883779514870232319e-01
9.882258569526651826e-01
9.880524144472873083e-01
9.878738104422856159e-01
9.877074392870035524e-01
9.875698499083724879e-01
9.874752831655392304e-01
9.874339496006020456e-01
9.874511091585642664e-01
9.875262877655285321e-01
9.876528291191559727e-01
9.878181886763652830e-01
9.880043042568062983e-01
9.881891159580457051e-01
9.883484954549266455e-01
9.884585677574952989e-01
9.884987936259584940e-01
9.884545243657492097e-01
9.883195076774504706e-01
9.880977163110151729e-01
9.878039656750331465e-01
9.874636120225536162e-01
9.871105656483604163e-01
9.867841144586662061e-01
9.865245036906090670e-01
9.863676557431473313e-01
9.863401256806404449e-01
9.864544189221354786e-01
9.867059497440157090e-01
9.870720480364016947e-01
9.875130458262826316e-01
9.879759837899373398e-01
9.883567507244325201e-01
9.886307186280464121e-01
9.887627484522713006e-01
9.887184654092406877e-01
9.884825907896109820e-01
9.880624244911505594e-01
9.874887477108714728e-01
9.868140043251871774e-01
9.860490356478418539e-01
9.853147105037518561e-01
9.847152154517900824e-01
9.843308108962125491e-01
9.842131293230239608e-01
9.844149189645649001e-01
9.849269174250211423e-01
9.856973049641833962e-01
9.866569101681290643e-01
9.876431679678224773e-01
9.885216910269924995e-01
9.892345069171462058e-01
9.894040190513335720e-01
9.892794980105691360e-01
9.889512573938683548e-01
9.884330795606205422e-01
9.875796767144817689e-01
9.862003760043479561e-01
9.846853656938122645e-01
9.830484921837615575e-01
9.816023772663037272e-01
9.804961008882716600e-01
9.799983779086576252e-01
9.802250780234373906e-01
9.812132988623554208e-01
9.829088277396137441e-01
9.850868926182364538e-01
9.874020502329292626e-01
9.892955143957972153e-01
9.896186751348244881e-01
9.891800915700101893e-01
9.885986953526026966e-01
9.879838972909917860e-01
9.873999002348844423e-01
9.868858756586891268e-01
9.857929442270567666e-01
9.829129216313305939e-01
9.792243664075257481e-01
9.755629133994198066e-01
9.726913698105246198e-01
9.711342007397645304e-01
9.712067052537991518e-01
9.730507294627058767e-01
9.766000643006513826e-01
9.815686102962636328e-01
9.872180506571230918e-01
9.901552260620378743e-01
9.892916302276695273e-01
9.878802887667150756e-01
9.863940371948090036e-01
9.850052230698499445e-01
9.838881955115577060e-01
9.831958214836209464e-01
9.827667546446903213e-01
9.809040218408607847e-01
9.726580697304353373e-01
9.636883588238356335e-01
9.563624178188370184e-01
9.518299971975152651e-01
9.509263893362287501e-01
9.541151185336690377e-01
9.613928228454187153e-01
9.722408541520327629e-01
9.856363688132965262e-01
9.920821075194258265e-01
9.851348628411388253e-01
9.729813904560267179e-01
9.650315969083345102e-01
9.627177788256848778e-01
9.669020865037495360e-01
9.748905080073553275e-01
9.748058935892933707e-01
9.749841856118687256e-01
9.617728979921614796e-01
9.401934900037840492e-01
9.218253926734968351e-01
9.094244833062528066e-01
9.051137513954141678e-01
9.102102423398877873e-01
9.250031101172048187e-01
9.485957849770882966e-01
9.788446499021551395e-01
9.870731861743630153e-01
9.521493483290731641e-01
9.222195521242985139e-01
9.011901113960120169e-01
8.924964657856158112e-01
8.985535334556841169e-01
9.200299554156187165e-01
9.555507538382922439e-01
9.592621745264193756e-01
9.455698103306104940e-01
8.964339103777719808e-01
8.536080963924754794e-01
8.238229066514408672e-01
8.114868809002471206e-01
8.196458025850793527e-01
8.495674593001848462e-01
8.987511400080486768e-01
9.632648151277275472e-01
9.610964862907002138e-01
8.857125398097395186e-01
8.219170833614817262e-01
7.777933340080903646e-01
7.601618579831507239e-01
7.729295919275067650e-01
8.162112109526320491e-01
8.883624801755181100e-01
9.273872093886802448e-01
9.130817657949388266e-01
8.231708899211180874e-01
7.500730909858177586e-01
7.045018010024191035e-01
6.952244001221490333e-01
7.239743312247837181e-01
7.864437972346939310e-01
8.742985107333115513e-01
9.266852405662590053e-01
9.003325343669029701e-01
8.027597408741352636e-01
7.310638367537961591e-01
6.967290547911144660e-01
7.005194930972434841e-01
7.395841075882471083e-01
8.096148747215562436e-01
9.026587555892046089e-01
9.043474049433058992e-01
8.818519736711598611e-01
8.052694886753761772e-01
7.471964250520265471e-01
7.192368614783946068e-01
7.231999231138060980e-01
7.572220993503733233e-01
8.135693360396827334e-01
8.831541415903881864e-01
9.240773515766593782e-01
9.185947648532012400e-01
8.633042025608882453e-01
7.985736047344007549e-01
7.567564445645974525e-01
7.431963405467274519e-01
7.564729499109706934e-01
7.948849631917660474e-01
8.524560202779096763e-01
9.237820918965187200e-01
9.271979614152402460e-01
9.085666048830218777e-01
8.433034813729221035e-01
7.900335829458580150e-01
7.607799223687824464e-01
7.596805798714497682e-01
7.874587569643838325e-01
8.377609238905551203e-01
9.016899552536896678e-01
9.405296315716663580e-01
9.339969948418193058e-01
8.738362886933686013e-01
8.183392480687583515e-01
7.849671477405274489e-01
7.779932378464193832e-01
7.974153046460108474e-01
8.409035705084083601e-01
9.014172780213279834e-01
9.356329779722848405e-01
9.328515387670838210e-01
8.848708400993513523e-01
8.308984681811685258e-01
7.945795630454020042e-01
7.797225718149572993e-01
7.885406865667319298e-01
8.210599547863578485e-01
8.711139790236136493e-01
9.330647328559320552e-01
9.470705860481606342e-01
9.202580371904970358e-01
8.577159592204431915e-01
8.111876269442648280e-01
7.869855166079083864e-01
7.869422437830331241e-01
8.119778639166442824e-01
8.595205996681247740e-01
9.230098332188558796e-01
9.388954064720499426e-01
9.227767464942794318e-01
8.595488297861357818e-01
8.078273820515160519e-01
7.778404662715797668e-01
7.724850690468548775e-01
7.942598123780795216e-01
8.394369852939241872e-01
9.006279545472237746e-01
9.440786031283540103e-01
9.387154188444279956e-01
8.761084875807304551e-01
8.193906991950179464e-01
7.850349975710273487e-01
7.769377064897552421e-01
7.953768080473083701e-01
8.387539320109105301e-01
9.008498224782136576e-01
9.354471510759508890e-01
9.311405020349419193e-01
8.744362869387504178e-01
8.170782270097224353e-01
7.796448097643026154e-01
7.657189153828507511e-01
7.785553549781845106e-01
8.166656738858673048e-01
8.729457549692876128e-01
9.406852892078424455e-01
9.435491919514127357e-01
9.029315683807384030e-01
8.385579343654329110e-01
7.935701163199072594e-01
7.740386662168903253e-01
7.805130140814227069e-01
8.137986865345785414e-01
