2.656780228900000225e+02
2.713789992310000230e+02
2.702709473529999968e+02
2.600751331730000402e+02
2.382381018940000104e+02
2.407918437760000074e+02
2.667289857030000348e+02
2.720043960529999936e+02
2.720475133450000271e+02
2.708794794070000194e+02
2.714979287680000084e+02
2.711463107390000005e+02
2.708606184129999974e+02
2.689540150400000016e+02
2.693143953489999944e+02
2.696401154499999961e+02
2.709978207380000299e+02
2.716387735280000015e+02
2.708036805560000175e+02
2.707042274050000401e+02
2.708301565570000093e+02
2.696883128450000413e+02
2.694430632050000440e+02
2.711534580980000442e+02
2.684948630200000252e+02
2.688296869490000063e+02
1.956999752660000240e+02
2.614702589980000198e+02
2.728997892930000262e+02
2.724657348590000083e+02
2.735990732380000168e+02
2.718058057450000433e+02
2.714849556510000070e+02
2.711503932900000109e+02
2.697469624170000202e+02
2.716341346250000015e+02
2.702907805799999892e+02
2.703995585229999961e+02
2.720919360550000192e+02
2.720237918640000316e+02
2.714025820870000416e+02
2.706817160120000381e+02
2.698783357849999902e+02
2.693098454800000354e+02
2.687179424459999950e+02
2.697599664120000398e+02
2.683914229370000157e+02
2.690278823780000153e+02
2.679163094080000178e+02
2.693819447609999997e+02
2.689459277760000191e+02
2.688466894190000289e+02
2.694168553570000313e+02
2.695031727470000078e+02
2.689903237750000358e+02
2.695770072999999911e+02
2.703935992529999908e+02
2.684488682570000151e+02
2.694677343040000324e+02
2.681714585470000429e+02
2.709945505510000316e+02
2.689545882350000170e+02
2.673401298240000301e+02
2.677607259410000324e+02
2.691309130239999945e+02
2.689854992120000361e+02
2.252745284860000083e+02
2.602090207720000308e+02
2.569254854179999938e+02
2.596063765730000341e+02
2.610558406470000250e+02
2.596346635560000209e+02
2.597492525289999890e+02
2.601287897679999901e+02
2.606452829440000301e+02
2.605625295359999996e+02
2.604916037870000309e+02
2.631355409340000051e+02
2.702503733910000392e+02
2.197042702240000267e+02
1.930407483930000012e+02
2.576475872320000349e+02
2.443205966630000034e+02
2.107598189240000011e+02
1.758388096790000077e+02
2.450797742470000173e+02
2.452184677880000265e+02
2.166051882190000129e+02
2.658123789830000305e+02
2.642546805250000261e+02
2.640122648650000201e+02
2.036120821599999999e+02
1.677822026890000018e+02
1.640957978470000000e+02
1.639335520970000175e+02
1.811077006350000147e+02
1.633660396639999988e+02
1.859879191200000150e+02
2.676363612840000314e+02
2.676744200109999952e+02
2.685247664640000380e+02
2.683718799709999985e+02
2.681557614210000224e+02
2.690638672940000333e+02
2.682009682510000061e+02
2.691156717819999926e+02
2.686751651320000178e+02
2.698232395820000420e+02
2.682490980709999917e+02
2.694694587620000448e+02
2.701385110990000271e+02
2.691060642589999929e+02
2.698879479280000169e+02
2.691414316240000062e+02
2.685593116360000181e+02
2.683072691950000035e+02
2.689171272080000108e+02
2.675142534130000058e+02
2.666475832080000146e+02
2.668350938359999986e+02
2.654999629980000009e+02
2.651762396839999951e+02
2.671496749760000284e+02
2.684086826270000188e+02
2.682796028470000351e+02
2.690389167330000078e+02
2.684475555800000279e+02
2.672833348039999919e+02
2.690707753800000432e+02
2.679098759780000023e+02
2.448412372650000179e+02
1.601157648580000057e+02
1.604940118210000151e+02
1.630581960040000240e+02
1.626255898160000015e+02
1.633853529390000006e+02
1.624910378060000085e+02
1.625126696650000042e+02
1.626383988750000071e+02
1.633792072780000240e+02
1.626623907200000190e+02
1.628532805080000117e+02
1.591772072240000000e+02
1.598349985010000012e+02
1.627894985759999997e+02
1.599399883070000215e+02
1.623586713939999981e+02
2.160629582380000215e+02
2.649271158839999885e+02
2.670035938670000064e+02
2.661624238730000229e+02
2.438665592100000197e+02
1.718814241150000157e+02
1.720823024400000065e+02
1.740094693759999984e+02
2.279828628860000208e+02
2.662876399810000407e+02
2.666199204460000374e+02
2.678239574500000231e+02
2.679096621440000376e+02
2.676650266050000369e+02
2.671974279679999995e+02
2.667682542090000197e+02
2.666492941420000307e+02
2.673602306459999909e+02
2.647547255520000249e+02
2.663538330480000127e+02
2.675096051930000272e+02
2.681991473269999915e+02
2.651834254870000223e+02
2.651507085900000220e+02
2.660642603080000299e+02
2.642797138839999889e+02
2.124095669110000131e+02
1.641414864790000081e+02
1.764328854299999989e+02
1.632785838949999970e+02
1.621426500020000105e+02
1.584824493650000079e+02
1.575038259890000063e+02
1.591392914080000196e+02
1.632200985340000159e+02
1.608232052790000068e+02
1.644623855000000106e+02
1.659026481730000171e+02
1.640535044960000164e+02
1.608233149400000173e+02
1.609143465710000100e+02
1.607433847350000065e+02
1.621792612870000028e+02
1.605064804970000125e+02
1.619270590570000081e+02
1.607132421520000207e+02
1.639741131380000070e+02
1.612748558190000097e+02
1.611544789250000065e+02
1.645301170520000085e+02
1.649741048340000020e+02
1.661935402850000116e+02
1.607739656130000014e+02
1.231399235170000139e+02
1.192672505760000092e+02
1.229473242520000014e+02
1.206196846610000080e+02
1.203183069140000043e+02
1.286055069850000052e+02
1.252525111390000063e+02
1.211645594580000136e+02
1.196294702760000064e+02
1.270943269330000049e+02
1.990173241200000120e+02
1.973731123980000177e+02
1.973255125990000067e+02
1.384834703310000066e+02
1.211131424820000007e+02
1.249278199060000105e+02
1.365449192309999944e+02
1.634988191360000087e+02
1.659351941410000109e+02
1.812057023560000175e+02
1.941198934730000190e+02
1.292197090040000091e+02
1.808786448190000158e+02
1.964644176470000048e+02
1.458734200080000107e+02
1.582505258150000031e+02
1.225966143350000124e+02
1.216366512950000072e+02
1.202490196310000101e+02
1.408801072530000056e+02
1.924686010690000160e+02
1.972478468470000053e+02
1.330898861889999978e+02
1.510006266940000046e+02
1.711034792030000062e+02
1.965666062479999994e+02
1.964522319780000146e+02
1.976922369560000163e+02
1.971783622860000094e+02
1.967944540820000157e+02
1.257668092000000115e+02
1.233837062250000116e+02
1.507213954380000018e+02
1.973503614090000156e+02
1.969395572770000058e+02
1.978969930410000018e+02
1.984794766810000226e+02
1.975665658480000104e+02
1.974610424950000152e+02
1.972716464519999988e+02
1.962366965000000221e+02
1.984995768230000124e+02
1.976200353410000048e+02
1.960344831490000104e+02
1.783700908470000002e+02
1.663331511860000091e+02
1.264882576680000028e+02
1.713551808750000021e+02
1.573856342619999964e+02
1.382618382720000056e+02
1.210573078560000084e+02
1.256712674960000129e+02
1.258404317430000106e+02
1.192654943000000145e+02
1.221015066030000042e+02
1.306135762410000041e+02
1.282918358660000138e+02
1.246456212470000082e+02
1.495159152260000042e+02
1.291720461330000091e+02
1.240470225280000136e+02
1.246394780590000124e+02
1.240908548330000087e+02
1.685208870990000207e+02
2.005510902320000071e+02
1.942526212480000254e+02
1.604763703980000003e+02
1.211154540320000024e+02
1.220831191620000027e+02
1.226234279540000074e+02
1.257910036290000022e+02
1.236215119380000118e+02
1.523152634320000232e+02
1.265521075140000136e+02
1.247458992720000026e+02
1.221166438960000136e+02
1.213092521970000064e+02
1.870323231780000128e+02
2.006533315260000165e+02
2.000642538100000252e+02
2.027630330030000039e+02
2.005915161430000069e+02
2.003853118780000102e+02
2.014583646110000075e+02
2.000025534520000008e+02
2.007029117380000116e+02
2.004283232780000219e+02
1.974197860970000136e+02
1.967881189840000218e+02
1.968276172070000030e+02
1.963836617810000007e+02
1.958443767140000205e+02
1.975017374720000021e+02
1.970229754520000256e+02
1.968957172920000005e+02
1.994527509910000163e+02
1.982197574160000215e+02
1.964274941940000190e+02
1.979297269019999987e+02
1.983196831230000043e+02
2.648350814419999892e+02
2.626873321090000104e+02
2.617647332459999916e+02
2.633864768280000135e+02
1.970785473550000120e+02
1.973626916720000111e+02
1.974595561370000212e+02
1.987107322170000145e+02
2.640523999700000104e+02
2.619854347490000350e+02
2.626236699290000161e+02
2.637750774770000248e+02
2.633433421000000294e+02
2.617171019380000416e+02
1.972274589200000037e+02
1.958505974390000119e+02
2.613178310179999926e+02
2.604119999220000068e+02
1.701095302940000238e+02
1.654333303590000241e+02
1.822064847120000195e+02
2.632617641980000371e+02
2.645830700950000391e+02
2.386392300620000242e+02
2.161115933870000276e+02
2.638145347399999991e+02
2.500928928090000056e+02
2.407425238730000103e+02
1.999798292170000025e+02
1.663560310270000002e+02
1.688849513340000215e+02
2.448622399880000273e+02
2.663630306390000442e+02
2.673977895720000220e+02
2.352938379570000222e+02
2.639377931810000177e+02
2.649916394600000444e+02
2.655520492410000202e+02
2.636623861420000026e+02
2.208502799470000184e+02
1.713432096610000031e+02
2.410629598750000184e+02
2.683760376989999941e+02
2.692953031119999991e+02
2.664766884400000322e+02
2.652883460780000178e+02
3.321806713729999956e+02
3.056277764950000346e+02
3.055206483660000458e+02
3.154234046580000381e+02
3.295864849960000242e+02
2.635110793499999886e+02
1.871529861970000184e+02
1.847238922690000038e+02
2.014815838810000059e+02
2.739413666620000072e+02
2.478060691850000126e+02
3.296380496160000462e+02
2.178977657080000085e+02
2.099288748690000261e+02
2.045826588410000113e+02
1.641979699610000125e+02
1.654132595690000187e+02
3.165356913170000439e+02
3.330463129930000150e+02
3.308856506530000274e+02
3.360178394330000060e+02
3.335379996469999924e+02
2.505937701730000242e+02
3.271290934730000117e+02
2.608492614890000141e+02
3.260374562169999990e+02
3.266568478580000487e+02
3.259786495200000331e+02
3.941077645189999998e+02
3.933481207670000117e+02
3.838358475580000118e+02
2.682566050210000412e+02
2.106856599450000260e+02
1.732583144140000115e+02
2.952522453650000216e+02
2.834738231950000227e+02
3.532828587780000476e+02
3.275161831710000229e+02
2.498220425690000184e+02
3.222533688880000113e+02
3.606656995339999980e+02
2.748036916930000189e+02
3.248182944130000465e+02
3.240949151680000000e+02
3.258741655730000275e+02
3.646373890440000309e+02
3.642500047660000178e+02
3.589442875710000180e+02
2.854733154490000402e+02
2.454946425080000267e+02
2.705785697700000014e+02
3.285394348750000404e+02
3.245171650760000261e+02
3.245483220940000137e+02
3.895937518800000134e+02
3.919179520250000337e+02
3.911155733570000166e+02
3.931652221530000020e+02
3.267038831290000189e+02
3.268989965200000256e+02
3.258015093730000444e+02
3.238363327370000206e+02
3.248738713750000215e+02
3.251790148250000243e+02
3.896305605440000477e+02
3.874744141930000296e+02
3.983450673880000181e+02
3.048817135670000198e+02
2.096714162780000095e+02
3.175862564029999930e+02
3.309144241770000008e+02
3.229270474610000292e+02
3.225596482650000212e+02
3.219847010320000322e+02
4.027929534990000207e+02
4.007437223360000189e+02
4.016300876770000059e+02
2.832671378200000163e+02
2.746049059260000149e+02
2.072218644870000048e+02
2.176322871190000114e+02
2.252211107350000248e+02
2.096108699520000016e+02
2.437280022210000254e+02
2.496723135500000126e+02
2.505045750360000056e+02
2.794156297769999924e+02
2.119739172390000022e+02
2.069039167720000023e+02
2.026735894610000059e+02
2.626603197869999917e+02
3.292942479230000004e+02
3.983107362030000331e+02
3.981620404640000288e+02
3.983196208520000141e+02
3.317588604080000323e+02
3.320010507740000207e+02
3.313156900800000244e+02
3.262303610680000361e+02
3.301028779040000245e+02
3.251528451020000148e+02
3.302027770250000458e+02
3.966732048490000011e+02
3.970071674810000104e+02
3.959030911440000295e+02
3.308116483820000440e+02
3.310713434320000488e+02
3.312560422840000456e+02
3.281589733040000283e+02
2.602659793640000316e+02
3.284602602140000158e+02
4.020727501740000207e+02
4.013194403340000349e+02
4.028494378370000391e+02
3.351206226920000404e+02
3.344857225620000349e+02
3.338258038100000249e+02
3.330611043830000426e+02
3.346984288610000249e+02
2.488996419430000060e+02
3.955690435910000247e+02
3.975536653740000474e+02
3.969634804970000346e+02
3.311874255920000110e+02
3.317448137570000313e+02
3.312357026360000418e+02
3.310264936350000085e+02
3.308639623750000283e+02
3.296719359340000324e+02
3.971930840660000399e+02
3.984928028290000270e+02
3.995349076700000523e+02
3.329295506939999996e+02
3.331979931230000034e+02
3.329903193940000392e+02
3.304744201459999999e+02
3.329891164500000400e+02
3.351045320650000008e+02
4.038898677939999970e+02
4.037233096890000184e+02
3.840749706170000195e+02
2.510504520680000269e+02
2.028559178410000072e+02
2.155700064290000171e+02
2.052622627390000218e+02
