5.365747652000000478e+00
5.641493012000000640e+00
5.471693284000000546e+00
5.290738001000000246e+00
5.192712325000000462e+00
5.217618901000000697e+00
5.195471702000000747e+00
5.508936782000000143e+00
5.314605118000000239e+00
5.117318367000000201e+00
5.270024486000000508e+00
5.011095880000000058e+00
5.063365389000000327e+00
5.522698493000000042e+00
5.148435426999999898e+00
5.191759317000000706e+00
4.980634741000000254e+00
4.297986442000000018e+00
5.000012426000000509e+00
5.043103707000000213e+00
5.205603235999999967e+00
5.142747825000000716e+00
5.196692215000000559e+00
5.242967597999999896e+00
5.379469119000000354e+00
5.008034042000000241e+00
4.925813895000000109e+00
5.299429371000000444e+00
5.078665642999999896e+00
5.120940408000000055e+00
5.285468659000000180e+00
5.283083521000000005e+00
5.147848832000000208e+00
5.158067728000000685e+00
5.234349289000000738e+00
4.902659358000000189e+00
4.876077052000000300e+00
5.407797211000000104e+00
5.157529051000000031e+00
5.354326004000000694e+00
5.333298855000000671e+00
5.241310261000000636e+00
4.871991100999999880e+00
4.864204439999999963e+00
5.247162417000000190e+00
5.224093034000000024e+00
5.230942493000000582e+00
5.367841542000000743e+00
5.367359340000000145e+00
5.066257060000000756e+00
4.979094101000000272e+00
5.382178445000000089e+00
5.088068043000000706e+00
5.172891504999999945e+00
5.061132168000000320e+00
5.381098814000000452e+00
5.209666248000000444e+00
5.216322131000000084e+00
5.325394854000000677e+00
5.138325926000000266e+00
5.030583166000000439e+00
4.954769448000000409e+00
5.313641142999999900e+00
4.919915390999999971e+00
4.992590695000000522e+00
5.421055153000000182e+00
5.249338395000000546e+00
5.220333491999999964e+00
5.216971060000000548e+00
5.336688705000000255e+00
5.006437637000000329e+00
4.951439841000000008e+00
5.283452748000000199e+00
5.032949057000000614e+00
5.157223645000000189e+00
5.228905712000000428e+00
5.477338847000000399e+00
5.087677447999999991e+00
5.005288005000000595e+00
5.385932751000000351e+00
5.135961117999999992e+00
5.160080472000000640e+00
5.178054561000000611e+00
5.251376697000000426e+00
4.999682020999999921e+00
4.959656807000000001e+00
5.497578260000000050e+00
5.231888901000000480e+00
5.384253317000000649e+00
5.271825907000000200e+00
5.258880027000000013e+00
4.878610351999999928e+00
4.872511756000000638e+00
5.304896460000000147e+00
5.083803751000000481e+00
5.168965747000000555e+00
5.143248754000000034e+00
5.278564585000000697e+00
5.152989535000000565e+00
5.117564305000000147e+00
5.434385987000000640e+00
5.181063258000000005e+00
5.198030794000000121e+00
5.185615292000000487e+00
5.390599617000000343e+00
4.932269634000000735e+00
4.901733019999999996e+00
5.279374216999999980e+00
5.126458237000000473e+00
5.148685092000000019e+00
5.223263822999999917e+00
5.428454299000000205e+00
5.046318703999999933e+00
5.057422913999999992e+00
5.403531985000000759e+00
5.088741372000000318e+00
5.181190600000000757e+00
5.144321875000000155e+00
5.221078960999999907e+00
4.879397914000000114e+00
4.887719364000000510e+00
5.253776481000000054e+00
5.274261430000000139e+00
5.192045676000000221e+00
5.231315028000000034e+00
5.434474671000000257e+00
5.133160028000000707e+00
5.063198973000000436e+00
5.287682889000000053e+00
5.054998009000000181e+00
4.972241055000000465e+00
5.009825402000000594e+00
5.252331702000000213e+00
5.124102050000000297e+00
5.184902583000000398e+00
5.215932110000000677e+00
5.212089065000000687e+00
5.158208687000000126e+00
5.145698151000000387e+00
5.441006043000000680e+00
5.250105814000000315e+00
5.177703071000000712e+00
5.212146249999999981e+00
5.029319147999999906e+00
4.883630316000000526e+00
4.995302779000000193e+00
5.414859292000000046e+00
5.188924604000000329e+00
5.291725693000000064e+00
5.332619989000000338e+00
5.393384994999999904e+00
5.019510359999999949e+00
4.967892381000000412e+00
4.411490131999999953e+00
5.236499609000000000e+00
5.029867729000000232e+00
4.942501338000000466e+00
5.266928819000000317e+00
5.061624250000000380e+00
5.145906839000000232e+00
5.144059815000000313e+00
5.334438710000000583e+00
4.983601227000000300e+00
5.023759510000000539e+00
5.498437539000000207e+00
5.264162542000000222e+00
5.343968235000000178e+00
5.323740581000000027e+00
5.385052310999999925e+00
5.404068007000000229e+00
4.869964222000000120e+00
5.237454911000000379e+00
5.072222307000000541e+00
5.208537356999999979e+00
5.231195210000000095e+00
5.397317289000000073e+00
5.043969560999999935e+00
5.153906938000000437e+00
5.273926710000000462e+00
5.186809168999999997e+00
5.204686605000000021e+00
5.302433488000000139e+00
5.330754267000000546e+00
3.153223870000000151e+00
3.299180749000000024e+00
3.466687276000000040e+00
3.207831277000000370e+00
3.127290683000000016e+00
3.364065037000000036e+00
3.266588456000000029e+00
3.257290242000000280e+00
3.468163065000000156e+00
3.202491187000000128e+00
3.206224212000000406e+00
3.481766271000000135e+00
4.632177481000000263e+00
5.352894241000000441e+00
5.176424504000000759e+00
5.263810641000000068e+00
5.042748718000000352e+00
4.795280707999999947e+00
5.071707167000000460e+00
5.341056094999999893e+00
5.216475148000000672e+00
5.242493910000000312e+00
4.633311087000000050e+00
4.648990948999999873e+00
4.679018244999999965e+00
4.725641125000000109e+00
4.768287320000000662e+00
5.036125677000000245e+00
4.780398343999999966e+00
4.737912553000000138e+00
4.837946560999999868e+00
4.927952473000000388e+00
4.918967607999999991e+00
4.972163788000000473e+00
4.932005758000000739e+00
4.838122852000000584e+00
4.850795087000000727e+00
4.764659441000000051e+00
4.761952828000000082e+00
4.778498334000000014e+00
4.812038219000000616e+00
4.701308526000000043e+00
4.764222914000000308e+00
4.696762249000000722e+00
4.712977841000000723e+00
4.648651753000000220e+00
4.654841505000000268e+00
4.735562536000000655e+00
4.668352681000000004e+00
4.634897011000000511e+00
4.677587453000000117e+00
4.720597555000000334e+00
4.742209139000000739e+00
4.855544227000000213e+00
4.806945848999999882e+00
4.829109096999999906e+00
4.895465887000000293e+00
4.923686283000000330e+00
4.924189323000000229e+00
4.903281406000000509e+00
4.959564377000000412e+00
4.813764048000000351e+00
4.782921474000000117e+00
4.753931376000000597e+00
4.695953638000000652e+00
4.628035450000000495e+00
4.728558186999999968e+00
4.718939953000000465e+00
4.729813774000000137e+00
4.777601602000000725e+00
4.797778798000000400e+00
4.850409456000000397e+00
4.918837142000000107e+00
4.802815626000000115e+00
4.916241905000000578e+00
4.749017520999999853e+00
4.857300448000000159e+00
4.779146662000000489e+00
4.741552807000000591e+00
5.262369933000000444e+00
5.042395993000000409e+00
4.923703141999999922e+00
5.365510894999999891e+00
4.986386862999999892e+00
5.069982919000000088e+00
5.455947350000000640e+00
5.110638183000000723e+00
5.042300846999999919e+00
5.442527573000000451e+00
5.043768567000000758e+00
4.927298841000000706e+00
5.295405488000000105e+00
5.109386932000000492e+00
5.005848035000000529e+00
5.419939692000000697e+00
5.048744402000000520e+00
5.132769492000000433e+00
5.184987771000000301e+00
5.298983319000000414e+00
5.260994069000000550e+00
5.046056478000000567e+00
5.485876656000000295e+00
5.131438555999999984e+00
5.092788527000000620e+00
5.518265582000000613e+00
5.092292394000000222e+00
5.067264554000000309e+00
5.428281028000000674e+00
5.316031545000000413e+00
5.708035584000000107e+00
5.518585845000000489e+00
5.530562130000000742e+00
3.807930594000000113e+00
5.278210038000000104e+00
5.282725897000000614e+00
5.043827430000000334e+00
3.531721695000000327e+00
5.032325151000000218e+00
3.341696887000000338e+00
3.249074379000000068e+00
3.696322424000000328e+00
3.258806686000000230e+00
4.337062959999999912e+00
5.644544452999999962e+00
5.555622615999999958e+00
5.379834806000000746e+00
5.358009932000000752e+00
5.874439222000000349e+00
5.566699808000000083e+00
5.519625165999999972e+00
5.735721370000000263e+00
5.372019751999999926e+00
5.491107438000000229e+00
5.490115334000000402e+00
5.434500811000000375e+00
5.073258491000000703e+00
5.121109026000000064e+00
5.502946603999999908e+00
5.213370993999999925e+00
5.220951761000000246e+00
5.411798451000000121e+00
5.174925562000000312e+00
5.084124822000000599e+00
4.960299844000000569e+00
5.336027776999999972e+00
5.100216420000000639e+00
5.272578398000000277e+00
5.210615956000000715e+00
5.276209211000000288e+00
4.946501157000000148e+00
4.957601690000000616e+00
5.418347516999999947e+00
5.275074104000000652e+00
5.428296998000000428e+00
5.327712202000000730e+00
5.524522859000000174e+00
5.228188021000000241e+00
5.142902381000000744e+00
5.602500452000000131e+00
5.583903553000000741e+00
5.484528251000000409e+00
5.535533921999999940e+00
5.695906064999999963e+00
5.286517649000000318e+00
5.324632440000000244e+00
5.821569999000000273e+00
5.498316742000000090e+00
5.642962970000000134e+00
5.647394296000000757e+00
5.640652830000000506e+00
5.501957152000000129e+00
5.516164030000000551e+00
5.822888872000000049e+00
5.467848796000000178e+00
5.471436981000000088e+00
5.727956286000000397e+00
5.556942611000000198e+00
5.545386485999999948e+00
5.535694924000000405e+00
5.537470481000000611e+00
5.146987085000000128e+00
5.128130743000000713e+00
5.501877866000000061e+00
5.181002438000000154e+00
5.372217059000000461e+00
5.301838604000000288e+00
5.321745005000000361e+00
4.848279676000000649e+00
4.908658738000000632e+00
5.325506147000000468e+00
5.187620798000000200e+00
5.370013795000000201e+00
5.379106125000000738e+00
5.482332229000000723e+00
5.132643114000000395e+00
5.112866549000000482e+00
5.537510183000000197e+00
5.485807992000000688e+00
5.507654954000000380e+00
5.352653440000000096e+00
5.805252317999999967e+00
5.610257918000000288e+00
5.547551595000000724e+00
5.837733913000000108e+00
5.666650603999999980e+00
5.667404735000000748e+00
5.553838223000000518e+00
5.821721308000000761e+00
5.607014250000000644e+00
5.290021169000000079e+00
5.677097424000000281e+00
5.352424258000000101e+00
5.677097090000000179e+00
5.599771804000000408e+00
5.576555351000000549e+00
5.088844136000000518e+00
5.170392686000000460e+00
5.432184773000000355e+00
5.219231383000000335e+00
5.165850995000000445e+00
5.190619541000000225e+00
5.251274285000000042e+00
5.164701052000000736e+00
4.999171839000000617e+00
5.197916442000000359e+00
5.117532514000000532e+00
5.103193198000000486e+00
5.084696502999999979e+00
5.506671531000000286e+00
3.124793689000000096e+00
3.233088805000000399e+00
3.305812449000000264e+00
3.107717136000000213e+00
3.328230259000000135e+00
3.192816723000000412e+00
3.225248458000000262e+00
3.343148799000000171e+00
3.177476535000000268e+00
3.825367450000000336e+00
3.476708358000000221e+00
3.225137281000000300e+00
3.294537464000000249e+00
3.474537629000000294e+00
3.235222475000000042e+00
3.324386011000000085e+00
3.486595898000000027e+00
3.159939318000000164e+00
3.484402600000000128e+00
3.425139629000000241e+00
3.119200002000000360e+00
3.340043083000000301e+00
3.463428429000000364e+00
3.148479581000000138e+00
3.485794088000000013e+00
3.255796604000000372e+00
3.224819458000000250e+00
3.563404146000000328e+00
3.180257583000000388e+00
3.265165741000000121e+00
3.328605614000000212e+00
3.172184129000000130e+00
3.378986581000000378e+00
3.389002204000000074e+00
3.117336909000000045e+00
3.309682759000000196e+00
3.258064389000000283e+00
3.126359139000000287e+00
3.491446908000000349e+00
3.256188497000000126e+00
3.146214455000000410e+00
3.496003023000000098e+00
3.284530469000000341e+00
3.132683066000000238e+00
3.478556243000000325e+00
3.145500981000000085e+00
3.256585298000000073e+00
3.445559333000000279e+00
3.118913851000000292e+00
3.314841569000000376e+00
4.170808821000000499e+00
3.160203308000000266e+00
3.142230817000000176e+00
5.116605305000000214e+00
5.413019527000000330e+00
5.097761548000000253e+00
5.130727878000000075e+00
5.454182582000000501e+00
5.204108088999999993e+00
5.273655676000000625e+00
5.401542795000000119e+00
5.351389088000000349e+00
5.286477720000000602e+00
5.157626780000000188e+00
5.395108526000000460e+00
5.055316047999999896e+00
4.971035413000000069e+00
5.367250201000000054e+00
4.928605859000000144e+00
4.894302173999999894e+00
5.252920073000000301e+00
5.064457709000000030e+00
5.133392835000000431e+00
5.228039264000000408e+00
5.393653077000000629e+00
5.017686732000000482e+00
4.935385648000000458e+00
5.047293209000000225e+00
5.053998896000000407e+00
5.181975512000000172e+00
5.141979555000000701e+00
4.977635575999999951e+00
4.975960456000000143e+00
5.333637073000000228e+00
4.983653467999999975e+00
5.030830789000000358e+00
5.154425859999999915e+00
5.017560062000000265e+00
4.875493206999999884e+00
5.090910797000000265e+00
5.242452927000000429e+00
5.008968174000000495e+00
5.090498325000000435e+00
5.178466505000000275e+00
5.012350692000000052e+00
5.009954963000000205e+00
4.955564030000000564e+00
5.270622048999999976e+00
5.038236288000000229e+00
5.169906855999999884e+00
5.201109956000000700e+00
5.334422952000000606e+00
4.914501712999999938e+00
4.865680465000000510e+00
5.111618954999999964e+00
5.145874225000000024e+00
5.321625641000000684e+00
5.365441217000000762e+00
5.365455826999999900e+00
5.390763280000000712e+00
5.464878638000000066e+00
5.223322573999999996e+00
5.414138649000000747e+00
5.376286898000000036e+00
5.324726891000000073e+00
5.287223712000000297e+00
5.222015869999999893e+00
4.954227036999999889e+00
5.128928628000000600e+00
5.162590181000000555e+00
5.309664130999999898e+00
5.353888646000000584e+00
5.296534956000000349e+00
5.170056777000000103e+00
5.421306124000000004e+00
5.481302638999999921e+00
5.461212880000000602e+00
5.356505881000000358e+00
5.341799622999999997e+00
5.062011877000000659e+00
5.267478870000000590e+00
5.230530445000000306e+00
5.283221260000000363e+00
5.141163029000000328e+00
5.133262139000000168e+00
5.162296741000000466e+00
5.174279746000000735e+00
5.203088992000000523e+00
5.239816893000000420e+00
5.285150434000000175e+00
5.354963860000000686e+00
5.371693872999999897e+00
5.217212436000000508e+00
5.468693554000000567e+00
5.469588191000000599e+00
5.495431881000000018e+00
5.454071507000000096e+00
5.365266860000000193e+00
5.188036926000000548e+00
5.359896975999999924e+00
5.223964969000000735e+00
5.260234971000000037e+00
5.340910272000000347e+00
4.932038691999999891e+00
4.975896695000000314e+00
5.140638130000000139e+00
5.254117382000000447e+00
5.281157402000000722e+00
5.383881655000000599e+00
5.267574742999999948e+00
5.004286580000000484e+00
5.289340561000000385e+00
5.197906199000000171e+00
5.195848473999999939e+00
5.104170156000000347e+00
5.101341667999999885e+00
4.946638410000000263e+00
5.141526904000000009e+00
5.185069326999999895e+00
5.260223072000000499e+00
5.315237194999999915e+00
5.173793878000000568e+00
5.329129134000000434e+00
5.424989007000000640e+00
5.439456284000000252e+00
5.400624958000000753e+00
5.394782530000000520e+00
5.079945428000000263e+00
5.198389510000000158e+00
5.129062220000000671e+00
5.126544181000000755e+00
5.145792351000000764e+00
5.065477484000000530e+00
4.991357086999999915e+00
5.077348455000000094e+00
5.170902792000000581e+00
5.191537733000000543e+00
5.234860025000000583e+00
5.192309129000000745e+00
5.158420983000000071e+00
5.248548675000000330e+00
5.478365200999999907e+00
5.210315481000000304e+00
5.197685009000000633e+00
5.329536408000000058e+00
5.198920650000000698e+00
5.050190419000000652e+00
4.979340288000000392e+00
5.345772844000000745e+00
5.101684305000000030e+00
5.172591020000000483e+00
5.332600726999999985e+00
5.399715289000000418e+00
5.029426728000000679e+00
3.498785360000000288e+00
5.131450115000000700e+00
3.556193289000000313e+00
3.302924706000000210e+00
3.192737557000000059e+00
3.167521865000000325e+00
3.453131656000000049e+00
3.195779438000000194e+00
3.205869834000000029e+00
3.420813643000000237e+00
3.099826379000000021e+00
3.343074909000000261e+00
3.411329806000000353e+00
3.080717643000000283e+00
3.420072495000000323e+00
3.271996389000000338e+00
3.160429714000000168e+00
3.493008629000000198e+00
4.461353897000000401e+00
4.894228699000000127e+00
4.923356689000000230e+00
5.358094989000000474e+00
4.881843791000000543e+00
5.205194052000000404e+00
5.083758690999999885e+00
5.217887120000000323e+00
3.082480909000000047e+00
3.448618355000000246e+00
3.219108542000000295e+00
4.655370567000000293e+00
5.177777267000000627e+00
5.018950067000000459e+00
5.401477453000000040e+00
5.090908255000000437e+00
5.099624986000000249e+00
5.117223480000000713e+00
5.237419242000000530e+00
5.134678744000000350e+00
4.870351649000000727e+00
3.508011391000000145e+00
5.159427003000000234e+00
5.089076569000000383e+00
5.231003265000000013e+00
5.287620787999999905e+00
5.379724406000000236e+00
5.277745991000000636e+00
5.589040476000000091e+00
5.203313597000000179e+00
5.203313282000000761e+00
5.618170056000000301e+00
5.138946344000000721e+00
5.144118414000000250e+00
5.496140435000000046e+00
5.184688873000000697e+00
5.241913167999999956e+00
5.398537655000000157e+00
5.389216479999999976e+00
5.255070643000000707e+00
5.075173048999999992e+00
5.425004198000000777e+00
4.952363679000000296e+00
4.957015526000000172e+00
5.488252141000000250e+00
4.871727753000000050e+00
4.927330540000000703e+00
5.227627215000000049e+00
4.956264224999999968e+00
5.056155103000000040e+00
5.322761301999999972e+00
5.103030053000000343e+00
5.152557075000000708e+00
5.342522678999999997e+00
4.588143448000000291e+00
5.205457224999999966e+00
5.089201940000000590e+00
5.627747510000000730e+00
5.072254354000000021e+00
4.938625225000000007e+00
5.439192413000000670e+00
5.018640106000000323e+00
4.992133950000000375e+00
5.628480603000000748e+00
5.096071444000000561e+00
5.063614435999999941e+00
5.402433178000000780e+00
5.151327880000000192e+00
5.184905195999999883e+00
5.616302819000000390e+00
5.304328225999999979e+00
5.338765775000000602e+00
5.546138476000000317e+00
5.551194607000000225e+00
5.540955467999999939e+00
5.476381454000000204e+00
5.835626903000000532e+00
5.541946637000000564e+00
5.502558665000000460e+00
5.863164081000000749e+00
5.487096782000000061e+00
5.448789253000000166e+00
5.841469112000000408e+00
5.437698789000000588e+00
4.311727610000000155e+00
4.584431847000000282e+00
4.504215659999999843e+00
4.440949047000000149e+00
4.581382085000000437e+00
4.599454510000000163e+00
4.660624754000000536e+00
4.709692394000000171e+00
4.793600000000000527e+00
4.718367520000000148e+00
4.669587888000000575e+00
4.692434466999999998e+00
4.478505901000000122e+00
4.471322118999999873e+00
4.442829752000000632e+00
4.537363638000000421e+00
4.615585285999999954e+00
4.685069019000000168e+00
4.763728030000000224e+00
4.762932903000000273e+00
4.688027499000000375e+00
4.626043609999999973e+00
4.533857589000000132e+00
4.470526068999999936e+00
4.421687923000000353e+00
4.479686414000000561e+00
4.504327872000000177e+00
4.632465365000000723e+00
4.722936683000000357e+00
4.773107737000000128e+00
4.741938506000000331e+00
4.675352528000000341e+00
4.575811498000000199e+00
4.482136782000000430e+00
4.592266410000000576e+00
4.453931925000000014e+00
4.545431726000000339e+00
4.654868658999999909e+00
4.740520980000000328e+00
4.804721465000000080e+00
4.757861929000000600e+00
4.605217455000000015e+00
4.528063353000000291e+00
4.440458685000000294e+00
4.409651042000000132e+00
4.514540154000000527e+00
4.694212718000000173e+00
4.735098747000000330e+00
4.743571483000000200e+00
4.732444083999999940e+00
4.612568736000000058e+00
4.530712879000000193e+00
4.579137929999999912e+00
4.471116595999999888e+00
4.475665939000000648e+00
4.259065397000000530e+00
3.746007778000000066e+00
4.056828958000000540e+00
3.131713081000000010e+00
3.248439432000000071e+00
3.310143868000000378e+00
3.145217387000000198e+00
3.310689219000000350e+00
3.086196865000000233e+00
3.296564615000000309e+00
3.421980106000000355e+00
3.191936517000000251e+00
3.323406327000000271e+00
3.374322878000000081e+00
3.092773811000000261e+00
3.438328889000000110e+00
3.326483773000000088e+00
4.403705121000000666e+00
5.004456997000000129e+00
5.404433853000000454e+00
5.037143732000000540e+00
5.173197562000000360e+00
5.233394139000000500e+00
5.201487554999999929e+00
4.932767845999999956e+00
4.968695980000000567e+00
5.395983885000000591e+00
5.211421482000000438e+00
5.272803657000000754e+00
5.267869963000000766e+00
5.641507244000000476e+00
5.207506030000000230e+00
5.122352250000000495e+00
5.716509164000000531e+00
5.406604433000000043e+00
5.669544805000000132e+00
5.581363848000000516e+00
5.421607659000000190e+00
5.363312321000000438e+00
5.430838512000000229e+00
5.792315280000000399e+00
5.236053846999999983e+00
5.183337136000000456e+00
3.406533379000000306e+00
4.076504800000000373e+00
3.361772090000000102e+00
3.388617426000000155e+00
3.296647207000000357e+00
3.463493646000000314e+00
3.215603234000000032e+00
5.306305075000000038e+00
5.162329300000000565e+00
5.170768166000000221e+00
5.247076948000000129e+00
5.355665394000000745e+00
5.308381084000000527e+00
5.066970605999999933e+00
5.087221460000000306e+00
5.193131729000000085e+00
5.086210875999999992e+00
5.079075607000000048e+00
5.045418815000000556e+00
5.285324555000000757e+00
5.175080228000000560e+00
5.181060965000000351e+00
5.207667352000000527e+00
5.354068708000000676e+00
4.997552709000000704e+00
4.952415258000000264e+00
5.210684529999999981e+00
5.113675192000000536e+00
5.453277971000000335e+00
5.186870705000000470e+00
5.375097154000000543e+00
5.217640886000000755e+00
5.108191510000000157e+00
5.345326674999999916e+00
5.199096208000000274e+00
4.949405993000000059e+00
5.001390492000000521e+00
5.526635568000000553e+00
5.120596793000000702e+00
5.273547489000000255e+00
5.249785359000000540e+00
5.280090968000000551e+00
4.998319588000000202e+00
5.105160498000000047e+00
5.254157291000000285e+00
5.143456174000000658e+00
5.070952426000000735e+00
5.045805286000000223e+00
5.547098337000000434e+00
5.186815687000000175e+00
5.259376921000000316e+00
5.265267730000000590e+00
5.275120500999999962e+00
5.106097146000000642e+00
5.070060569999999878e+00
5.285850882000000084e+00
5.252891522000000535e+00
4.962428225000000026e+00
4.934738348000000663e+00
5.329701097000000054e+00
5.154524362000000082e+00
5.260138439000000332e+00
5.452848234000000183e+00
5.339529779000000254e+00
4.555179775000000042e+00
3.259766380000000296e+00
3.339627559000000190e+00
3.316137260000000087e+00
3.303636300000000414e+00
3.320770667000000120e+00
5.522078808000000727e+00
5.207274996000000655e+00
5.287827024000000264e+00
5.234171793000000683e+00
5.242396207000000530e+00
4.959668901000000574e+00
5.073593782000000552e+00
5.322529614000000464e+00
5.092456276000000059e+00
5.160825745000000353e+00
5.065327891999999999e+00
5.422164521000000015e+00
5.125448095000000315e+00
5.104620725000000192e+00
5.261314023000000617e+00
5.200829015000000055e+00
4.993796355000000631e+00
5.077654947000000085e+00
5.398638499000000479e+00
5.310995496000000315e+00
5.240927855000000690e+00
5.225457018000000176e+00
5.246941817000000619e+00
5.018658108000000340e+00
4.914158980999999926e+00
5.534569132000000558e+00
5.097673829000000545e+00
5.302151363000000117e+00
5.170864066000000037e+00
5.362738914000000356e+00
5.133893261999999957e+00
5.215822711000000389e+00
5.335807132000000230e+00
5.140643455000000195e+00
5.112030985000000527e+00
5.070414741000000447e+00
5.367235119000000054e+00
5.056224666000000312e+00
5.230149551000000230e+00
5.345101679999999966e+00
5.185955447000000440e+00
5.032203471999999955e+00
5.196648945000000630e+00
5.428342355000000730e+00
5.217284621000000122e+00
5.116812735999999973e+00
5.359240164000000028e+00
5.215465771000000750e+00
5.073113441000000279e+00
5.073741344000000097e+00
5.502161141000000200e+00
5.211829282000000063e+00
5.200628079000000348e+00
5.195984001000000241e+00
5.244361603000000649e+00
4.940386755000000463e+00
3.229906824000000398e+00
3.310430210000000262e+00
3.242613991000000251e+00
3.432954886000000094e+00
3.229994632000000365e+00
3.396996208000000017e+00
3.314688108000000355e+00
3.303837783000000083e+00
3.360829489000000336e+00
3.441109025000000265e+00
3.401469425000000157e+00
3.326591497000000341e+00
3.346551449000000122e+00
3.346576308000000388e+00
3.347400104000000098e+00
3.338469537000000376e+00
3.359404850000000220e+00
3.198618941000000326e+00
3.696532465000000212e+00
3.209822306000000403e+00
3.397374282000000356e+00
3.286801835000000338e+00
3.503661774000000229e+00
3.334838658000000233e+00
3.316109930000000094e+00
3.228238264000000246e+00
3.200457067000000322e+00
3.197941096000000094e+00
3.204205963000000157e+00
3.260960917000000236e+00
3.366554713000000199e+00
3.413929766000000310e+00
3.338923212000000085e+00
3.332163050000000126e+00
3.269783159000000161e+00
3.328762139000000175e+00
3.349076577000000388e+00
3.346754295000000212e+00
3.291127989000000031e+00
3.368613981000000202e+00
3.465325877000000165e+00
3.367707732000000398e+00
3.214692053000000271e+00
3.234587100000000159e+00
3.587158626000000350e+00
3.391800224000000252e+00
3.584729508000000120e+00
3.802624718000000126e+00
3.459906391000000081e+00
3.431167256000000165e+00
3.353658773000000259e+00
3.375367401000000100e+00
3.333103708000000331e+00
3.354507819000000168e+00
3.388660116000000055e+00
3.434406961000000091e+00
3.417659784000000034e+00
3.370607070000000149e+00
3.478067218000000071e+00
3.375457546000000253e+00
3.375194097000000060e+00
3.348199069000000083e+00
3.370103414999999991e+00
3.367807593000000210e+00
3.369832924000000229e+00
3.425734456000000261e+00
3.375902069000000338e+00
3.429849627000000289e+00
3.378425775000000186e+00
3.373371419000000149e+00
3.398545368000000177e+00
3.403948507000000401e+00
3.388585006000000011e+00
3.344434838000000187e+00
3.260170148000000268e+00
3.251076413000000276e+00
3.645102038000000100e+00
4.791749269000000311e+00
7.150275841000000021e+00
5.410695854000000082e+00
5.237249904000000456e+00
5.356757502000000670e+00
5.781298169000000264e+00
4.816642063000000640e+00
3.377358094000000310e+00
3.197846135000000256e+00
3.191119733000000291e+00
3.197210594000000405e+00
3.197653752999999988e+00
3.238759357000000172e+00
3.239197969000000121e+00
3.246391926000000261e+00
3.253978503999999994e+00
3.335056663000000032e+00
3.354914784000000427e+00
3.220451312000000232e+00
3.193866684000000067e+00
3.347203754000000142e+00
3.332221145000000107e+00
3.386797437000000244e+00
3.188289300000000104e+00
3.197429217000000268e+00
3.317765811000000120e+00
4.378661086000000147e+00
5.131022438000000463e+00
5.257535515999999909e+00
5.284858990000000034e+00
5.300140729000000661e+00
5.136791847000000466e+00
5.132908067999999879e+00
5.281616558000000516e+00
5.174948189000000198e+00
5.046220976999999941e+00
4.950463899999999917e+00
5.347760795000000122e+00
5.250665381000000131e+00
5.272058251999999889e+00
5.396170071000000235e+00
5.317105107000000608e+00
5.134934874999999899e+00
5.134570936000000252e+00
5.431902930000000573e+00
5.157559047000000341e+00
5.016948679000000411e+00
4.956295955000000752e+00
5.378706754000000423e+00
5.223733949000000543e+00
5.288756434000000617e+00
5.376063940999999957e+00
5.306688771000000138e+00
5.117583645000000736e+00
5.211052503000000335e+00
5.269472395000000198e+00
5.324556227000000419e+00
4.985935851000000696e+00
4.927047352000000657e+00
5.353880912000000158e+00
5.222354263000000607e+00
5.428354152000000710e+00
5.174817566000000646e+00
5.447054973000000189e+00
5.081671001000000132e+00
5.358436259000000312e+00
5.526221995000000220e+00
5.263855662000000102e+00
5.003339686000000341e+00
5.110476757000000703e+00
5.386031766000000331e+00
5.166882278000000106e+00
5.195504833000000211e+00
5.238547206000000678e+00
5.226459570000000276e+00
5.034873823000000748e+00
5.016645013000000652e+00
5.226061576000000208e+00
5.119644200000000644e+00
5.152962931000000246e+00
5.065357493000000488e+00
5.330166186000000472e+00
5.157395145000000625e+00
5.182096732000000650e+00
5.224228231000000555e+00
5.225462738000000051e+00
5.002368208000000038e+00
4.902559272000000412e+00
5.483843949000000606e+00
5.150834092000000197e+00
5.193471920000000353e+00
5.222251147000000593e+00
5.380844688999999903e+00
5.030685219000000430e+00
4.999144757999999911e+00
5.289719944000000673e+00
5.142372417999999890e+00
5.146038812000000462e+00
5.067364814000000273e+00
5.311717515000000667e+00
5.086892806999999905e+00
5.218194709000000486e+00
5.395759921000000681e+00
5.188062755000000692e+00
4.843271346999999949e+00
4.902422717000000318e+00
5.295538136000000229e+00
5.262374241000000730e+00
5.190053086999999898e+00
5.208516620000000152e+00
5.366147752999999909e+00
4.909811935000000460e+00
4.959299805000000561e+00
5.228989772000000258e+00
5.115346766000000045e+00
5.145657887000000486e+00
5.037142074000000136e+00
5.418770948000000587e+00
5.198506399000000222e+00
4.961405738000000731e+00
3.730831852000000115e+00
3.180398044000000368e+00
3.184761334000000055e+00
3.210970980000000363e+00
3.267079622000000239e+00
3.281428320000000287e+00
3.210185221000000144e+00
3.229132295000000319e+00
3.198911727000000038e+00
3.329482637999999994e+00
3.348490891000000413e+00
3.199674832000000357e+00
3.224183888000000220e+00
3.297530469000000242e+00
3.194969414000000008e+00
3.289802671000000345e+00
3.334082479000000099e+00
3.326583942000000071e+00
3.320009639000000234e+00
3.236124462000000257e+00
3.178967749000000342e+00
3.213716889000000076e+00
3.222745485999999993e+00
3.225424768000000331e+00
3.196551524000000200e+00
3.227924289000000169e+00
3.207564762000000069e+00
3.234348334000000325e+00
3.215782672000000009e+00
3.184769600000000089e+00
3.290040879000000196e+00
3.333014875000000377e+00
3.295486098000000030e+00
3.190635976000000262e+00
3.209066105000000224e+00
3.345089312000000259e+00
3.245580528000000076e+00
3.572451409000000133e+00
5.452312684000000687e+00
3.197773142000000401e+00
3.371994791000000102e+00
4.603527442999999941e+00
5.026064666999999986e+00
4.986604372000000396e+00
5.377892482000000030e+00
5.161893356000000210e+00
3.229246564000000319e+00
4.898806871000000562e+00
5.153388488000000045e+00
5.361601832000000734e+00
5.208251280999999899e+00
5.145760359000000506e+00
5.021433262000000397e+00
5.459647556000000179e+00
4.707932905999999917e+00
5.285754747000000364e+00
5.722767478000000629e+00
5.192155248000000611e+00
5.279070997999999904e+00
5.431307241999999924e+00
5.235378780000000454e+00
4.869222345000000729e+00
5.341463126999999922e+00
4.987026760000000003e+00
5.310602634000000322e+00
5.327133693000000392e+00
5.296460341000000405e+00
4.835583268000000601e+00
3.321104819000000319e+00
3.251005716000000323e+00
3.232822744999999998e+00
3.235335304000000356e+00
3.365934899000000424e+00
3.240880361000000320e+00
3.222154781000000412e+00
3.366384356000000189e+00
3.356296469000000116e+00
3.360384972000000303e+00
4.729318561000000365e+00
4.746116398999999930e+00
3.425955577000000307e+00
3.250038791000000149e+00
3.220716630000000080e+00
3.329440859000000419e+00
3.339260765000000131e+00
3.318765684000000160e+00
3.454147440000000291e+00
3.227900849000000072e+00
3.218202618000000292e+00
3.246855295000000030e+00
3.233211903000000387e+00
3.266218062000000089e+00
3.206174181000000178e+00
4.289147956999999955e+00
3.211434032000000105e+00
3.456960113000000057e+00
3.210424331000000020e+00
3.266459393000000322e+00
3.306436055000000263e+00
3.489799591000000145e+00
5.615683048000000177e+00
5.281752835999999895e+00
5.052921472000000414e+00
5.463572761000000000e+00
5.480946725999999991e+00
5.512032121999999923e+00
5.571668595000000224e+00
5.498863916000000351e+00
5.046219810000000194e+00
5.388359406000000185e+00
5.647559173000000321e+00
5.438137633000000193e+00
5.524355155000000295e+00
5.569041879000000250e+00
5.628004408000000680e+00
5.205595767000000151e+00
5.322963002999999915e+00
5.791358039000000346e+00
5.305946905999999963e+00
5.406376980000000110e+00
5.615287488000000771e+00
5.470420909000000442e+00
5.481326672000000677e+00
5.481188759000000132e+00
5.643633412000000682e+00
5.270904632000000589e+00
5.241981891000000005e+00
5.488047438000000611e+00
5.370063052999999975e+00
5.455645404000000198e+00
5.447532929000000301e+00
5.635835225000000115e+00
5.293430707000000623e+00
5.289935820000000177e+00
5.606630116000000719e+00
5.408515680000000714e+00
5.410196896000000422e+00
5.443397148999999935e+00
5.666221236000000161e+00
5.327546107999999947e+00
5.309577588000000681e+00
5.476308369999999925e+00
5.374398985000000017e+00
5.397723549000000176e+00
5.391541013000000326e+00
5.902041746000000089e+00
5.363603438000000168e+00
5.264318027000000733e+00
5.497549253999999941e+00
5.412753235000000274e+00
5.582081525000000433e+00
5.426991501999999912e+00
5.536777333999999939e+00
5.334803854000000456e+00
5.109262700000000379e+00
5.799542483000000637e+00
5.463963932000000412e+00
5.358875714999999929e+00
5.378012200000000576e+00
5.758885440000000244e+00
5.581524319000000567e+00
5.343498669000000589e+00
5.604134639000000639e+00
5.416252590000000033e+00
5.321834003000000202e+00
5.547867727000000748e+00
5.659924068000000474e+00
5.367012067000000108e+00
5.288693117000000221e+00
5.628709910000000427e+00
5.620964209000000267e+00
5.571266744999999965e+00
5.440810059000000365e+00
5.690505719000000795e+00
5.194317971000000256e+00
5.407758589000000171e+00
5.583882495000000112e+00
5.384734420000000021e+00
5.442664773000000622e+00
5.371708533000000507e+00
5.795733755000000542e+00
5.405723749000000744e+00
5.309225553000000097e+00
5.542955204000000080e+00
5.425317462000000646e+00
5.469962232000000313e+00
5.266788638000000411e+00
5.709481231000000712e+00
5.375915492999999934e+00
5.295262721000000283e+00
5.518191427000000537e+00
5.416947023000000527e+00
5.291145210999999904e+00
5.259424094999999966e+00
5.752164685000000333e+00
5.382794674000000335e+00
5.427493709000000166e+00
5.603820142000000004e+00
5.467715142000000306e+00
5.177237744000000141e+00
5.060540545000000279e+00
5.612415856000000147e+00
5.370647947000000144e+00
5.359097063000000105e+00
5.335301945000000323e+00
5.252150431000000452e+00
5.059628663000000692e+00
5.167162106000000144e+00
5.652527554000000620e+00
5.422137618000000714e+00
5.403941088000000725e+00
5.726113809000000110e+00
5.476669900000000091e+00
5.342621242000000770e+00
5.390528282000000004e+00
5.561278072000000350e+00
5.328687079999999909e+00
5.088478160000000194e+00
5.632095010000000457e+00
5.347449014000000389e+00
5.429428084000000432e+00
5.583238804000000499e+00
5.400207456000000406e+00
5.280636606999999927e+00
5.348124821000000750e+00
5.582753009000000155e+00
5.195411104000000613e+00
5.113514957000000472e+00
5.527554550000000511e+00
5.406326615000000224e+00
5.363886203000000741e+00
5.423949559000000420e+00
5.575871154000000551e+00
5.344086526999999975e+00
5.292539550000000759e+00
5.698373972000000620e+00
5.479854787000000726e+00
5.642461427000000640e+00
5.572906908000000215e+00
5.518727114000000711e+00
5.181380575000000377e+00
5.315705354000000327e+00
5.645021659000000191e+00
5.414970351000000015e+00
5.396902358000000177e+00
5.715139348000000119e+00
5.470969131000000374e+00
5.314156516000000607e+00
5.114195200000000163e+00
5.656788109000000730e+00
5.536522858000000546e+00
5.520737943000000314e+00
5.483846622000000615e+00
5.581763179000000186e+00
5.286745316000000194e+00
5.193941984000000289e+00
5.461229858000000270e+00
5.437765379000000010e+00
5.284249166000000386e+00
5.326587559000000027e+00
5.854549186000000738e+00
5.407839035000000294e+00
5.388715262000000727e+00
5.588005676000000754e+00
5.573487754000000294e+00
5.257004596000000696e+00
5.255186368000000385e+00
5.621377491000000504e+00
5.370772934000000554e+00
5.469375406000000162e+00
5.454520231000000052e+00
5.609659950000000173e+00
5.313270950000000603e+00
5.326415231000000361e+00
5.528628372000000013e+00
5.547540435000000159e+00
5.233271234000000049e+00
5.195084054000000506e+00
5.598948179000000636e+00
5.294751454000000024e+00
5.593522670000000474e+00
5.337495570000000633e+00
5.383508791000000571e+00
5.375756363999999898e+00
5.455027573000000629e+00
5.645545167000000752e+00
5.397152810000000578e+00
5.208518803000000474e+00
5.134888764000000272e+00
5.768571225000000524e+00
5.579192802000000562e+00
5.569326776000000478e+00
5.521101559000000769e+00
5.470617451000000742e+00
5.196502890000000541e+00
5.346317085999999996e+00
5.654147234999999938e+00
5.411114943000000288e+00
5.463079387000000509e+00
5.664067224000000067e+00
5.747047938000000578e+00
5.134551164000000334e+00
5.118600637000000120e+00
5.211166046000000662e+00
5.457519246000000379e+00
5.246520419000000324e+00
5.187063361999999955e+00
5.682444047000000609e+00
5.406936389000000176e+00
5.674318095000000284e+00
5.536980986000000549e+00
5.604713926000000512e+00
5.163876216000000241e+00
4.635143915000000447e+00
5.222291327000000649e+00
5.413467935999999980e+00
5.322486635000000632e+00
5.429285222000000743e+00
5.428303550999999949e+00
5.471670473000000534e+00
5.194682026000000619e+00
5.494487803000000170e+00
5.452588752000000483e+00
5.389815578000000329e+00
3.199644188000000167e+00
3.373770385000000260e+00
3.375211798000000041e+00
3.292424797000000236e+00
3.291988420000000026e+00
4.375057101000000337e+00
5.426964274000000366e+00
3.607931724000000173e+00
5.018597447000000322e+00
4.958340653000000486e+00
5.679863907000000545e+00
5.186059837000000172e+00
5.333423224000000573e+00
5.196710241999999980e+00
5.595844067000000699e+00
5.470978225000000528e+00
5.518416730000000214e+00
5.588425014000000246e+00
5.466273205000000246e+00
5.037168563000000709e+00
5.155140437000000020e+00
5.540012366000000021e+00
5.417326372000000667e+00
5.401120435000000164e+00
5.497331807000000126e+00
5.667854042000000092e+00
5.126595856000000673e+00
5.248250867000000319e+00
4.692895443000000277e+00
3.388831279000000141e+00
3.311875478000000150e+00
3.326672909000000011e+00
3.428570469000000287e+00
3.295473059000000315e+00
3.290273470000000255e+00
3.279272498000000091e+00
3.350128678999999998e+00
3.288231959000000426e+00
3.302183045000000039e+00
3.291168483000000311e+00
3.337385494000000286e+00
3.232393609000000279e+00
3.359314765000000147e+00
3.361739263000000033e+00
3.417067624000000414e+00
3.243453236000000128e+00
3.179640404000000142e+00
3.194661967000000047e+00
3.213137906000000044e+00
3.191117642000000032e+00
3.201210601000000100e+00
3.188764268000000346e+00
3.333813666000000175e+00
3.293670722000000328e+00
3.368996454000000362e+00
3.296699754000000038e+00
3.340458054000000399e+00
3.365333115000000319e+00
3.250084612000000206e+00
3.316259284000000029e+00
5.460712149999999987e+00
5.378917175000000661e+00
5.281025506000000647e+00
5.759962595000000185e+00
5.297365021000000063e+00
5.419405515000000229e+00
3.308469016000000096e+00
3.312496276000000073e+00
3.186639779000000061e+00
3.215637447000000204e+00
3.162144199000000100e+00
3.357211070000000408e+00
3.172238281000000271e+00
5.155018798000000402e+00
5.087178057000000031e+00
5.249038052000000398e+00
5.237123927999999928e+00
5.117420016000000516e+00
4.970699007000000336e+00
5.546002743999999929e+00
5.100827671000000230e+00
5.269065370999999942e+00
5.025351367999999930e+00
5.370039822999999934e+00
5.178781440000000735e+00
5.175579391000000307e+00
5.217326850000000071e+00
5.219022089000000086e+00
4.896831645000000677e+00
4.870922226000000244e+00
5.300792508000000680e+00
5.111774222000000201e+00
5.199463717000000429e+00
5.197568988000000445e+00
5.253309050000000369e+00
5.086289949000000199e+00
4.975373562000000582e+00
5.390798155000000591e+00
5.105650746000000240e+00
5.111665308000000074e+00
5.268247603000000723e+00
5.496356002000000629e+00
5.090313910999999969e+00
5.130394160000000703e+00
5.268087096000000358e+00
5.310779126999999988e+00
4.993474127999999901e+00
4.962906198000000657e+00
5.430582048000000661e+00
5.159727247000000183e+00
5.300170779000000110e+00
5.270650294000000180e+00
5.280451639000000696e+00
4.973079687000000249e+00
4.966881181000000645e+00
5.405093439999999916e+00
5.206334835000000716e+00
5.084885550000000087e+00
5.107345695000000241e+00
5.405027170000000325e+00
5.015339817000000089e+00
3.302648093000000173e+00
5.336258059000000387e+00
5.210788371000000474e+00
4.962575290000000194e+00
5.185475285000000767e+00
5.503519207000000080e+00
4.969072811000000200e+00
5.207675050000000638e+00
4.957571654000000549e+00
5.371076772000000332e+00
4.990867622000000559e+00
5.263739372999999944e+00
5.258554897000000672e+00
4.843876465000000131e+00
4.887327954999999946e+00
5.286049019000000015e+00
5.181850515999999907e+00
5.216813669000000431e+00
5.171800363000000011e+00
5.317840014000000615e+00
4.968151208000000096e+00
5.114165407000000663e+00
5.341041033000000660e+00
5.213531024999999985e+00
5.050462172000000471e+00
5.128148774000000465e+00
5.472779365000000062e+00
5.140576709000000299e+00
5.103014782000000693e+00
5.230044472000000333e+00
5.225823641999999936e+00
4.890873803999999936e+00
4.910993063000000269e+00
5.306741112000000093e+00
5.265377988000000009e+00
5.211600709000000720e+00
5.114059816000000147e+00
5.348542440000000120e+00
5.032752706000000131e+00
5.042193200999999902e+00
5.239377400000000407e+00
5.149991052999999930e+00
5.108930594000000269e+00
4.938186963000000596e+00
5.270431368000000560e+00
5.166804283000000275e+00
5.229043383000000489e+00
5.145880084000000743e+00
5.163855027000000320e+00
4.877202866000000192e+00
4.913081140000000069e+00
5.367818054000000672e+00
5.115737288000000049e+00
5.308450690999999999e+00
5.174495043000000294e+00
5.258842612000000472e+00
4.974984988000000108e+00
4.873631675000000385e+00
5.528180266000000564e+00
5.124449334000000356e+00
5.189742094000000527e+00
5.143280230000000230e+00
5.432672575000000670e+00
4.993690144000000330e+00
5.229320444999999928e+00
5.297972258000000600e+00
5.223903843000000435e+00
4.932623705000000136e+00
4.967150932000000019e+00
5.308235945999999927e+00
5.093905547000000311e+00
5.128570682000000325e+00
5.057133187999999890e+00
5.469893655999999993e+00
5.108701532000000434e+00
5.099369209000000680e+00
5.259608518000000288e+00
5.127256269000000088e+00
4.954950315000000494e+00
4.950863942000000684e+00
5.357649477999999910e+00
5.106266739000000499e+00
5.229275869000000299e+00
5.189014342000000113e+00
5.358128033000000734e+00
4.851501394000000467e+00
4.938973944999999866e+00
5.266227046000000023e+00
5.094425887999999958e+00
5.171687490000000054e+00
5.124918555000000708e+00
5.276861199000000724e+00
5.120249418000000219e+00
5.080111433999999981e+00
5.311723855000000327e+00
5.175105389000000500e+00
4.900415374000000490e+00
4.945547035000000591e+00
5.341647336000000301e+00
5.104439042000000093e+00
5.239353088000000547e+00
5.265828958000000171e+00
5.268229198000000224e+00
5.004445742000000585e+00
5.024499646000000652e+00
5.296971501999999887e+00
5.229086064000000533e+00
5.069090030999999996e+00
5.056635957000000126e+00
5.375070891000000017e+00
5.095057744000000000e+00
5.333529062000000209e+00
5.274998784000000107e+00
5.343777865000000737e+00
4.962678604000000604e+00
4.940078197000000060e+00
5.294558785000000434e+00
5.301243906000000727e+00
5.195059003999999980e+00
5.083356539000000396e+00
5.308296359999999936e+00
5.013048699000000497e+00
5.052523630000000487e+00
5.393138665000000387e+00
5.164610243000000267e+00
4.763404025999999902e+00
4.789551305000000703e+00
4.774411893999999990e+00
4.779993516000000220e+00
4.923422004000000740e+00
4.794111627000000375e+00
4.774338340999999986e+00
4.785346386000000507e+00
4.774257790000000057e+00
4.774304573000000218e+00
4.877160363000000665e+00
5.749804316000000526e+00
4.939568795000000456e+00
4.981931724000000727e+00
5.383475573000000125e+00
5.036789869000000586e+00
5.189704738000000539e+00
5.459086634000000160e+00
5.326493704000000662e+00
5.016508981000000311e+00
4.939017599000000480e+00
5.408780560000000293e+00
4.983151710000000456e+00
5.499943393000000569e+00
5.065931038000000441e+00
5.453378010000000664e+00
4.860554571000000657e+00
4.939325972000000675e+00
5.331977103999999912e+00
5.115905070000000165e+00
5.159453464000000267e+00
5.163654189000000727e+00
5.411645852000000367e+00
4.952079035000000573e+00
5.068074354000000170e+00
5.485924768000000284e+00
5.115179219999999916e+00
5.083797827000000602e+00
4.891865756000000509e+00
5.400941475000000658e+00
4.968899732000000569e+00
5.249514556000000276e+00
5.147116794000000439e+00
5.455679410000000118e+00
4.894485507000000624e+00
4.976470949000000310e+00
5.217862024000000432e+00
5.336865040000000171e+00
4.944879164000000493e+00
5.074886510999999878e+00
5.236222076000000669e+00
5.035169448000000436e+00
5.146640185999999950e+00
4.880678722999999941e+00
5.419726901000000652e+00
4.971617039000000737e+00
5.065265628000000575e+00
5.309087706000000573e+00
5.270491829000000017e+00
5.019027775000000524e+00
4.959618185000000068e+00
5.256465202000000225e+00
5.003800340000000624e+00
5.188757883000000071e+00
4.994762509000000072e+00
5.490049686000000762e+00
5.018033394000000591e+00
5.040228973000000501e+00
5.213833258000000193e+00
5.298475360000000300e+00
4.982226988999999939e+00
4.959088689000000549e+00
5.439720054000000360e+00
5.055570946000000454e+00
5.189525989999999922e+00
5.059146546000000022e+00
5.432246615000000389e+00
4.913489347000000507e+00
5.122614422000000722e+00
5.326257591000000069e+00
5.218317815000000692e+00
4.971604888999999972e+00
4.934280610000000067e+00
5.280749632000000027e+00
5.080861115000000261e+00
4.972391245999999931e+00
4.954694169000000592e+00
5.338278854000000351e+00
4.954764010999999968e+00
5.216810627000000089e+00
5.200648661000000672e+00
5.471097894000000572e+00
4.919912657000000245e+00
5.018326047000000401e+00
5.333671035000000060e+00
5.245246371000000352e+00
4.963464987000000050e+00
4.962805008000000129e+00
5.272605045000000601e+00
5.266965647000000139e+00
5.025440971000000090e+00
4.960624739000000005e+00
5.367451071000000518e+00
4.944268383000000711e+00
5.191557046000000675e+00
4.969028092000000285e+00
5.311032319000000612e+00
5.119057972000000234e+00
5.194420009999999976e+00
4.989599043000000123e+00
5.333661130000000306e+00
4.926963237000000717e+00
5.144665619000000412e+00
5.243716125000000616e+00
5.304450752000000158e+00
4.900629614000000522e+00
4.977779035000000185e+00
5.410573354000000279e+00
5.020587789000000356e+00
5.127482280000000614e+00
4.931877981000000410e+00
5.512677728999999971e+00
4.907932278000000537e+00
5.032211038999999886e+00
5.342717493000000317e+00
5.404261521000000457e+00
4.991452463999999978e+00
4.959344155000000143e+00
5.503713788000000662e+00
4.983235067000000740e+00
5.374253909000000107e+00
5.015752567999999911e+00
5.383548219000000579e+00
4.907485793000000207e+00
5.093059400000000458e+00
5.243965151000000269e+00
5.384419561000000520e+00
4.872916906000000381e+00
5.064249903000000330e+00
5.361270892000000288e+00
5.236637728999999908e+00
4.977621227000000204e+00
4.996644192000000650e+00
5.303914231000000257e+00
5.126130628000000300e+00
5.143725067000000095e+00
4.901510603000000188e+00
5.456565687000000331e+00
4.926847320000000252e+00
5.200552183000000106e+00
5.151575795000000291e+00
5.385467556000000044e+00
4.867179173000000247e+00
5.063807646999999967e+00
5.438565439000000445e+00
5.202585750999999981e+00
4.943974182000000717e+00
5.019813115000000714e+00
5.405864355000000288e+00
5.040550374000000389e+00
5.225982394000000752e+00
5.060070431000000646e+00
5.517044293000000543e+00
4.889123946000000664e+00
4.983056026000000749e+00
5.417376642000000686e+00
5.139144136000000529e+00
5.139759760000000455e+00
5.039648307000000216e+00
5.389459855000000132e+00
4.966370213000000255e+00
5.138215748000000360e+00
4.915187248000000508e+00
5.398294912999999973e+00
5.188860696999999966e+00
5.365638189000000224e+00
5.018043218000000749e+00
5.357063086000000141e+00
4.997429515000000322e+00
5.184006090000000455e+00
5.524970495000000703e+00
5.066462944000000412e+00
5.144091039000000087e+00
5.175694560000000166e+00
5.491413413000000077e+00
4.933999345000000147e+00
5.201606404000000516e+00
5.366771669000000244e+00
5.293023363000000536e+00
5.139379906000000275e+00
4.949104121000000411e+00
5.429324516000000322e+00
5.180815240000000266e+00
5.194596334000000759e+00
5.283592475000000732e+00
5.436758578000000064e+00
4.859342321000000631e+00
4.950597383999999934e+00
5.571411681000000726e+00
5.208132535000000729e+00
4.897876680000000427e+00
4.993926849000000168e+00
5.365701372000000191e+00
5.146920362000000360e+00
5.396138977000000558e+00
5.022106330000000618e+00
5.615225167000000184e+00
4.924461571000000149e+00
5.082804068000000619e+00
5.437957879000000716e+00
5.348658321000000271e+00
4.926173316999999940e+00
4.951934462000000536e+00
5.313101810000000036e+00
5.299080318000000567e+00
5.149569733000000760e+00
5.088823058000000010e+00
5.369856605000000727e+00
4.977655163000000549e+00
5.106808509000000385e+00
5.250445152000000171e+00
5.448037470000000049e+00
4.948266610000000121e+00
5.112875117000000635e+00
5.325001186000000608e+00
5.087331523000000466e+00
5.144757388000000375e+00
4.996586811000000239e+00
5.387457758000000041e+00
4.898765507000000241e+00
5.166800288000000130e+00
5.227789167000000070e+00
5.454772086000000186e+00
5.042005585000000067e+00
5.019456196000000148e+00
5.297500303000000521e+00
5.133283315999999985e+00
5.139276612000000632e+00
4.921497828000000574e+00
5.475950571000000267e+00
4.917914354000000543e+00
5.103931545000000014e+00
5.139078034000000628e+00
5.473052060000000552e+00
4.913411099000000171e+00
4.957517107000000145e+00
5.358507914000000483e+00
5.093932073000000393e+00
4.930845842000000090e+00
4.929113779000000584e+00
5.295940979000000048e+00
5.034504947000000286e+00
5.228482330000000289e+00
5.063155835999999965e+00
5.369836313000000416e+00
5.020004660000000563e+00
4.888040815000000094e+00
5.252649739000000650e+00
5.308226357000000561e+00
5.229847524000000192e+00
5.028410223999999928e+00
5.331026194000000551e+00
5.040779485999999920e+00
5.187925682000000371e+00
4.999131522999999966e+00
5.449629297000000427e+00
4.887548122000000106e+00
5.077231277000000098e+00
5.272694946000000549e+00
5.185334126999999960e+00
5.115034048000000055e+00
4.950640203000000739e+00
5.308829047000000578e+00
4.939898117000000255e+00
5.060118856999999970e+00
5.158732642000000368e+00
5.462190678000000688e+00
4.888235703000000321e+00
4.929840522000000114e+00
5.304439646000000508e+00
4.966600133000000028e+00
5.126909691999999907e+00
5.099537564000000245e+00
5.361409143000000377e+00
4.831279320000000155e+00
5.112055599000000505e+00
5.227477632000000263e+00
5.325435427000000388e+00
5.071797458000000702e+00
4.960558670000000170e+00
5.323508724000000747e+00
4.942680872000000392e+00
5.195391931000000518e+00
5.012220322000000117e+00
5.460589728000000420e+00
4.878051243999999897e+00
4.915959418999999997e+00
5.437365130000000768e+00
5.067691857000000688e+00
4.992297124000000252e+00
4.978869176999999979e+00
5.330228974000000619e+00
4.936228729000000648e+00
5.140130748999999888e+00
4.956607532000000482e+00
5.572358825000000238e+00
4.950551201000000567e+00
5.117391175000000736e+00
5.237834896000000739e+00
5.399672489000000297e+00
4.934214360000000354e+00
5.123947012000000356e+00
5.337590027000000070e+00
5.190933442000000397e+00
4.961069103000000702e+00
4.972892218000000142e+00
5.282383128000000205e+00
5.214408192000000497e+00
5.228673222000000287e+00
4.891159041999999957e+00
5.377332682000000474e+00
5.030689237000000702e+00
5.097640015000000524e+00
5.334726652000000513e+00
5.482297825000000735e+00
4.931239441000000667e+00
5.118799200000000660e+00
5.204602015000000748e+00
5.399397034000000595e+00
5.007766410000000334e+00
5.003043035000000138e+00
5.290755563000000272e+00
4.971535024000000469e+00
5.204125960999999911e+00
4.910223004000000557e+00
5.449734070999999958e+00
4.958536191000000315e+00
5.150965118000000231e+00
5.248785920000000438e+00
5.357603787000000395e+00
4.977113388000000249e+00
5.034324666000000725e+00
5.369101015000000032e+00
4.976784423999999873e+00
5.026126351000000270e+00
4.946941923999999879e+00
5.307241009000000176e+00
4.966822988000000549e+00
5.223847014000000399e+00
5.027005576000000531e+00
5.461759276000000440e+00
5.051123491000000243e+00
5.097308746000000390e+00
5.272062950000000470e+00
5.320529706000000303e+00
4.965169214000000331e+00
4.985158576999999980e+00
5.415477470999999987e+00
5.258864325000000228e+00
4.901402154000000344e+00
5.019365819999999978e+00
5.346605303000000475e+00
5.179655419000000371e+00
5.027604382000000705e+00
4.954889607000000140e+00
5.507632344000000124e+00
4.989539138000000484e+00
5.226529938000000541e+00
5.177670677000000055e+00
5.562252764000000127e+00
5.178492091000000741e+00
5.224715881000000728e+00
5.338465874000000611e+00
5.201796686000000669e+00
5.080176870000000733e+00
4.894840120000000461e+00
5.537554923000000073e+00
5.062321996000000546e+00
5.187877582000000487e+00
5.015067661999999871e+00
5.414066835000000744e+00
4.917527506999999964e+00
5.415927465000000218e+00
5.145163907000000592e+00
5.404318355000000018e+00
4.913087845000000620e+00
5.246214697000000093e+00
4.977131346000000178e+00
5.550274520000000322e+00
5.047184294000000016e+00
5.151942562000000336e+00
4.909253639000000113e+00
5.380156769000000061e+00
5.040748680000000093e+00
5.331457696000000190e+00
5.233307052000000681e+00
5.423895073000000622e+00
4.890386074000000249e+00
4.992681256000000012e+00
5.270607512000000661e+00
5.302349752000000471e+00
5.182271361000000631e+00
5.097404339000000562e+00
5.206663639000000288e+00
5.391518858000000414e+00
4.915603950000000388e+00
5.422263855000000632e+00
5.295489729000000700e+00
5.424443994000000657e+00
4.947524804000000387e+00
4.986344107000000747e+00
5.266741608000000241e+00
5.490068930000000513e+00
5.110048804999999916e+00
4.960228138000000619e+00
5.366850513000000156e+00
5.208656644000000391e+00
4.956279960999999901e+00
5.176870034000000231e+00
5.275889422000000550e+00
5.421464545000000079e+00
4.906051101000000081e+00
5.235993668000000767e+00
4.901055747000000018e+00
5.460484577000000783e+00
5.169271279000000163e+00
5.291677970000000286e+00
4.956945946000000269e+00
5.392815541000000046e+00
4.958459211000000089e+00
5.095870048000000097e+00
5.175882185000000746e+00
5.384636830000000707e+00
5.244330739000000463e+00
4.883229969000000281e+00
5.125507247999999905e+00
5.036835726000000513e+00
5.573439263000000032e+00
4.958113339000000508e+00
5.229981165999999959e+00
4.917347872000000564e+00
5.306942652000000038e+00
5.272679828000000235e+00
5.116423219000000522e+00
5.084704340000000045e+00
4.925621288000000320e+00
5.295331284000000416e+00
4.968477851000000278e+00
5.212768483000000508e+00
5.093725731000000145e+00
5.431487598000000361e+00
5.072397843000000073e+00
5.119635591000000652e+00
4.895615623000000305e+00
5.361027616000000329e+00
5.373886184000000732e+00
4.940934562999999891e+00
5.182803784999999941e+00
4.900065799000000055e+00
5.384020397000000457e+00
5.117136129000000366e+00
5.134155956000000742e+00
4.958773580999999986e+00
5.299662067999999948e+00
5.246568912999999945e+00
4.953461298000000568e+00
5.053492617999999936e+00
5.425621339000000098e+00
5.373427563999999990e+00
4.893063989000000724e+00
5.051341438000000572e+00
4.974375047000000549e+00
5.502640004000000751e+00
4.951622963000000155e+00
5.231984468000000277e+00
4.900687035000000691e+00
5.353389689000000118e+00
5.272398901999999943e+00
5.025813185000000516e+00
5.077788102000000414e+00
4.942073600000000511e+00
5.420380237999999906e+00
4.951643767000000196e+00
5.100554505000000738e+00
5.063374514000000381e+00
5.229588120999999923e+00
5.323403120000000044e+00
4.952049040000000346e+00
5.111470059000000177e+00
4.874602069999999898e+00
5.392247840000000458e+00
4.959760885000000563e+00
5.068908989000000531e+00
4.963844061000000529e+00
5.237529433000000623e+00
5.350812707000000223e+00
5.011688294000000710e+00
5.027264543000000252e+00
4.968596124000000280e+00
5.366923086999999981e+00
4.934421305999999952e+00
5.071197828999999935e+00
4.928559792000000606e+00
5.487996142000000077e+00
4.968643521000000618e+00
5.123677248999999989e+00
4.963110359000000749e+00
5.327844995000000416e+00
5.267308859999999981e+00
5.000945694000000330e+00
4.923671012000000680e+00
5.346075654999999927e+00
5.116088186999999898e+00
4.889135687000000452e+00
5.075795836000000172e+00
5.138840346000000281e+00
5.349804819000000045e+00
4.882978352000000299e+00
5.199338782999999964e+00
4.909990774000000613e+00
5.401392047999999946e+00
4.874332773999999979e+00
5.132339961000000450e+00
4.860991042000000206e+00
5.268331287000000529e+00
4.921613054000000709e+00
5.038650806000000593e+00
5.024462497000000027e+00
5.471900064000000619e+00
5.149386967000000759e+00
4.903627629999999904e+00
5.004307573000000176e+00
5.218918882000000536e+00
5.458076145000000601e+00
4.935785990000000290e+00
4.978283696000000091e+00
5.210645647000000658e+00
5.470081690000000663e+00
4.908399790999999901e+00
5.075678191000000616e+00
5.016183036000000151e+00
5.359365954000000265e+00
4.884636846000000254e+00
5.150275209000000132e+00
4.913784977000000609e+00
5.377814682000000346e+00
5.043541730000000278e+00
5.149161477000000708e+00
4.897180044000000620e+00
5.265886498000000415e+00
5.003298733000000276e+00
5.008133551000000239e+00
5.069443410999999955e+00
5.279169503000000319e+00
5.175189641000000229e+00
4.998498894999999997e+00
4.922473822000000609e+00
5.372128529000000263e+00
5.435030269000000303e+00
5.004029164000000307e+00
4.933736341000000358e+00
5.308654918000000222e+00
5.055675845000000557e+00
5.021241317000000315e+00
5.072155736000000026e+00
5.309026657000000426e+00
5.101736939000000248e+00
4.929902071999999968e+00
4.999196699000000521e+00
5.431741932000000439e+00
5.289238019999999985e+00
4.995726035000000564e+00
4.995663740000000352e+00
5.325584366000000180e+00
5.161462005000000630e+00
5.105314545000000592e+00
5.036308538000000112e+00
5.426219956000000622e+00
5.151513622000000403e+00
4.863249541000000065e+00
4.966400053000000092e+00
5.537098991000000581e+00
5.216832836000000029e+00
4.979025468000000565e+00
4.987715812000000248e+00
5.338905281000000613e+00
4.954130896000000561e+00
5.253148675000000267e+00
4.976884645000000162e+00
5.278727971000000352e+00
5.042729365000000463e+00
4.889238813000000405e+00
4.951049334000000357e+00
5.483793998000000336e+00
5.122116619000000703e+00
4.919261693000000157e+00
5.009933493000000126e+00
5.330067204000000558e+00
5.190935420000000633e+00
5.089706836000000401e+00
4.993511289000000630e+00
5.374714513000000693e+00
5.159508946000000762e+00
4.905815336000000748e+00
5.089551413000000579e+00
5.352685806000000213e+00
5.423775373000000677e+00
4.914504320000000703e+00
4.960435039000000046e+00
5.264116932000000304e+00
5.165393415000000488e+00
5.141956704000000045e+00
5.048198825000000056e+00
5.288853004999999996e+00
5.296776543000000004e+00
4.935611912000000601e+00
5.102934090000000644e+00
5.283294698000000622e+00
5.538285838000000183e+00
4.957780395000000340e+00
5.222998551000000766e+00
4.961999341000000285e+00
5.389140884000000575e+00
5.125505300000000375e+00
5.212880564000000660e+00
4.907233042000000545e+00
5.413326936000000700e+00
4.996588996000000726e+00
5.158860722000000010e+00
