3.504206397080324442e-01
1.076401236152433549e+00
1.833170921003306031e+00
2.662781634809871623e+00
3.538536333151824920e+00
4.407346412860088769e+00
5.353402140322429226e+00
6.321153131949857951e+00
7.287962779880476027e+00
8.319007534784498503e+00
9.358929690121785328e+00
1.041674801943045736e+01
1.150797769147192007e+01
1.261841508882671903e+01
1.375075955067098299e+01
1.489234275233424398e+01
1.607151912947775330e+01
1.725946900251671678e+01
1.845394542536418214e+01
1.969107847558790780e+01
2.092457405423842687e+01
2.217495714353666614e+01
2.345527111437509404e+01
2.473491285413490459e+01
2.603616991202104103e+01
2.735137900116940912e+01
2.867987641606320892e+01
3.002211583579611087e+01
3.137345704708375749e+01
3.274833914096649323e+01
3.412530986396851063e+01
3.551809554470631269e+01
3.693244609690420077e+01
3.834633664891399008e+01
3.978263948023072771e+01
4.123258164800955683e+01
4.269018551016485929e+01
4.416867557065255312e+01
4.565784872788695736e+01
4.716482520482488638e+01
4.868600578785842004e+01
5.022368005493646592e+01
5.178309688984540315e+01
5.335380513191888951e+01
5.494976653027364932e+01
5.656588845089545714e+01
5.819837141665851021e+01
5.986073829243677835e+01
6.154278627319165906e+01
6.325064040036077984e+01
6.498767323488542047e+01
6.675000856693117157e+01
6.854491957715941908e+01
7.036852507757390640e+01
7.222661633811351578e+01
7.411952502562267853e+01
7.604513505300577947e+01
7.801257291565744367e+01
8.001587732012191623e+01
8.205945111895613309e+01
8.414767883694922546e+01
8.627552192263377151e+01
8.845014502681868862e+01
9.066976034535269946e+01
9.293518875099059073e+01
9.524955833536986916e+01
9.760997871810565130e+01
1.000207820568500665e+02
1.024789632931199037e+02
1.049849524029001770e+02
1.075407917501418780e+02
1.101409610257125280e+02
1.127884218988677958e+02
1.154801372561784945e+02
1.182127737451990299e+02
1.209876442296408925e+02
1.237994117856608511e+02
1.266479308026436001e+02
1.295307103963074837e+02
1.324447119920392879e+02
1.353903646566828343e+02
1.383633800918862562e+02
1.413643857878799110e+02
1.443918132412294426e+02
1.474429798322157126e+02
1.505195800634175498e+02
1.536183936519219060e+02
1.567394308344735805e+02
1.598825641097302821e+02
1.630452343092546243e+02
1.662284493166947925e+02
1.694300211081663292e+02
1.726496027853160342e+02
1.758869854662030434e+02
1.791400906485782798e+02
1.824100476736913379e+02
1.856951438690078930e+02
1.889952007594611416e+02
1.923108869878089706e+02
1.956404792455003872e+02
1.989851148845816908e+02
2.023440250172492938e+02
2.057166548589668764e+02
2.091035623729132169e+02
2.125031722032462653e+02
2.159157892964253165e+02
2.193403185081293998e+02
2.227756808270584941e+02
2.262219084063991659e+02
2.296771854856130517e+02
2.331415455509537935e+02
2.366142416503678874e+02
2.400941496183506274e+02
2.435814850035999370e+02
2.470747424799038754e+02
2.505734319159817858e+02
2.540766400216447494e+02
2.575827368012517127e+02
2.610911474357964721e+02
2.645999772575801217e+02
2.681081106185571343e+02
2.716142749550523945e+02
2.751164955532274234e+02
2.786139005434937985e+02
2.821045406800282080e+02
2.855869924311217005e+02
2.890600285067111486e+02
2.925216718349533380e+02
2.959708949926624655e+02
2.994059631964418031e+02
3.028253924486593291e+02
3.062279950975450902e+02
3.096119263903345313e+02
3.129761062498550359e+02
3.163189242292105519e+02
3.196388687469874981e+02
3.229348102780208478e+02
3.262049693759246907e+02
3.294482043299785801e+02
3.326630489806515811e+02
3.358479660827294992e+02
3.390018404208404945e+02
3.421230179432691330e+02
3.452102994700717318e+02
3.482623156686308334e+02
3.512775642243214520e+02
3.542549360245010348e+02
3.571928675683525967e+02
3.600901389358979259e+02
3.629454622059605526e+02
3.657573506476341549e+02
3.685247037081886674e+02
3.712460555526537291e+02
3.739201647499180581e+02
3.765458239784914554e+02
3.791216145588879840e+02
3.816464516236590612e+02
3.841189887926847177e+02
3.865380225712872289e+02
3.889024312078145158e+02
3.912108877896154127e+02
3.934623565849797160e+02
3.956556102870759446e+02
3.977894960210935551e+02
3.998629879013885784e+02
4.018748634222038163e+02
4.038241414083024097e+02
4.057097244195847452e+02
4.075305364792566252e+02
4.092856443318927973e+02
4.109739476281542352e+02
4.125945368665734350e+02
4.141464343996769912e+02
4.156286518476190395e+02
4.170403438050896057e+02
4.183805192989698867e+02
4.196483337486540677e+02
4.208429177854299041e+02
4.219633657358219807e+02
4.230089133076554049e+02
4.239786849729927098e+02
4.248719136420951372e+02
4.256878444009552140e+02
4.264256798483650073e+02
4.270847549122806299e+02
4.276643241038111114e+02
4.281637242802044625e+02
4.285823285916877126e+02
4.289194673232036052e+02
4.291745951661725940e+02
4.293471190424000383e+02
4.294365101575361905e+02
4.294423027070309899e+02
4.293640004325322934e+02
4.292012250875990276e+02
4.289535838122564542e+02
4.286207364963461259e+02
4.282024197023087027e+02
4.276983495196043918e+02
4.271083484674284705e+02
4.267845668041690033e+02
4.267627841653138603e+02
4.267141204027266781e+02
4.266953118678488863e+02
4.266956049709564240e+02
4.266725932644458226e+02
4.267170535362069472e+02
4.267781327340471194e+02
4.268331911415306195e+02
4.269481758342211606e+02
4.270673677031592774e+02
4.271993249307301426e+02
4.273620093711144250e+02
4.275444040407164721e+02
4.277551439825217585e+02
4.279868977499927496e+02
4.282708025608618527e+02
4.285777652927988584e+02
4.288977109498971458e+02
4.292540154348691317e+02
4.295842918244715634e+02
4.298912901347732713e+02
4.301742746706143521e+02
4.303938033103572707e+02
4.305693722669816452e+02
4.306966560056629874e+02
4.307822187224390404e+02
4.308364434476691258e+02
4.308645363165661593e+02
4.308899019336319043e+02
4.308985312695485277e+02
4.309085799634114551e+02
4.309289216189633862e+02
4.309390897948510428e+02
4.309618199742121192e+02
4.309882585206983663e+02
4.310117390180973871e+02
4.310444872896227366e+02
4.310755655111463511e+02
4.311111433698075075e+02
4.311467656078485220e+02
4.311836661527010506e+02
4.312260872933764517e+02
4.312625927633345100e+02
4.313056374200880327e+02
4.313489624726024090e+02
4.313873823204060045e+02
4.314326113569476888e+02
4.314731166690468172e+02
4.315133273212322251e+02
4.315548758719708076e+02
4.315924500850500749e+02
4.316316386056767556e+02
4.316671061844973565e+02
4.317031594758622077e+02
4.317387511967930322e+02
4.317705460092414000e+02
4.318062356383458678e+02
4.318388276926154390e+02
4.318715296929016176e+02
4.319074162410148006e+02
4.319405192640525684e+02
4.319766503461595448e+02
4.320127785923026522e+02
4.320485466239645689e+02
4.320856463712225946e+02
4.321200954195885515e+02
4.321551914669519761e+02
4.321873806939233305e+02
4.322171317933207888e+02
4.322469571380400453e+02
4.322727148330670275e+02
4.322989823315726312e+02
4.323247377422158593e+02
4.323490538285022353e+02
4.323754172572089942e+02
4.324010097528203005e+02
4.324281713477742528e+02
4.324568167047163456e+02
4.324864226356084487e+02
4.325194043953922574e+02
4.325530937599535264e+02
4.325889576016250544e+02
4.326254700762006564e+02
4.326596745286919941e+02
4.326925864610377630e+02
4.327207843707665234e+02
4.327447370283117039e+02
4.327654011947691401e+02
4.327822207668177157e+02
4.327983206603922781e+02
4.328135778664284885e+02
4.328293452822915697e+02
4.328464529040394950e+02
4.328637767697815093e+02
4.328833740268088377e+02
4.329049663460573925e+02
4.329303774863627723e+02
4.329621787599910476e+02
4.330000347071283500e+02
4.330447551087617626e+02
4.330930897511666444e+02
4.331401855656536100e+02
4.331812538934266854e+02
4.332103829887253141e+02
4.332261356150558527e+02
4.332293294903761307e+02
4.332243517888067572e+02
4.332183199333695711e+02
4.332159064465005827e+02
4.332206663746073332e+02
4.332315525210431133e+02
4.332446634269396100e+02
4.332574795254937499e+02
4.332691575037201801e+02
4.332849679191128303e+02
4.333138324285306453e+02
4.333644740617458524e+02
4.334416289121464274e+02
4.335393213383235320e+02
4.336418462913375720e+02
4.337264778697790462e+02
4.337710844476263787e+02
4.337649573302074373e+02
4.337129906502588597e+02
4.336370675374400889e+02
4.335679416053261548e+02
4.335319106600930468e+02
4.335401934111290529e+02
4.335816504180469337e+02
4.336285813815140955e+02
4.336511367929221024e+02
4.336346305344687835e+02
4.335935608504640868e+02
4.335700202932449656e+02
4.336188314834491848e+02
4.337813870042462554e+02
4.340580102655929977e+02
4.343952034707805865e+02
4.346944860288176642e+02
4.348480174283411657e+02
4.347873937488460001e+02
4.345216473302393183e+02
4.341464236483570858e+02
4.338128135893329613e+02
4.336664412497355556e+02
4.337783907031281387e+02
4.340983354926834181e+02
4.344640455283667393e+02
4.346740862781244346e+02
4.345955772442779903e+02
4.342501756986997066e+02
4.338294662971948696e+02
4.336316322131431775e+02
4.339380407246073332e+02
4.348665768449962457e+02
4.362556757018486451e+02
4.376561323513904540e+02
4.384920411042321575e+02
4.383410811445564264e+02
4.371739728539512839e+02
4.354130076448697650e+02
4.337976578375393046e+02
4.331250172717035980e+02
4.339012456494215257e+02
4.359787322243161043e+02
4.384462499101600201e+02
4.400374730945419515e+02
4.398771957112801374e+02
4.380007209292443235e+02
4.353332847304764073e+02
4.333124883562568357e+02
4.334224219931120388e+02
4.366405920366091777e+02
4.426813840866760188e+02
4.495163468077255402e+02
4.540618464523810758e+02
4.539977711179624862e+02
4.492802876406805694e+02
4.420399840008535080e+02
4.353494243239597381e+02
4.325180840665739765e+02
4.365223021759047697e+02
4.474843511539181691e+02
4.604690743915245434e+02
4.680186931102275594e+02
4.660790595640136189e+02
4.568156668452477334e+02
4.457086572062856931e+02
4.377255469253622664e+02
4.376802149805492377e+02
4.498397263227726057e+02
4.724612301753593329e+02
4.947731804685346333e+02
5.028769534472971827e+02
4.934606463444875999e+02
4.754675835427933634e+02
4.577690754086381162e+02
4.462183142174236536e+02
4.494915401573293821e+02
4.679633568903118430e+02
4.904284690273622118e+02
5.019553570085976730e+02
4.954472952328957263e+02
4.782722774841808473e+02
4.626486193676720973e+02
4.533253470070259254e+02
4.533765129455600800e+02
4.621296998564509408e+02
4.761672890890881717e+02
4.879649478656673978e+02
4.897641387549972478e+02
4.803439274788503326e+02
4.661951404422283645e+02
4.544469224160595786e+02
4.485655051068935109e+02
4.488611413204874907e+02
4.522017086135162458e+02
4.576804887605416070e+02
4.639400188635072482e+02
4.680863554143883221e+02
4.661899508494738598e+02
4.594605358851671895e+02
4.501146908379262754e+02
4.421884540538237047e+02
4.382347945168686465e+02
4.391395790765758989e+02
4.438654537823045985e+02
4.514048935459902623e+02
4.598954732993079233e+02
4.658966343788841868e+02
4.658451926911997134e+02
4.599471550694688062e+02
4.495174261411035559e+02
4.414757311355391494e+02
4.399380474005736801e+02
4.438906158537852775e+02
4.504649870456422036e+02
4.575222056288292833e+02
4.613275064648360058e+02
4.598678052270983017e+02
4.530629679375471710e+02
4.449141108256762323e+02
4.372575983256864447e+02
4.351249859715215393e+02
4.381921916513758219e+02
4.443216904340774818e+02
4.516390213092061003e+02
4.580154312741892113e+02
4.594236919521206346e+02
4.562329220929310054e+02
4.492205814246556201e+02
4.417697897582444284e+02
4.367294154827089869e+02
4.373169180596802335e+02
4.419085809530422466e+02
4.487843475721289792e+02
4.556107456885650322e+02
4.594722601296493281e+02
4.568780349114586556e+02
4.505658991410914496e+02
4.422419895718092562e+02
4.356978701173570130e+02
4.339791006986313278e+02
4.381560830168063490e+02
4.457381057474000272e+02
4.548065364055461259e+02
4.615661786656559116e+02
4.631122561636524892e+02
4.575180133147036940e+02
4.488065659549526458e+02
4.405898828254974546e+02
4.376096806315434264e+02
4.410950835225193032e+02
4.489650654603175894e+02
4.570319925320288803e+02
4.628758945952884005e+02
4.622911193261024323e+02
4.557334995040860122e+02
4.460243424369084551e+02
4.382065449454599388e+02
4.350236152123803208e+02
4.380265473245844419e+02
4.454919473475929976e+02
4.547007128404007972e+02
4.615962013727427689e+02
4.641439852229802341e+02
4.599309741832720420e+02
4.515992747144429700e+02
4.427062571149456858e+02
4.380346684007149634e+02
4.393659770355254750e+02
4.458085291159278540e+02
4.541139737750701215e+02
4.615193212693563964e+02
4.635650256001503067e+02
4.595479960554873742e+02
4.506422928052543853e+02
4.415813230657875579e+02
4.357472587520974230e+02
4.360121403476920250e+02
