-6.001333362191732523e-04
-9.295299545095669913e-04
-1.887786322665369054e-03
-3.061605635938380310e-03
-3.662221767586404386e-03
-5.619678385316073665e-03
-7.076367874874534003e-03
-8.760596448452284690e-03
-1.138197765950565987e-02
-1.343764422739157638e-02
-1.600664504785254127e-02
-1.861154737418413418e-02
-2.142704066491374348e-02
-2.432949675197004780e-02
-2.680860491732506290e-02
-2.999066696203844806e-02
-3.241304159474833746e-02
-3.470183263084747338e-02
-3.747824210081107665e-02
-3.919421312227688858e-02
-4.137996401116739165e-02
-4.352325912475452085e-02
-4.496936066901113804e-02
-4.693500050386401057e-02
-4.856565219304909142e-02
-5.017900948399711680e-02
-5.191584191086962008e-02
-5.364084777912303537e-02
-5.570563608165057801e-02
-5.755429311717330521e-02
-5.980020241668393410e-02
-6.214411642958284077e-02
-6.431074442570405836e-02
-6.700351229308054712e-02
-6.944132535090430380e-02
-7.197257080303653964e-02
-7.474743423832563849e-02
-7.712475053273992742e-02
-7.966334337361757889e-02
-8.199087114669101339e-02
-8.409187546687890702e-02
-8.620358567714037079e-02
-8.789185567293511525e-02
-8.958867001179360301e-02
-9.101962442823374744e-02
-9.214731568198164524e-02
-9.329048548391982720e-02
-9.406662415256406007e-02
-9.484410864776737782e-02
-9.550451581169472348e-02
-9.600624028577087188e-02
-9.662660479580331696e-02
-9.706129001849550519e-02
-9.760693391543284747e-02
-9.816240136158782548e-02
-9.864953172669643777e-02
-9.935694107395409702e-02
-9.993341821227907928e-02
-1.005654613688431454e-01
-1.012286496214684917e-01
-1.016401432734603816e-01
-1.019715897528712389e-01
-1.019177095417553858e-01
-1.013725545557546681e-01
-1.001983729643001197e-01
-9.800188748866656141e-02
-9.464746919185085261e-02
-8.964528863638410172e-02
-8.266787851774992646e-02
-7.333562382501490617e-02
-6.104535056778548352e-02
-4.553040024659615881e-02
-2.619861951856439219e-02
-2.620701706558037358e-03
2.548464276169504217e-02
5.862603639282681911e-02
9.695515169694690627e-02
1.407450453113909816e-01
1.901894444333374068e-01
2.452981749672877854e-01
3.062455953149143539e-01
3.729621651918462177e-01
4.454670965416243078e-01
5.237575984799667239e-01
6.076797805432585520e-01
6.972487604922434912e-01
7.922842041841864358e-01
8.926530738227498318e-01
9.982455305301911608e-01
1.108773813298086885e+00
1.224084569679855683e+00
1.343865146375555319e+00
1.467805051951723172e+00
1.595633160593232347e+00
1.726921939519403537e+00
1.861373848823279609e+00
1.998586544120700914e+00
2.138143854308285796e+00
2.279694633426943007e+00
2.422744486097399452e+00
2.566878527281513556e+00
2.711614184425752860e+00
2.856412069700725809e+00
3.000777369073187373e+00
3.144068724433669360e+00
3.285632711753006419e+00
3.424664436720881611e+00
3.560146236268140640e+00
3.690907677624017502e+00
3.815434222929924957e+00
3.932017604002805200e+00
4.038764618275149765e+00
4.133666331578674580e+00
4.214887132100112233e+00
4.280794194560017196e+00
4.330179584765838641e+00
4.362320016169866754e+00
4.376887801276127199e+00
4.373977329088082122e+00
4.353899959793162466e+00
4.317147151888260481e+00
4.264344712636019885e+00
4.196143746164453958e+00
4.113263725668780957e+00
4.016343770960556725e+00
3.905886951674629515e+00
3.782235378816548810e+00
3.645495039014634120e+00
3.495659762586173613e+00
3.332658217789683519e+00
3.156451192336457101e+00
2.967161015314290218e+00
2.765076869782988833e+00
2.550748084431017304e+00
2.325000341046286056e+00
2.088941723087599289e+00
1.844016200824924567e+00
1.591929919122003323e+00
1.334609464280628544e+00
1.074088524803251676e+00
8.123475722011015421e-01
5.512380148331676999e-01
2.923698088502857395e-01
3.709085549838198048e-02
-2.134965595464661803e-01
-4.585346314409277646e-01
-6.973271174041792975e-01
-9.292969202497780579e-01
-1.153908136087216540e+00
-1.370566963142497041e+00
-1.578584075358781647e+00
-1.777112250568539054e+00
-1.965166258630282936e+00
-2.141690421483952722e+00
-2.305638407555726577e+00
-2.456116827653469947e+00
-2.592476933094770342e+00
-2.714393921502209928e+00
-2.821917860028679392e+00
-2.915449717719436507e+00
-2.995714206167893412e+00
-3.063664001217603072e+00
-3.120361533753778449e+00
-3.166866607097775788e+00
-3.204098446959745328e+00
-3.232758233748296739e+00
-3.253279070670395789e+00
-3.265828775586332000e+00
-3.270385673128881621e+00
-3.266820068226970797e+00
-3.255012823690472956e+00
-3.234954526585996248e+00
-3.206807708552684932e+00
-3.170950743024133267e+00
-3.127953570421342810e+00
-3.078530690512527812e+00
-3.023464745526059261e+00
-2.963507438871413768e+00
-2.899310186307396009e+00
-2.831363194155363860e+00
-2.759984734006776463e+00
-2.685357196843638938e+00
-2.607584695647334971e+00
-2.526786101662119588e+00
-2.443167846025037893e+00
-2.357073908303626730e+00
-2.269000135586765943e+00
-2.179548794426773739e+00
-2.089359428986265144e+00
-1.999007358470553886e+00
-1.908901952617938491e+00
-1.819216259037410577e+00
-1.729845733200752633e+00
-1.640433062154345478e+00
-1.550441993670725882e+00
-1.459272224522796257e+00
-1.366404904590070135e+00
-1.271529610709525304e+00
-1.174644684794530658e+00
-1.076098411145168132e+00
-9.778781446451607628e-01
-8.800020890048063649e-01
-7.834967335378260067e-01
-6.900290148477674634e-01
-5.988427616865719116e-01
-5.120568784524555106e-01
-4.300209978178077819e-01
-3.512841323881605859e-01
-2.763409780504204605e-01
-2.041803386117737595e-01
-1.330643182974031724e-01
-6.280439143349081377e-02
6.731585724889299627e-03
7.628355833063737990e-02
1.453505023677101882e-01
2.124194158067527205e-01
2.775137943377004035e-01
3.398309569251201090e-01
3.997948489215596979e-01
4.623628285531329318e-01
5.330397472787922197e-01
6.195966528261869222e-01
7.302062531984372384e-01
8.665001320735963297e-01
1.024414159595688378e+00
1.192560911773149268e+00
1.353425884206156837e+00
1.490185110652265443e+00
1.589997753695159499e+00
1.647224950194483561e+00
1.664584142692157265e+00
1.651215241935063638e+00
1.620479821368701945e+00
1.587908972971715738e+00
1.570491232928751035e+00
1.584341658722877355e+00
1.643120861034041980e+00
1.756300410998554273e+00
1.924682416701891885e+00
2.140923234366886696e+00
2.390394191421254533e+00
2.652859064046475090e+00
2.909060937883581666e+00
3.142491292144382165e+00
3.341396381928194437e+00
3.500254155271807832e+00
3.616919263160624176e+00
3.692908987017783584e+00
3.733017714573618306e+00
3.745047737334681326e+00
3.740601162050582129e+00
3.734002164992267669e+00
3.741381794862452370e+00
3.778337590919187416e+00
3.858767683733691278e+00
3.994145754510452839e+00
4.191876966792182913e+00
4.455936268340815687e+00
4.784647952556484007e+00
5.168580908313922251e+00
5.590581074273238471e+00
6.024249625780309536e+00
6.436732914872460576e+00
6.793338953736290264e+00
7.061720529938130042e+00
7.218350028301003363e+00
7.252484112648652115e+00
7.168610143931245737e+00
6.987774879718930521e+00
6.745994087435431830e+00
6.491603352717489450e+00
6.279928701961337012e+00
6.166852427210082865e+00
6.201001511385280551e+00
6.415382287454756138e+00
6.822034837778842231e+00
7.407835832649407592e+00
8.134848235926963156e+00
8.944729242813066250e+00
9.764360649593282204e+00
1.051509093968303432e+01
1.112187155294395069e+01
1.152180994251019541e+01
1.167313373258436116e+01
1.156114632695275546e+01
1.120215987759854492e+01
1.064423840803081411e+01
9.963441071972635399e+00
9.257034043154217073e+00
8.633098986775898709e+00
8.198805326442188957e+00
8.047828204369324112e+00
8.248455990000856275e+00
8.834177973216540636e+00
9.796067985568029712e+00
1.108009519477197280e+01
1.258885278929546381e+01
1.418803331790190114e+01
1.571931993168798058e+01
1.701671860490650801e+01
1.792597393260940564e+01
1.832530244294431299e+01
1.814343827213768989e+01
1.737407205854745840e+01
1.608372264653337425e+01
1.441095808462175576e+01
1.255702112203455201e+01
1.076713102292173829e+01
9.304433912143560192e+00
8.418442382564936821e+00
8.311735251225430332e+00
9.109002151884764586e+00
1.083235631261825915e+01
1.338860931073840099e+01
1.657010411664426996e+01
2.007074792065522573e+01
2.351640512582485698e+01
2.650497498378263828e+01
2.865338663194165747e+01
2.964673242828597921e+01
2.928383585892877505e+01
2.751456312118553527e+01
2.446159937127799822e+01
2.042119231839800264e+01
1.584133133309692454e+01
1.127871499714204440e+01
7.340076875255184596e+00
4.613523855247899874e+00
3.595476556395651890e+00
4.618800525710192062e+00
7.791278493325371812e+00
1.295725832746052397e+01
1.969298089260549034e+01
2.734111365460471532e+01
3.507800114665418789e+01
4.200004590551837680e+01
4.721901700515257971e+01
4.996193504849405542e+01
4.967512867518863118e+01
4.612539249977562861e+01
3.947524209282698138e+01
3.030440950073502293e+01
1.956391172583434468e+01
8.474778828661795771e+00
-1.597626549451051758e+00
-9.272711025555448572e+00
-1.329374432774130099e+01
-1.269748311238794791e+01
-7.009430233174759550e+00
3.589628606296459523e+00
1.820891741541040432e+01
3.535451548138242117e+01
5.315590256728742702e+01
6.960009434589225918e+01
8.268751496815042401e+01
9.054007255301115720e+01
9.158660408700220046e+01
8.489946615674867303e+01
7.057353205964625431e+01
4.989759384684160892e+01
2.514239845112891203e+01
-9.245133968727792251e-01
-2.544602755057707100e+01
-4.555450589199799083e+01
-5.828052945600063595e+01
-6.075122543130827069e+01
-5.095724772082130016e+01
-2.880172277546439830e+01
3.347377907444290202e+00
4.124573484915430299e+01
8.026251185763572948e+01
1.166269010727507975e+02
1.473145440910076900e+02
1.687847968802670096e+02
1.763232375448172888e+02
1.655185734142947638e+02
1.352392825447998916e+02
8.950262484185233802e+01
3.598776866943300234e+01
-1.811196691531613112e+01
-6.902696027767910891e+01
-1.146709088505324274e+02
-1.499174228604886139e+02
-1.649732894190354386e+02
-1.498267478243877235e+02
-1.021550646396189137e+02
-3.193676097261263180e+01
4.312100012038081331e+01
1.095195427646001036e+02
1.671553937424665435e+02
2.226401974427634798e+02
2.728370613518604273e+02
2.986843666441549772e+02
2.783107055782309658e+02
2.089169168866087887e+02
1.140328256329483025e+02
2.570619766019012786e+01
-4.332711193740432520e+01
-1.049220769399444606e+02
-1.693449256522195299e+02
-2.212693180531244366e+02
-2.297634880305787419e+02
-1.805093296968175309e+02
-9.325728565891007804e+01
-6.264351106053680951e+00
4.967120753899034469e+01
8.188312901455324777e+01
1.189744880657344623e+02
1.677706643576126169e+02
2.040996287879472391e+02
1.986924368208762814e+02
1.538196354662694603e+02
9.968083732266809704e+01
5.046560967634360395e+01
1.066272267267440554e+01
-1.442550173238893763e+01
-3.913471112467968283e+01
-7.178344156547184696e+01
-9.565866958556874522e+01
-9.252941455442800134e+01
-6.704804521686448027e+01
-4.010451748072707545e+01
-1.757654728606665628e+01
2.766403306168982112e+00
2.079154042263766655e+01
4.331952889455547506e+01
7.970316095519906696e+01
1.287235777245054180e+02
1.625021818837074932e+02
1.551991946106876696e+02
1.215685014818655532e+02
8.387532009240159425e+01
4.740864180408273398e+01
1.569426965139788877e+01
-1.241361595943986629e+01
-4.781586333515915044e+01
-9.755632383619715142e+01
-1.438161175304143171e+02
-1.525849904154900969e+02
-1.161989872424873909e+02
-6.294371943418870785e+01
-1.771831600764114967e+01
1.659639257229500231e+01
4.134684054858132640e+01
6.095036241759534335e+01
8.654643170460994384e+01
1.196888418780686578e+02
1.415578701124659347e+02
1.328315050896968330e+02
9.739497913391124939e+01
5.500104336378578296e+01
1.707237836318638813e+01
-1.688401712931863585e+01
-4.792552821264217755e+01
-7.668958575568026959e+01
-1.039581812534867282e+02
-1.245549337349025336e+02
-1.246629694763038714e+02
-9.814355464622383352e+01
-5.725237323693357894e+01
-1.735141058391172919e+01
1.716877188681345956e+01
4.970652748496439699e+01
8.500684646555031065e+01
1.212698430390306044e+02
1.488628249790794769e+02
1.564791806826129914e+02
1.359573234103189066e+02
9.359732702137978322e+01
4.614928862281828970e+01
4.804960353303087572e+00
-3.135167843766794249e+01
-7.029352362539013654e+01
-1.134995876318810701e+02
-1.473458015016250044e+02
-1.536493427325398216e+02
-1.276557236550931265e+02
-8.042689759580818532e+01
-2.938209206520512851e+01
1.249584770040776505e+01
4.285798168990571355e+01
7.101193693016116981e+01
1.048252150041034270e+02
1.376988314708213466e+02
1.530347675497112903e+02
1.385764032222119795e+02
1.003501956629414735e+02
5.405311573726720553e+01
1.079578222315093683e+01
-2.560408920839554980e+01
-5.856811180682902318e+01
-9.493808374671317551e+01
-1.309239163889864415e+02
-1.494206557057907787e+02
-1.375022004901520063e+02
-9.935200485007769089e+01
-5.111877597936741324e+01
-7.220053374835131876e+00
2.705698753986506233e+01
5.723599807584896837e+01
9.052620098664381487e+01
