5.225561420600000417e+01
4.957717047600000626e+01
4.861225733700000262e+01
4.840100226800000627e+01
4.542736055000000306e+01
4.843970907500000322e+01
4.843013699200000133e+01
4.708313036700000254e+01
4.708743559700000247e+01
4.711936800700000560e+01
4.766076098999999999e+01
4.642766400400000038e+01
4.707900047200000415e+01
4.637504497400000503e+01
4.649885966000000082e+01
4.618553058300000203e+01
4.671848762700000179e+01
4.675639459199999948e+01
4.643750377599999979e+01
4.645038102700000593e+01
4.575698017999999934e+01
4.630043553500000542e+01
4.572873155999999994e+01
4.557429226300000380e+01
4.565916330299999970e+01
4.535395876800000536e+01
4.521792321200000231e+01
4.517323207600000501e+01
4.495821722900000594e+01
4.493896630000000414e+01
4.494096825600000500e+01
4.547336106400000233e+01
4.437442805900000309e+01
5.740164334400000712e+01
5.653378458700000664e+01
5.700661068300000522e+01
5.740859453900000631e+01
5.413047188400000209e+01
5.716677084100000172e+01
5.669825554900000242e+01
5.808809948700000092e+01
5.700759187600000644e+01
5.679196659000000125e+01
4.174195376400000157e+01
3.717119969000000168e+01
4.289115854799999994e+01
5.442350358800000265e+01
5.436665726800000442e+01
5.007062631600000202e+01
5.100894845200000560e+01
5.086823095100000103e+01
5.059389662800000309e+01
4.966262808400000495e+01
4.984829147000000660e+01
5.046947118900000362e+01
5.051922465000000528e+01
4.970461351200000166e+01
5.044473432800000268e+01
5.080079043100000291e+01
5.632095560200000506e+01
5.687439776400000113e+01
5.495738339900000113e+01
5.519359312300000653e+01
5.724657418000000320e+01
5.681696581700000337e+01
5.531620196000000078e+01
4.698461461600000177e+01
4.549489069600000590e+01
6.051831994800000558e+01
5.938805603100000496e+01
5.837303472500000368e+01
5.725178002000000532e+01
5.685283551600000607e+01
5.759495529900000577e+01
5.883091278400000590e+01
5.921945183400000445e+01
5.979266709500000587e+01
5.941245802000000253e+01
5.969294846700000079e+01
5.810755751300000327e+01
5.773825114800000335e+01
5.902397021500000562e+01
5.875539951200000388e+01
6.089154428300000177e+01
6.054774361700000185e+01
5.892793966700000396e+01
5.994104549800000115e+01
5.699360549700000433e+01
5.828680342600000586e+01
3.602058115799999882e+01
3.756221518800000325e+01
3.721842127100000397e+01
3.747397162600000087e+01
3.651808587400000050e+01
3.694949582000000277e+01
3.711241884700000071e+01
3.768074698499999897e+01
3.679109334500000017e+01
3.799932736499999919e+01
4.683664931500000250e+01
5.591145820600000604e+01
5.676934656600000295e+01
5.626226227800000146e+01
5.623516703800000016e+01
5.455051176400000656e+01
5.453584428600000678e+01
5.526333706900000209e+01
5.473219619500000022e+01
5.512783495600000094e+01
5.540024396400000484e+01
5.310680755400000663e+01
5.382920214000000669e+01
5.213480007800000493e+01
5.323123114800000621e+01
5.429431317900000664e+01
5.261498623700000365e+01
5.330496867500000491e+01
5.415173324100000229e+01
5.439730216700000653e+01
5.490649196300000057e+01
5.685298804500000358e+01
5.301236979200000121e+01
5.349011661900000547e+01
5.409517022900000427e+01
5.289724771300000583e+01
5.297820052900000576e+01
5.338635206900000441e+01
5.569914935000000611e+01
5.545324989900000645e+01
5.386060022400000236e+01
3.954213820900000087e+01
3.619592302699999919e+01
3.619791638299999903e+01
4.630688553899999960e+01
5.411291948800000284e+01
4.369043846699999989e+01
5.665737639200000331e+01
5.328489612200000636e+01
5.599344020400000232e+01
5.794632380700000596e+01
5.686742844900000193e+01
5.649269381000000578e+01
5.689512868000000623e+01
5.741972397500000369e+01
5.635822757000000394e+01
5.599565611500000273e+01
5.786598454900000377e+01
5.811755540700000466e+01
5.891047687300000035e+01
5.990415171000000072e+01
5.036006182000000564e+01
5.173909796400000261e+01
5.096527856100000520e+01
5.185784404700000039e+01
5.135872950200000275e+01
5.046980411900000263e+01
5.099605802700000368e+01
5.023170272500000522e+01
5.161403244100000620e+01
5.045638914900000316e+01
5.087741873900000655e+01
4.388491539500000016e+01
3.574586093199999937e+01
3.688351758400000335e+01
4.389393916699999920e+01
5.700928282900000710e+01
5.690490561100000377e+01
5.864562387000000143e+01
5.879649312300000474e+01
5.466011535400000554e+01
3.939536252799999971e+01
5.258318578800000154e+01
5.550683620400000251e+01
5.546268677800000546e+01
5.534803803500000186e+01
5.687715075500000239e+01
5.654659595200000410e+01
5.623273443600000121e+01
5.684290810200000266e+01
5.646962837700000648e+01
5.708043359100000202e+01
5.642756436600000569e+01
4.963657451000000265e+01
4.077338310900000096e+01
5.612074223600000522e+01
5.564297899400000347e+01
5.726362904000000498e+01
5.675302293600000070e+01
5.634173902900000286e+01
5.674248906100000056e+01
5.653834806800000479e+01
5.627187616100000156e+01
5.722486073500000003e+01
5.629786941400000444e+01
5.396151702500000624e+01
3.632924718700000000e+01
2.940104201800000183e+01
2.944545862300000039e+01
2.922313974100000067e+01
2.938569133500000063e+01
2.952771019600000102e+01
2.823011846000000347e+01
2.893265352600000284e+01
2.890423703800000155e+01
2.930918220000000218e+01
2.980775928000000263e+01
3.111633979500000180e+01
2.951572668500000063e+01
2.997495271200000033e+01
3.004217265000000125e+01
3.017269168200000351e+01
3.041473277200000069e+01
3.038539018700000227e+01
3.158369471000000317e+01
4.674862720800000204e+01
4.057349324300000148e+01
2.848422379800000215e+01
2.845344055100000347e+01
2.879987296400000218e+01
2.210127808500000057e+01
2.164342065199999965e+01
3.334056603400000540e+01
3.429399051400000076e+01
3.441874276400000099e+01
3.487456935600000207e+01
3.405724324500000222e+01
3.396127445000000478e+01
3.431873478100000341e+01
3.383963178300000152e+01
3.446017428900000112e+01
3.419968215500000497e+01
3.411605003200000397e+01
3.389996644000000003e+01
3.437177607600000329e+01
3.493525643800000324e+01
4.530123863700000442e+01
4.466130763900000034e+01
3.313924878400000296e+01
3.399473314000000101e+01
3.320096323199999944e+01
3.329117550100000500e+01
3.337278154300000210e+01
3.325589038400000419e+01
3.290394009799999964e+01
3.324459261600000559e+01
3.282301295100000260e+01
3.331515938100000085e+01
3.262943852500000474e+01
3.319974232399999892e+01
3.289691303900000463e+01
3.313590109800000505e+01
2.873017637600000285e+01
2.101776747100000264e+01
2.128112618500000153e+01
2.857254506300000330e+01
2.813890321300000252e+01
2.891567174600000101e+01
2.804664780600000284e+01
2.803973389000000083e+01
2.785835899500000323e+01
2.822046535000000134e+01
3.233319414000000336e+01
2.887089430200000351e+01
3.366982085900000499e+01
2.943557801800000107e+01
3.298976302300000185e+01
3.355778595400000341e+01
3.444156639700000255e+01
3.466232703800000081e+01
3.286092038500000001e+01
3.385697329199999928e+01
2.795478779000000102e+01
2.141222589400000231e+01
2.185533908300000050e+01
2.296907270900000242e+01
2.648077370500000072e+01
2.155508883700000311e+01
2.208462228500000180e+01
2.160429636699999989e+01
2.158022071899999972e+01
2.549942254400000152e+01
2.161472325900000158e+01
4.531179013800000632e+01
4.743506272500000165e+01
4.793109364200000044e+01
4.798996141300000318e+01
3.560858086400000388e+01
3.590813409800000500e+01
3.510793821000000037e+01
4.778279345900000408e+01
4.766989282600000166e+01
4.718804509100000644e+01
4.713695514400000519e+01
4.720811379999999957e+01
4.825972096200000294e+01
4.846569753600000041e+01
4.834745081900000230e+01
4.771120599900000059e+01
4.766626764700000507e+01
4.812432799100000125e+01
4.794059657800000451e+01
4.793226779600000498e+01
4.707093516000000477e+01
4.785519481100000405e+01
4.811174646200000637e+01
4.714380035599999985e+01
4.726769677800000125e+01
4.714436360500000234e+01
4.646816347500000433e+01
4.698116812300000333e+01
4.771020459200000374e+01
4.696123260100000607e+01
4.638873507100000637e+01
4.628183219400000326e+01
4.685126510700000324e+01
4.697458304900000314e+01
4.840386596000000452e+01
4.800170736900000179e+01
4.809330682500000620e+01
4.787492593099999993e+01
4.697987251600000036e+01
4.710018076700000478e+01
4.684791975600000313e+01
4.756895393599999977e+01
4.818284393700000123e+01
4.748293009700000056e+01
4.684594597699999952e+01
4.624471295800000092e+01
4.723121607200000227e+01
4.762641539300000204e+01
4.769270258800000306e+01
4.860908809700000432e+01
4.785121494200000569e+01
4.619324955900000163e+01
4.770369098000000463e+01
4.739990225100000032e+01
4.302497962700000045e+01
4.381217240900000576e+01
4.277738510300000030e+01
2.916850979000000166e+01
3.665906102000000288e+01
4.589639754000000238e+01
4.684758535499999965e+01
4.695371253100000075e+01
4.602998720500000474e+01
4.610045290500000448e+01
3.787698428200000222e+01
3.605180153900000306e+01
3.679882717899999989e+01
3.640912687600000197e+01
2.821555581000000146e+01
2.944439618300000205e+01
3.066415079800000143e+01
4.741443506899999960e+01
3.579750419900000225e+01
3.677890986399999917e+01
5.595532106100000647e+01
5.656041814600000350e+01
5.698596655300000435e+01
5.593895468700000606e+01
5.680873006900000632e+01
5.610645545300000236e+01
5.593122410900000574e+01
5.624941142300000507e+01
5.628150206000000111e+01
5.334411077700000448e+01
5.672747736200000190e+01
5.671591585500000576e+01
5.570442464000000626e+01
5.616057940700000017e+01
5.699827943600000424e+01
5.629589554900000081e+01
5.544005005900000072e+01
5.527561164400000138e+01
5.506804354400000534e+01
5.561834843000000461e+01
5.511038347900000645e+01
5.635588954500000369e+01
5.735225655500000386e+01
5.526756142500000379e+01
5.595888677000000655e+01
5.581379750800000039e+01
5.567857276400000188e+01
6.646399411699999860e+01
6.747163983100000451e+01
6.735286151399999710e+01
6.782431508000000520e+01
5.705641110700000240e+01
5.679742398200000508e+01
5.410049838800000543e+01
5.039410903800000341e+01
5.010120184400000198e+01
6.767115163600000471e+01
6.652328005600000438e+01
6.657580302400000960e+01
6.622160595200000444e+01
6.700336373300000048e+01
5.526337051900000574e+01
6.576436929199999781e+01
6.682984465600000590e+01
6.604161646600000779e+01
6.733428349700000126e+01
7.767888085399999909e+01
7.771543249799999842e+01
7.609559434000000522e+01
6.648872172400000125e+01
6.575548002100001099e+01
6.527106901199999811e+01
6.624325933800000143e+01
6.475804414200000281e+01
6.621793779099999711e+01
6.701132194299999867e+01
7.691859658200000638e+01
6.669785167400000603e+01
6.785095256099999972e+01
6.751827683300000160e+01
5.638402691200000305e+01
6.673219322700001044e+01
6.700567319300000690e+01
6.929008534599999791e+01
6.767781238599999938e+01
6.791887739300000248e+01
6.806470382999999913e+01
6.750556741600000521e+01
5.722558486900000219e+01
5.571199133000000359e+01
5.667845204000000336e+01
5.689337914000000040e+01
6.634834030999999754e+01
6.661300906800001087e+01
6.568861369500000080e+01
6.500358380500000521e+01
6.558123000700000205e+01
6.573741045100000235e+01
5.509563914500000692e+01
5.390361931800000406e+01
5.509430574900000011e+01
6.524909270400000594e+01
6.557769203899999866e+01
6.652710200600000690e+01
6.614341183199999818e+01
6.723473502100000587e+01
5.551352917800000597e+01
5.597776200400000590e+01
5.655564579000000691e+01
5.569589903500000361e+01
5.583500863700000139e+01
6.693239877500001000e+01
6.810800660000001017e+01
6.690179748900000334e+01
6.799692975700000375e+01
6.688819052200000215e+01
5.657968697900000166e+01
5.780082144100000363e+01
5.675497189900000450e+01
5.730243380200000303e+01
5.592967203700000312e+01
6.635265540700000031e+01
6.811957943900000600e+01
6.705090755300000183e+01
6.789288686700000142e+01
5.567160896600000086e+01
5.577341260900000464e+01
5.642950160600000231e+01
5.569805201800000560e+01
5.587428296300000596e+01
6.716745349600000736e+01
6.733713758100000746e+01
6.546869246800000042e+01
6.571004225299999746e+01
6.666897396600001002e+01
5.492334441400000600e+01
5.466734369600000321e+01
5.486387016800000538e+01
5.558848173800000581e+01
6.641875319100000752e+01
6.566022678699999915e+01
6.664399245200000621e+01
6.721452698200000953e+01
5.466535314600000106e+01
5.404037284300000010e+01
5.553825932400000198e+01
5.553531551800000443e+01
5.511222298500000250e+01
6.497464287600000432e+01
6.574743923600000528e+01
6.469420481400000256e+01
6.543383399300000747e+01
6.519551755199999832e+01
5.483056632900000693e+01
5.566946421800000167e+01
5.585610218400000093e+01
5.565576079300000600e+01
6.718857158299999810e+01
6.634705427900000529e+01
6.790641105299999936e+01
6.676887245000000348e+01
6.668148696200000813e+01
5.609943961600000506e+01
5.510148837300000224e+01
5.585940550400000149e+01
