1.245453005026163074e-01
1.244714317212378268e-01
1.243968989061491198e-01
1.243223004830325967e-01
1.242477244034357609e-01
1.241732023206442576e-01
1.240986055420005701e-01
1.240240528831610956e-01
1.239494311529352882e-01
1.238747822167092505e-01
1.238000988311984546e-01
1.237253705369279061e-01
1.236505928458517117e-01
1.235757494603260259e-01
1.235008357250520494e-01
1.234258408991144307e-01
1.233507512163701109e-01
1.232755590923805267e-01
1.232002704604068244e-01
1.231248560840968453e-01
1.230493169600835462e-01
1.229736467106180009e-01
1.228978371365536393e-01
1.228218728308773516e-01
1.227457566053378468e-01
1.226694137317387856e-01
1.225929584584651705e-01
1.225162885811317687e-01
1.224394711444869305e-01
1.223623944615951226e-01
1.222851932624577087e-01
1.222076538353022851e-01
1.221299770300628695e-01
1.220520065732517562e-01
1.219738138313312265e-01
1.218953939818327309e-01
1.218167424724468650e-01
1.217378548992389120e-01
1.216587269148105555e-01
1.215793541439939424e-01
1.214997322576183009e-01
1.214198572360069284e-01
1.213397255144691850e-01
1.212593339330091946e-01
1.211786796611264705e-01
1.210977601717417307e-01
1.210165732365792862e-01
1.209351169327782111e-01
1.208533896393380602e-01
1.207713900421096137e-01
1.206891170695410104e-01
1.206065698082378068e-01
1.205237474499339656e-01
1.204405802661431824e-01
1.203571276791247785e-01
1.202733305184746637e-01
1.201893129778214275e-01
1.201049532456422986e-01
1.200203098635176102e-01
1.199354258683416885e-01
1.198502237736158021e-01
1.197647396741465115e-01
1.196789643654589258e-01
1.195929115417904004e-01
1.195065832659908539e-01
1.194199852389795646e-01
1.193331107382747946e-01
1.192459686903168531e-01
1.191585576911708411e-01
1.190708832433960696e-01
1.189829405671322254e-01
1.188947390433145457e-01
1.188062818180661562e-01
1.187175640356188111e-01
1.186285987370088446e-01
1.185393781781151484e-01
1.184499162922946908e-01
1.183602054796397823e-01
1.182702621037977353e-01
1.181800739787581822e-01
1.180896563359445234e-01
1.179990048663474150e-01
1.179081191040226712e-01
1.178170275237810927e-01
1.177257079917491261e-01
1.176341782954876541e-01
1.175424395063697919e-01
1.174504808896955216e-01
1.173583310668963736e-01
1.172659723875181248e-01
1.171734131770480331e-01
1.170806697643793221e-01
1.169877403639896091e-01
1.168946202781603189e-01
1.168013195423898837e-01
1.167078324526912986e-01
1.166141798363330984e-01
1.165203625039672869e-01
1.164263718713432760e-01
1.163322210054357347e-01
1.162379024509780645e-01
1.161434352713304891e-01
1.160487788120874164e-01
1.159540230880631434e-01
1.158591026064384466e-01
1.157640499569091291e-01
1.156688548926271404e-01
1.155735210772724092e-01
1.154780564171591917e-01
1.153824808224715170e-01
1.152867711318363575e-01
1.151909356499664638e-01
1.150949830739340235e-01
1.149989163097720341e-01
1.149027563740894348e-01
1.148064751814737439e-01
1.147100908052688661e-01
1.146136024324787561e-01
1.145170110384861606e-01
1.144203370351073584e-01
1.143235631570385658e-01
1.142267174507292926e-01
1.141297686451762383e-01
1.140327324241376533e-01
1.139355804248171206e-01
1.138383637921935032e-01
1.137410949727356846e-01
1.136437577515315156e-01
1.135463544008182418e-01
1.134488805644951886e-01
1.133513441749728484e-01
1.132537402516660130e-01
1.131560755895366921e-01
1.130583735445069571e-01
1.129605978414103401e-01
1.128627707134147173e-01
1.127648854500951370e-01
1.126669781889752808e-01
1.125690055193179634e-01
1.124709888031071026e-01
1.123729369877845552e-01
1.122748410778105221e-01
1.121766627670780642e-01
1.120784580049100504e-01
1.119802095610323567e-01
1.118819401822790799e-01
1.117836744510230934e-01
1.116853907629556664e-01
1.115870779630551285e-01
1.114887039591711537e-01
1.113903000543364913e-01
1.112918857319498550e-01
1.111934458926053942e-01
1.110950041953017997e-01
1.109965488382510662e-01
1.108980817576409178e-01
1.107996048706239717e-01
1.107011200480609026e-01
1.106026291739366646e-01
1.105041341012268086e-01
1.104056366934052652e-01
1.103070845897638069e-01
1.102085855504531531e-01
1.101100915049270518e-01
1.100115483453565635e-01
1.099130642492467669e-01
1.098145360650285424e-01
1.097160710845722364e-01
1.096175651243979782e-01
1.095191264668235742e-01
1.094206499067656851e-01
1.093222448308435596e-01
1.092238048390674066e-01
1.091254405215419110e-01
1.090270442473821877e-01
1.089286724232795961e-01
1.088303269421075220e-01
1.087320095784960611e-01
1.086337221185725010e-01
1.085354663478323295e-01
1.084372440513145519e-01
1.083390570143653309e-01
1.082409070207930452e-01
1.081427958547506729e-01
1.080447252997769336e-01
1.079466971385383417e-01
1.078487131536677024e-01
1.077507751251841478e-01
1.076528848328359711e-01
1.075550440545582909e-01
1.074572545660995720e-01
1.073595181420349820e-01
1.072618365521637029e-01
1.071642115644614313e-01
1.070666449440827728e-01
1.069691384500783687e-01
1.068716938400247202e-01
1.067743128628116933e-01
1.066769972640919661e-01
1.065797487829433093e-01
1.064825691515721151e-01
1.063854600944010714e-01
1.062884233296134268e-01
1.061914605633086095e-01
1.060945734947631308e-01
1.059977638130753935e-01
1.059010331945027528e-01
1.058043833051985905e-01
1.057078157996785284e-01
1.056113323171137680e-01
1.055149344848308607e-01
1.054186239136108566e-01
1.053224021996628512e-01
1.052262709223651255e-01
1.051302316444219787e-01
1.050342859100887316e-01
1.049384352429609812e-01
1.048426811489092253e-01
1.047470251124801716e-01
1.046514685958506163e-01
1.045560130382167802e-01
1.044606598568968286e-01
1.043654104442249264e-01
1.042702661658913427e-01
1.041752283626849185e-01
1.040802983490252132e-01
1.039854774101522938e-01
1.038907668021177844e-01
1.037961677522099557e-01
1.037016814569190898e-01
1.036073090812204417e-01
1.035130517575905823e-01
1.034189105867106412e-01
1.033248866328073390e-01
1.032309809272295847e-01
1.031371944655227330e-01
1.030435282069094155e-01
1.029499830736240185e-01
1.028565599502278133e-01
1.027632596828890188e-01
1.026700830787401764e-01
1.025770309050110934e-01
1.024841038896240758e-01
1.023913027184742003e-01
1.022986280360963784e-01
1.022060521067558320e-01
1.021136045754960503e-01
1.020212847562979724e-01
1.019290932121929005e-01
1.018370303428502571e-01
1.017450965670838869e-01
1.016532921745353923e-01
1.015616174831578677e-01
1.014700726898944833e-01
1.013786580167451989e-01
1.012873735687221805e-01
1.011962194713341978e-01
1.011051957365032283e-01
1.010143023935663881e-01
1.009235393594927616e-01
1.008329065649282985e-01
1.007424038338492617e-01
1.006520309991551232e-01
1.005617877890245399e-01
1.004716739375288437e-01
1.003816890792231381e-01
1.002918328498378364e-01
1.002020745509479283e-01
1.001124771196543611e-01
1.000229714477081505e-01
9.993362636986492797e-02
9.984437384074165700e-02
9.975524660907850172e-02
9.966624416604236147e-02
9.957736456974838890e-02
9.948860811089847711e-02
9.939997366943577328e-02
9.931145984332473420e-02
9.922306649579393234e-02
9.913479118945318913e-02
9.904663415197323406e-02
9.895859462646686144e-02
9.887066988690279556e-02
9.878286013699465185e-02
9.869516432272124051e-02
9.860757940717697345e-02
9.852010557545266833e-02
9.843274193449624843e-02
9.834548607534115972e-02
9.825833743370512852e-02
9.817129297786324205e-02
9.808435297952246279e-02
9.799751535020585769e-02
9.791077809808565457e-02
9.782414045489780385e-02
9.773759914252412584e-02
9.765115455309990311e-02
9.756480358012017962e-02
9.747854577044613722e-02
9.739237673521677907e-02
9.730629665661467975e-02
9.722030398484406144e-02
9.713439770258910921e-02
9.704857311950002008e-02
9.696283071566719203e-02
9.687716848228423994e-02
9.679158208566045196e-02
9.670607214861989820e-02
9.662063611604311542e-02
9.653527046710912163e-02
9.644997566888646734e-02
9.636474213235045327e-02
9.627957814408991122e-02
9.619447883512081965e-02
9.610943454352340043e-02
9.602445257649261379e-02
9.593952832498392480e-02
9.585465885119778817e-02
9.576984024852366884e-02
9.568507322106294122e-02
9.560033993134131602e-02
9.551564538329970766e-02
9.543099086736013537e-02
9.534637774894828832e-02
9.526180195283069640e-02
9.517726275956857329e-02
9.509275621650668808e-02
9.500828144068217129e-02
9.492383455597523667e-02
9.483941455755698358e-02
9.475501761665136580e-02
9.467064263281653458e-02
9.458628580041726630e-02
9.450194594770899847e-02
9.441761927391882636e-02
9.433330455281936644e-02
9.424899797470157048e-02
9.416469827514221957e-02
9.408040162111651339e-02
9.399610672243764731e-02
9.391180971363047303e-02
9.382748748032301855e-02
9.374317750161402507e-02
9.365883963720363081e-02
9.357450810413300846e-02
9.349014309203483586e-02
9.340578020279589888e-02
9.332137857668829084e-02
9.323697272873922304e-02
9.315252239850503602e-02
9.306804230535632716e-02
9.298352912135465775e-02
9.289898818948728876e-02
9.281442627844910254e-02
9.272980870523876706e-02
9.264514763850852097e-02
9.256045342203104986e-02
9.247570650292841199e-02
9.239090459943000155e-02
9.230604602485689703e-02
9.222113959756138291e-02
9.213619005319159672e-02
9.205116046357440796e-02
9.196606451281244543e-02
9.188090022612051266e-02
9.179566814615619519e-02
9.171037142904228667e-02
9.162499780267524541e-02
9.153954080534094928e-02
9.145400044653687055e-02
9.136837285419097121e-02
9.128266183712792359e-02
9.119686087484839276e-02
9.111096708970525815e-02
9.102497744128601465e-02
9.093889161596424575e-02
9.085270159725693240e-02
9.076640592745283120e-02
9.067999956969476083e-02
9.059349023802457102e-02
9.050686503291233143e-02
9.042012273856014914e-02
9.033325907330060078e-02
9.024627692246843524e-02
9.015916941980066379e-02
9.007194696010274726e-02
8.998458313616269910e-02
8.989708397889793756e-02
8.980944538961366241e-02
8.972167124298155438e-02
8.963375094563438839e-02
8.954568976419613469e-02
8.945749434268797373e-02
8.936913839682472660e-02
8.928062488880558756e-02
8.919196578010889220e-02
8.910313796024516009e-02
8.901414675280962252e-02
8.892499393155404996e-02
8.883567160617229785e-02
8.874618042500855009e-02
8.865651327289529593e-02
8.856667704168279254e-02
8.847665804061362327e-02
8.838646444755492160e-02
8.829608459275557764e-02
8.820552328652216112e-02
8.811477172178222572e-02
8.802383267044129600e-02
8.793269712096082880e-02
8.784137216244848612e-02
8.774984740709454445e-02
8.765812520251009543e-02
8.756619783802180312e-02
8.747407347294046398e-02
8.738174183527289141e-02
8.728919520539901722e-02
8.719645014790106119e-02
8.710348796524744475e-02
8.701030758857628000e-02
8.691691691836202216e-02
8.682330652243155922e-02
8.672947533487387894e-02
8.663542627135922825e-02
8.654115256281592894e-02
8.644665373590272595e-02
8.635193091722216663e-02
8.625697664344258997e-02
8.616179835403123266e-02
8.606638806363350880e-02
8.597074122999730228e-02
8.587486763631778375e-02
8.577875818476568548e-02
8.568241295412237779e-02
8.558583294738737746e-02
8.548901017529030033e-02
8.539195520142740803e-02
8.529465924091865492e-02
8.519712403531683187e-02
8.509934439012074858e-02
8.500132863093094737e-02
8.490306959483015503e-02
8.480456367702325637e-02
8.470582034718286690e-02
8.460683194271820251e-02
8.450760077913457846e-02
8.440812090186324002e-02
8.430840279058633702e-02
8.420843852376380667e-02
8.410823209513608456e-02
8.400777908726755894e-02
8.390708507189430232e-02
8.380614599149247002e-02
8.370496078555542119e-02
8.360353649936716480e-02
8.350186821479398114e-02
8.339995380741756226e-02
8.329780238308666374e-02
8.319540765896603352e-02
8.309277500218358037e-02
8.298990123261298923e-02
8.288678878182335896e-02
8.278343813617632108e-02
8.267985151416941403e-02
8.257602371250678808e-02
8.247196789420187246e-02
8.236767020570828768e-02
8.226314835681304560e-02
8.215839349750539422e-02
8.205340945193109747e-02
8.194819485165971695e-02
8.184275688292631801e-02
8.173709225591276051e-02
8.163120437604463875e-02
8.152509333582930173e-02
8.141876447771397018e-02
8.131221566245876164e-02
8.120545138306749233e-02
8.109846780805546329e-02
8.099127771489857130e-02
8.088387694301651942e-02
8.077626721894738682e-02
8.066844822919429225e-02
8.056042818359195057e-02
8.045220587133793122e-02
8.034377939862259732e-02
8.023515871550304657e-02
8.012633902939923780e-02
8.001733137520854189e-02
7.990813176320119005e-02
7.979874570715139726e-02
7.968917114766999044e-02
7.957941689690591069e-02
7.946948004457271564e-02
7.935936861700575162e-02
7.924907840762650257e-02
7.913861601946926838e-02
7.902798968187707551e-02
7.891719235992505910e-02
7.880623598589089895e-02
7.869511430437574340e-02
7.858383932205713351e-02
7.847240803377690532e-02
7.836082339739222635e-02
7.824909141043760730e-02
7.813721064099701796e-02
7.802518889750630071e-02
7.791302372159700229e-02
7.780072501489990189e-02
7.768828990609663587e-02
7.757572569172309362e-02
7.746303010484101303e-02
7.735021378462299257e-02
7.723727531143440017e-02
7.712421439351567487e-02
7.701104156271566803e-02
7.689775285228502011e-02
7.678435722337660641e-02
7.667085514934991741e-02
7.655725053382299305e-02
7.644354428088359632e-02
7.632974294948191574e-02
7.621584714216798895e-02
7.610186216629609424e-02
7.598778334914180199e-02
7.587362775254700986e-02
7.575938979351494462e-02
7.564507471493535362e-02
7.553068294085774070e-02
7.541622074003082044e-02
7.530169132683653399e-02
7.518709429258539634e-02
7.507243762669579823e-02
7.495771972132973804e-02
7.484294782618088060e-02
7.472812335911425963e-02
7.461324890927865938e-02
7.449832841189782395e-02
7.438336320605633267e-02
7.426835853842331248e-02
7.415331640560077209e-02
7.403824001395974130e-02
7.392313206516432089e-02
7.380799604701049343e-02
7.369283411635139946e-02
7.357765037498290028e-02
7.346244632234470717e-02
7.334722642251577385e-02
7.323199269065752692e-02
7.311674846832996733e-02
7.300149604164771211e-02
7.288623895511883721e-02
7.277097930950066074e-02
7.265572064118887285e-02
7.254046511906905859e-02
7.242521602231868916e-02
7.230997568496806693e-02
7.219474713762816243e-02
7.207953286127258274e-02
7.196433566881495214e-02
7.184915813642790694e-02
7.173400292604094342e-02
7.161887263115451763e-02
7.150376982985152952e-02
7.138869707158766731e-02
7.127365687216001555e-02
7.115865169856708250e-02
7.104368391136142713e-02
7.092876393293240378e-02
7.081388005008133757e-02
7.069904103001063700e-02
7.058424935705229220e-02
7.046950735515745967e-02
7.035481732250428721e-02
7.024018157446607069e-02
7.012560238793151546e-02
7.001108201747476001e-02
6.989662269237847947e-02
6.978222661323450760e-02
6.966789595869046781e-02
6.955363287522686733e-02
6.943943949160112650e-02
6.932531789854440296e-02
6.921127017646383495e-02
6.909729836014273652e-02
6.898340448298979910e-02
6.886959051915655938e-02
6.875585846173996873e-02
6.864221021551934754e-02
6.852864774633957157e-02
6.841517286284419519e-02
6.830178754141266739e-02
6.818849341336405412e-02
6.807529258093279745e-02
6.796218667420617088e-02
6.784917749530691711e-02
6.773626668847043675e-02
6.762345610733501433e-02
6.751074696818788745e-02
6.739814001307117830e-02
6.728564011987457627e-02
6.717324684275939595e-02
6.706096188586446738e-02
6.694878685568950161e-02
6.683672279382567305e-02
6.672477159856518569e-02
6.661293551455646500e-02
6.650121530064451170e-02
6.638961172556692714e-02
6.627812786153847169e-02
6.616676404087586116e-02
6.605552174020870582e-02
6.594440237657800408e-02
6.583340732400437545e-02
6.572253777115336093e-02
6.561179511549627974e-02
6.550118051568518118e-02
6.539069535838558378e-02
6.528034066614528397e-02
6.517011796170321669e-02
6.506002804007503248e-02
6.495007221988451096e-02
6.484025163762996424e-02
6.473056737374235925e-02
6.462102054082113911e-02
6.451161225475703087e-02
6.440234307855932649e-02
6.429321485813152548e-02
6.418422842824618446e-02
6.407538456414835215e-02
6.396668436536002977e-02
6.385812857116342223e-02
6.374971846530336217e-02
6.364145466415364882e-02
6.353334375063988959e-02
6.342537531089317837e-02
6.331755601251431997e-02
6.320988639203364845e-02
6.310236761505368108e-02
6.299500580734064548e-02
6.288779086981083344e-02
6.278072876929159662e-02
6.267382901968993059e-02
6.256707586762610962e-02
6.246047746392108940e-02
6.235404299052842159e-02
6.224775815366612175e-02
6.214162948749463872e-02
6.203566503927340076e-02
6.192985298829401658e-02
6.182420839567893955e-02
6.171871597064152587e-02
6.161339097208339000e-02
6.150822042398305239e-02
6.140321779042321598e-02
6.129837087525049494e-02
6.119369284758646721e-02
6.108917163630689373e-02
6.098482025331376094e-02
6.088062675337518881e-02
6.077660396429036133e-02
6.067274005776550350e-02
6.056904769390727972e-02
6.046551515527764931e-02
6.036215493817102817e-02
6.025895542820447481e-02
6.015592897032615710e-02
6.005306404520496105e-02
5.995037285332426719e-02
5.984784396156169611e-02
5.974548943955140107e-02
5.964329792998080554e-02
5.954128138045539087e-02
5.943942849951654173e-02
5.933775112729457180e-02
5.923623802560577800e-02
5.913490093850954504e-02
5.903372867026623894e-02
5.893273288394999809e-02
5.883190241128893189e-02
5.873124884888752256e-02
5.863076104318164228e-02
5.853045053928725844e-02
5.843030618457922126e-02
5.833033948650745426e-02
5.823053928040673732e-02
5.813091705208928844e-02
5.803146160942920795e-02
5.793218443006447477e-02
5.783307428425978752e-02
5.773414265405203694e-02
5.763537826121763880e-02
5.753679259841395360e-02
5.743838070301036242e-02
5.734014165680800801e-02
5.724207609672028740e-02
5.714418355693891977e-02
5.704646456630058093e-02
5.694891873127223836e-02
5.685154647585419219e-02
5.675434747438213440e-02
5.665732205262827975e-02
5.656046994620413104e-02
5.646379139206187531e-02
5.636728617681768111e-02
5.627095445987168737e-02
5.617479606943730219e-02
5.607881109894967409e-02
5.598299940676158826e-02
5.588736103209223510e-02
5.579189585353608316e-02
5.569660386665254564e-02
5.560148496105129373e-02
5.550653909756010640e-02
5.541176616979990449e-02
5.531716611212604551e-02
5.522273881608320140e-02
5.512848419400349920e-02
5.503440213274900933e-02
5.494049252688633367e-02
5.484675525535041840e-02
5.475319019867413289e-02
5.465979722589676959e-02
5.456657620404348902e-02
5.447352699348198546e-02
5.438064944927012423e-02
5.428794342237604903e-02
5.419540875655801115e-02
5.410304529287052189e-02
5.401085286509763050e-02
5.391883130451124995e-02
5.382698043612162142e-02
5.373530008157963167e-02
5.364379005749938395e-02
5.355245017606211771e-02
5.346128024482635355e-02
5.337028006861888746e-02
5.327944944672832056e-02
5.318878817531921821e-02
5.309829604595104474e-02
5.300797284810271348e-02
5.291781836554348278e-02
5.282783237981376889e-02
5.273801466817252398e-02
5.264836500593890467e-02
5.255888316301730867e-02
5.246956890899320131e-02
5.238042200697100303e-02
5.229144221966943590e-02
5.220262930565688908e-02
5.211398302155000051e-02
5.202550312033563107e-02
5.193718935321118418e-02
5.184904146791222829e-02
5.176105921098506091e-02
5.167324232485860647e-02
5.158559055116274800e-02
5.149810362833229932e-02
5.141078129346184772e-02
5.132362328075695812e-02
5.123662932321776387e-02
5.114979915122494503e-02
5.106313249396095266e-02
5.097662907814495131e-02
5.089028862959658200e-02
5.080411087171378404e-02
5.071809552704868024e-02
5.063224231641699075e-02
5.054655095924966840e-02
5.046102117311884738e-02
5.037565267513160333e-02
5.029044518049785584e-02
5.020539840412730631e-02
5.012051205894026834e-02
5.003578585768306969e-02
4.995121951135975819e-02
4.986681273097621353e-02
4.978256522562062025e-02
4.969847670511647747e-02
4.961454687660567242e-02
4.953077544870567589e-02
4.944716212741191719e-02
4.936370661981431124e-02
4.928040863155439683e-02
4.919726786840584315e-02
4.911428403552749872e-02
4.903145683793998927e-02
4.894878597966294265e-02
4.886627116594435827e-02
4.878391209970167619e-02
4.870170848590067020e-02
4.861966002797129399e-02
4.853776643047291728e-02
4.845602739678239040e-02
4.837444263149909274e-02
4.829301183813244913e-02
4.821173472157895545e-02
4.813061098592959219e-02
4.804964033601035606e-02
4.796882247624163764e-02
4.788815711256491636e-02
4.780764394989138466e-02
4.772728269483940411e-02
4.764707305301305040e-02
4.756701473231196575e-02
4.748710743878738205e-02
4.740735088111949075e-02
4.732774476693246690e-02
4.724828880585967700e-02
4.716898270688765077e-02
4.708982618068435766e-02
4.701081893724978061e-02
4.693196068933234988e-02
4.685325114781891537e-02
4.677469002663420250e-02
4.669627703906939487e-02
4.661801190008216245e-02
4.653989432417943856e-02
4.646192402852454550e-02
4.638410072953867702e-02
4.630642414574868276e-02
4.622889399502210644e-02
4.615150999827075801e-02
4.607427187502767529e-02
4.599717934822225573e-02
4.592023213960252925e-02
4.584342997335143916e-02
4.576677257309229307e-02
4.569025966607472011e-02
4.561389097736522069e-02
4.553766623599969643e-02
4.546158516937116867e-02
4.538564750929740405e-02
4.530985298460868393e-02
4.523420132945850380e-02
4.515869227507220834e-02
4.508332555739480441e-02
4.500810091014242204e-02
4.493301807196941472e-02
4.485807677800658644e-02
4.478327676978448302e-02
4.470861778471054565e-02
4.463409956677238943e-02
4.455972185504671057e-02
4.448548439620390177e-02
4.441138693153443007e-02
4.433742921051475605e-02
4.426361097636245800e-02
4.418993198115859361e-02
4.411639197027222847e-02
4.404299069818829598e-02
4.396972791266329922e-02
4.389660337076653485e-02
4.382361682227859517e-02
4.375076802721623859e-02
4.367805673689026391e-02
4.360548271415840699e-02
4.353304571248156618e-02
4.346074549750178484e-02
4.338858182445724104e-02
4.331655446230851109e-02
4.324466316747487687e-02
4.317290771172480057e-02
4.310128785317568489e-02
4.302980336728703947e-02
4.295845401335027930e-02
4.288723956981768670e-02
4.281615979737045385e-02
4.274521447830554460e-02
4.267440337325996425e-02
4.260372626879518204e-02
4.253318292610885898e-02
4.246277313608544379e-02
4.239249665957831037e-02
4.232235329246693267e-02
4.225234279454905678e-02
4.218246496737662610e-02
4.211271956924039772e-02
4.204310640772257468e-02
4.197362523884518720e-02
4.190427587701017059e-02
4.183505807535263521e-02
4.176597165589673172e-02
4.169701636672252382e-02
4.162819204020475061e-02
4.155949841762807129e-02
4.149093534235822472e-02
4.142250254769654777e-02
4.135419989056821760e-02
4.128602709306376795e-02
4.121798402821362506e-02
4.115007040392145571e-02
4.108228611309525102e-02
4.101463084563673062e-02
4.094710451853224298e-02
4.087970679824557557e-02
4.081243763182666739e-02
4.074529665567538234e-02
4.067828385416708686e-02
4.061139882578640448e-02
4.054464160107044968e-02
4.047801172967000621e-02
4.041150930074734887e-02
4.034513380201809607e-02
4.027888539511309540e-02
4.021276349021680324e-02
4.014676833953099988e-02
4.008089925481470722e-02
4.001515660188365020e-02
3.994953956930197975e-02
3.988404866363393086e-02
3.981868292087836075e-02
3.975344301905227307e-02
3.968832780962289197e-02
3.962334104527054368e-02
3.955847965073701344e-02
3.949374253268398555e-02
3.942913013288084495e-02
3.936464160766588172e-02
3.930027755000486955e-02
3.923603725543469561e-02
3.917192040399009728e-02
3.910792745833865242e-02
3.904405748368539042e-02
3.898031099759830670e-02
3.891668709357799100e-02
3.885318641121870281e-02
3.878980811221385133e-02
3.872655220149760769e-02
3.866341863626918118e-02
3.860040701621458847e-02
3.853751753776515215e-02
3.847474946577549709e-02
3.841210338277257358e-02
3.834957837386973600e-02
3.828717468385266914e-02
3.822489184758998820e-02
3.816273016075955732e-02
3.810068878573412421e-02
3.803876836871736278e-02
3.797696801878146233e-02
3.791528783801189489e-02
3.785372764193942197e-02
3.779228727705447738e-02
3.773096654290256785e-02
3.766976531687832308e-02
3.760868335011858382e-02
3.754772060152719582e-02
3.748687669607180667e-02
3.742615179721637403e-02
3.736554524015767154e-02
3.730505756214361202e-02
3.724468779118886991e-02
3.718443649124998640e-02
3.712430275266343643e-02
3.706428725146906911e-02
3.700438904174103288e-02
3.694460844177997055e-02
3.688494490565714240e-02
3.682539884110615919e-02
3.676596933647107573e-02
3.670665706525724770e-02
3.664746107667034986e-02
3.658838173255047482e-02
3.652941841933935591e-02
3.647057162372550204e-02
3.641184039418204205e-02
3.635322536578430852e-02
3.629472558008416810e-02
3.623634163829494992e-02
3.617807260537005132e-02
3.611991913375704050e-02
3.606188026635463728e-02
3.600395651951108361e-02
3.594614705212804961e-02
3.588845251654896457e-02
3.583087199157186653e-02
3.577340573811310653e-02
3.571605331624816415e-02
3.565881499871922239e-02
3.560169001089061314e-02
3.554467897165142221e-02
3.548778096407121524e-02
3.543099627196409640e-02
3.537432441198740812e-02
3.531776572173970369e-02
3.526131936293253749e-02
3.520498598009565855e-02
3.514876468084670441e-02
3.509265566763185296e-02
3.503665859836092855e-02
3.498077360469475927e-02
3.492500008378186804e-02
3.486933852062584077e-02
3.481378799492564069e-02
3.475834907143227764e-02
3.470302085545570736e-02
3.464780397553076513e-02
3.459269752670248582e-02
3.453770190854412586e-02
3.448281643107450889e-02
