4.518636874000000248e+00
4.388872272000000407e+00
4.632047998000000000e+00
4.231651549000000401e+00
4.273161380000000342e+00
4.213053917999999953e+00
4.553816439000000216e+00
4.328654929999999901e+00
4.245538659000000159e+00
4.224440114000000079e+00
4.264575493000000606e+00
4.534998072000000491e+00
4.271620131000000598e+00
2.577408313000000284e+00
2.597959342000000227e+00
2.655645142000000014e+00
2.656595468000000348e+00
2.658194356000000091e+00
2.609997692000000313e+00
2.616165611000000002e+00
2.600924539000000202e+00
2.685878810000000172e+00
2.603514035999999976e+00
2.659830836000000254e+00
2.582464669000000157e+00
2.643696954000000154e+00
4.067158185000000259e+00
4.528809064999999912e+00
4.528902768000000023e+00
4.307802899000000352e+00
4.306761717000000544e+00
4.465125782000000321e+00
4.609897797000000352e+00
4.344691354000000061e+00
4.496078744000000071e+00
4.324181234000000096e+00
4.447488872000000093e+00
4.453705649000000655e+00
4.544072611999999900e+00
4.429094296000000597e+00
4.395058513000000389e+00
4.453895701000000429e+00
4.317206330000000314e+00
4.448725760000000307e+00
4.527822332000000394e+00
4.537042475000000685e+00
4.470940940000000197e+00
4.384243968999999908e+00
4.441178747000000371e+00
4.388693520000000348e+00
4.522486791000000395e+00
4.439230157999999982e+00
4.437792159000000680e+00
4.432867976000000709e+00
4.383041612000000420e+00
4.446146574000000129e+00
4.518019655999999884e+00
4.388358991000000486e+00
4.347929519000000020e+00
4.426386645000000009e+00
4.454991116000000417e+00
4.300617426000000521e+00
4.444036875000000109e+00
4.451744775999999959e+00
4.435611784999999863e+00
4.418322146000000394e+00
4.406788163999999952e+00
4.485797866000000411e+00
4.402993614000000555e+00
4.398469636000000627e+00
4.412314799000000676e+00
4.427273128000000391e+00
4.410605753000000462e+00
4.399828005000000708e+00
4.336506870000000013e+00
4.402879988000000466e+00
4.347561862000000055e+00
4.377675906000000339e+00
4.369322723000000686e+00
4.386967529000000532e+00
4.365441888000000326e+00
4.496885160000000603e+00
4.418096272000000546e+00
4.367999396000000090e+00
4.542077609000000571e+00
4.310580791000000467e+00
4.347602285000000677e+00
4.462543132000000412e+00
4.273263535999999974e+00
4.372583807000000711e+00
4.339398764000000241e+00
4.434446729000000254e+00
4.329949259000000161e+00
4.552781610000000256e+00
4.412785176999999948e+00
4.364867472000000248e+00
4.411130415000000582e+00
4.413718923000000238e+00
4.377436544000000040e+00
4.458857748000000676e+00
4.392416985000000551e+00
4.566953983000000328e+00
4.319935517000000225e+00
4.376397324000000033e+00
4.426804992000000105e+00
4.477393010000000118e+00
4.441924318999999954e+00
4.338524478000000073e+00
4.368155915000000000e+00
4.386299580000000198e+00
4.426595189000000374e+00
4.393920261999999965e+00
4.458008891000000418e+00
4.431752839000000499e+00
4.302463626000000652e+00
4.344919220000000415e+00
4.402442932000000475e+00
4.429572552000000663e+00
4.487710015000000219e+00
4.320708003000000019e+00
4.391406428999999889e+00
4.391081449000000525e+00
4.376745196999999976e+00
4.403070714000000052e+00
4.358064050000000300e+00
4.414486865999999843e+00
4.383554897000000672e+00
4.424628185000000435e+00
4.425811359999999972e+00
4.438321747999999900e+00
4.518737198000000177e+00
4.368983282000000301e+00
4.432394350000000038e+00
4.407629592000000152e+00
4.384416045000000040e+00
4.552297547000000222e+00
4.428288872000000431e+00
4.414091072000000615e+00
4.425630638000000339e+00
4.401435611000000137e+00
4.432660069000000647e+00
4.321290150000000274e+00
4.548782034000000252e+00
4.396174375000000190e+00
4.366660031000000330e+00
4.421230798999999934e+00
4.476975209999999983e+00
4.425409246000000074e+00
4.346293779000000690e+00
4.436532892999999866e+00
4.345579400000000092e+00
4.362405965999999857e+00
4.390235133000000012e+00
4.235167761000000475e+00
4.377798203000000221e+00
4.404970751000000462e+00
4.424655741000000475e+00
4.421825025000000409e+00
4.354777889000000179e+00
4.402501614000000174e+00
4.343484362999999959e+00
4.437522057999999880e+00
4.420879571000000396e+00
4.507553721999999929e+00
4.428110934000000221e+00
4.349727361000000236e+00
4.396790831000000566e+00
4.430771279000000007e+00
4.348296584999999936e+00
4.369477765000000069e+00
4.333746699999999841e+00
4.319959129999999980e+00
4.267998526000000403e+00
4.350648851999999955e+00
4.477036846999999931e+00
4.412194483000000389e+00
4.402530672000000145e+00
4.316871966999999977e+00
4.396225221999999988e+00
4.372358498000000537e+00
4.415262080999999839e+00
4.311805147000000282e+00
4.412836590000000392e+00
4.399912473000000546e+00
4.308982980000000573e+00
4.490846231999999993e+00
4.367448421999999830e+00
4.349275386000000410e+00
4.427042259000000257e+00
4.435726629000000365e+00
4.518902119999999911e+00
4.304341061000000579e+00
4.393019841000000092e+00
4.378576236000000677e+00
4.394923762000000345e+00
4.384789643000000403e+00
4.410755642000000698e+00
4.407473526000000419e+00
4.314270059000000046e+00
4.381887286000000437e+00
4.366537334000000214e+00
4.412226357000000654e+00
4.394547418000000150e+00
4.385643723000000271e+00
4.371477317000000085e+00
4.325230909000000068e+00
4.443643623000000709e+00
4.455739190000000072e+00
4.419985000000000497e+00
4.402195983000000368e+00
4.362816140000000509e+00
4.414794727000000307e+00
4.496493961000000539e+00
4.427134339000000196e+00
4.351080528999999864e+00
4.432550521000000465e+00
4.430866348000000343e+00
4.343849120000000674e+00
4.436032153000000200e+00
4.433370469000000647e+00
4.335377771000000102e+00
4.404638244000000036e+00
4.429751969999999872e+00
4.484482518000000084e+00
4.274155848000000368e+00
4.435526158000000052e+00
4.371113568000000171e+00
4.409335367000000616e+00
4.443316096000000215e+00
4.351873433000000624e+00
4.331859455000000025e+00
4.408043553000000614e+00
4.404192040999999946e+00
4.426167427000000210e+00
4.511188751000000607e+00
4.417542037000000477e+00
4.326677743000000298e+00
4.424998492000000283e+00
4.353318006000000295e+00
4.404230271000000307e+00
4.359905906999999914e+00
4.388935325000000276e+00
4.413028430999999863e+00
4.229427982000000696e+00
4.353245038999999927e+00
4.441442183000000377e+00
4.404876012999999979e+00
4.409782339000000384e+00
4.402460209000000013e+00
4.364884207000000238e+00
4.251464308000000081e+00
4.310087310000000116e+00
4.330456920000000487e+00
4.388120665999999837e+00
4.372158237999999919e+00
4.424865346999999893e+00
4.433200427000000055e+00
4.273375204000000593e+00
4.382719587000000416e+00
4.395767183000000244e+00
4.427232424000000499e+00
4.393417088000000525e+00
4.437755221999999833e+00
4.421386097000000071e+00
4.350019704000000154e+00
4.423286973000000621e+00
4.426806971000000424e+00
4.483653933000000258e+00
4.430904234999999858e+00
4.387811968000000284e+00
4.397720024999999922e+00
4.334536207000000196e+00
4.468137703000000016e+00
4.437775762000000235e+00
4.485630190000000184e+00
4.354611065000000281e+00
4.363476595999999930e+00
4.378476374999999976e+00
4.400497912000000511e+00
4.402858444000000482e+00
4.483565089999999920e+00
4.408082091000000702e+00
4.427486476000000337e+00
4.404861084000000204e+00
4.442987845000000213e+00
4.357268523000000116e+00
4.543690750000000556e+00
4.447814771000000000e+00
4.450626305000000116e+00
4.414219198000000510e+00
4.311073180000000171e+00
4.447291568000000694e+00
4.457424507000000702e+00
4.436768247000000720e+00
4.488917435000000289e+00
4.392048481999999865e+00
4.406293717000000498e+00
4.345559667999999931e+00
4.561140913000000019e+00
4.404206992999999848e+00
4.438788279000000614e+00
4.401191694000000432e+00
4.424974841000000048e+00
4.416316068000000428e+00
4.343119881000000682e+00
4.531258349999999879e+00
4.384889568000000182e+00
4.405629148000000050e+00
4.406455795000000286e+00
4.427157884000000543e+00
4.496020028000000224e+00
4.311543390000000642e+00
4.449430833000000085e+00
4.413636706000000132e+00
4.427607817000000168e+00
4.383115671000000546e+00
4.449621783000000441e+00
4.376140798000000665e+00
4.308443060000000102e+00
4.443516116000000515e+00
4.394145520000000360e+00
4.448812411000000466e+00
4.457339893000000330e+00
4.393735058999999943e+00
4.445268545000000238e+00
4.353182826000000283e+00
4.447807677000000126e+00
4.455523132000000608e+00
4.456456075000000183e+00
4.432452689999999862e+00
4.449217008999999834e+00
4.406728339999999911e+00
4.340669054000000138e+00
4.365355082000000664e+00
4.342227966000000272e+00
4.424253628000000660e+00
4.416932608000000648e+00
4.425845923000000681e+00
4.451117970000000312e+00
4.286318590000000484e+00
4.340832501000000399e+00
4.331867448000000564e+00
4.368139075000000204e+00
4.526180008999999949e+00
4.399789605000000492e+00
4.434129094000000215e+00
4.297329159000000232e+00
4.337599073000000693e+00
4.414836570000000293e+00
4.416849555000000649e+00
4.412161109000000359e+00
4.368327726000000411e+00
4.460763036000000348e+00
4.352203789999999906e+00
4.540451460999999966e+00
4.393858326000000147e+00
4.441826415000000416e+00
4.438941674000000503e+00
4.385916298000000602e+00
4.472264237000000087e+00
4.300484016000000409e+00
4.462172354000000674e+00
4.392400172000000325e+00
4.484367416000000439e+00
4.448210880000000422e+00
4.398636108000000711e+00
4.440986129000000560e+00
4.352130614000000008e+00
4.437841800000000170e+00
4.486884692000000285e+00
4.522565648000000493e+00
4.452127726000000507e+00
4.447774719999999959e+00
4.413745410000000646e+00
4.292720286000000662e+00
4.526725123000000295e+00
4.373608556000000647e+00
4.448519110000000332e+00
4.461879182000000554e+00
4.292122915000000205e+00
4.423297880000000681e+00
4.577230001000000215e+00
4.455900651000000323e+00
4.441865939000000374e+00
4.446938273000000663e+00
4.410319377000000429e+00
4.435141644999999855e+00
4.465275161000000104e+00
4.442288314999999876e+00
4.453150937000000198e+00
4.461829153000000048e+00
4.347202800999999894e+00
4.427845847000000390e+00
4.492239877000000270e+00
4.422605402000000296e+00
4.439151101000000210e+00
4.419229939000000051e+00
4.521438300000000687e+00
4.322487671000000198e+00
4.493383314999999989e+00
4.412235257999999938e+00
4.454716037999999934e+00
4.422922639000000267e+00
4.306732442000000383e+00
4.443222271999999862e+00
4.450401820000000619e+00
4.435658333000000120e+00
4.436962810999999896e+00
4.547048239000000436e+00
4.444154670000000529e+00
4.368064462000000425e+00
4.466581698000000600e+00
4.433365481000000052e+00
4.422579397000000689e+00
4.439537724000000019e+00
4.340509407999999958e+00
4.448561221000000288e+00
4.383430581000000714e+00
4.438541547000000698e+00
4.602908113000000689e+00
4.439603038000000446e+00
4.454538594000000629e+00
4.283312184000000578e+00
4.357638210000000178e+00
4.473380833000000223e+00
4.436275425000000716e+00
4.418096150000000222e+00
4.326795328000000218e+00
4.440994627000000250e+00
4.453133170000000085e+00
4.562888351000000675e+00
4.442429125000000312e+00
4.446054992000000539e+00
4.454804669000000494e+00
4.358325619000000373e+00
4.446142797000000257e+00
4.430803476000000352e+00
4.438226300000000180e+00
4.437758155000000038e+00
4.355166248000000628e+00
4.447243274999999940e+00
4.465609235000000510e+00
4.358102763999999851e+00
4.427022326000000341e+00
4.440532466000000511e+00
4.452634621000000514e+00
4.404366890000000367e+00
4.386604276999999996e+00
4.359045453000000236e+00
4.445795042000000308e+00
4.450699080000000585e+00
4.363359661000000500e+00
4.479275086000000350e+00
4.411355278000000268e+00
4.410505282999999999e+00
4.315908029000000035e+00
4.430008631999999835e+00
4.524719049999999854e+00
4.358117105000000713e+00
4.432886032999999948e+00
4.402589231000000325e+00
4.449761625999999914e+00
4.426669234000000230e+00
4.431116600000000183e+00
4.448927484000000376e+00
4.325086055999999957e+00
4.460492604000000583e+00
4.409063077999999969e+00
4.576092199000000527e+00
4.443072891999999996e+00
4.296073737000000392e+00
4.425689854999999895e+00
4.495497021000000260e+00
4.454436627999999843e+00
4.421357529000000675e+00
4.364263470000000034e+00
4.453427710000000594e+00
4.394380242000000436e+00
4.492774338000000256e+00
4.560890313999999890e+00
4.447900957999999960e+00
4.444056288000000521e+00
4.299560478000000074e+00
4.436206558000000300e+00
4.529976034000000595e+00
4.417679152999999914e+00
4.421231098000000692e+00
4.408232606000000331e+00
4.435241685000000267e+00
4.378246985000000535e+00
4.570012772000000112e+00
4.428592511000000620e+00
4.432888458999999948e+00
4.450096121000000515e+00
4.263893923000000363e+00
4.427610159000000323e+00
4.570936410999999922e+00
4.450279494000000113e+00
4.435339016000000356e+00
4.344594809000000168e+00
4.438584175999999992e+00
4.460388923000000005e+00
4.466401795000000341e+00
4.439782457000000626e+00
4.439466125000000041e+00
4.415898608000000003e+00
4.336774788000000491e+00
4.459418187000000700e+00
4.522799124000000504e+00
4.449636040000000570e+00
4.414517388000000153e+00
4.305415500000000506e+00
4.580041088000000649e+00
4.400439010000000373e+00
4.477963775000000091e+00
4.442917078000000686e+00
4.437743257000000163e+00
4.409339566999999960e+00
4.351739850000000409e+00
4.429080031999999889e+00
4.470213706000000009e+00
4.411691080000000653e+00
4.432721174000000097e+00
4.494734062000000030e+00
4.416582351000000628e+00
4.356539908000000239e+00
4.586499932000000612e+00
4.454314754000000320e+00
4.510480939000000689e+00
4.442382699000000379e+00
4.460060605999999872e+00
4.438591105000000425e+00
4.392196636000000431e+00
4.461764332000000444e+00
4.467310004000000667e+00
4.463296688000000678e+00
4.441125043000000439e+00
4.402307551000000707e+00
4.601886894000000616e+00
4.524799884000000105e+00
4.447536797000000597e+00
4.426503614000000475e+00
4.435316966000000249e+00
4.417584221000000255e+00
4.598342606000000110e+00
4.441543746999999875e+00
4.313128514999999830e+00
4.435079195000000141e+00
4.426246067000000117e+00
4.430024863999999951e+00
4.505347462000000469e+00
4.324145075000000560e+00
4.418304517000000153e+00
4.366167075999999980e+00
4.441055437000000161e+00
4.551782627000000581e+00
4.443948909000000391e+00
4.407995822000000175e+00
4.387933464000000505e+00
4.435466676999999969e+00
4.349136933000000482e+00
4.434989126000000503e+00
4.407327894000000690e+00
4.451960461000000535e+00
4.437694941000000171e+00
4.318930206000000105e+00
4.503857811000000488e+00
4.440811373999999923e+00
4.437990649000000509e+00
4.434573380999999870e+00
4.435319339000000305e+00
4.514271489000000415e+00
4.245159853000000538e+00
4.433886626000000497e+00
4.426744284999999834e+00
4.427199592000000017e+00
4.422175965000000097e+00
4.404593604000000440e+00
4.418172156999999878e+00
4.328711570000000286e+00
4.425435637000000533e+00
4.409919559000000433e+00
4.525453055000000724e+00
4.432944555000000619e+00
4.328744412000000708e+00
4.398642884000000031e+00
4.394458735000000615e+00
4.413684009999999880e+00
4.401896741999999918e+00
4.414076031000000455e+00
4.391819846999999832e+00
4.332927214000000582e+00
4.455825400000000158e+00
4.431678981000000128e+00
4.421580813000000276e+00
4.389423037000000249e+00
4.450665757000000333e+00
4.535608272000000163e+00
4.365042790000000394e+00
4.451622732000000582e+00
4.416025444000000633e+00
4.457746494000000226e+00
4.418160139000000264e+00
4.577330510000000352e+00
4.448342074000000146e+00
4.342655978000000694e+00
4.430635426000000265e+00
4.450267840000000419e+00
4.438014725000000382e+00
4.557568082000000409e+00
4.438375206999999989e+00
4.396328185000000666e+00
4.308014220000000449e+00
4.423048391000000024e+00
4.542489066999999991e+00
4.446833638000000199e+00
4.388941180999999858e+00
4.373981976000000493e+00
4.431971960000000266e+00
4.423770324000000365e+00
4.445829886000000286e+00
4.522361956000000127e+00
4.449256705000000700e+00
4.449569669000000616e+00
4.409432809000000120e+00
4.463099001000000676e+00
4.323318621000000306e+00
4.382028475000000256e+00
4.394185531999999839e+00
4.344226093000000510e+00
4.451937166000000445e+00
4.326708470999999889e+00
4.401379425000000012e+00
4.362100748000000472e+00
4.441385580000000388e+00
4.567951767000000274e+00
4.433018425000000207e+00
4.458567690000000638e+00
4.309904517000000546e+00
4.351290457000000167e+00
4.338925684000000338e+00
4.395079402000000357e+00
4.451150362999999999e+00
4.448479407999999857e+00
4.459940768000000055e+00
4.288192426000000168e+00
4.417843570000000497e+00
4.397528134999999949e+00
4.428209422000000117e+00
4.441659894000000719e+00
4.486896151000000721e+00
4.518219150000000184e+00
4.465018428000000483e+00
4.424664665999999968e+00
4.314865843999999839e+00
4.443848441000000093e+00
4.574023788999999951e+00
4.445881964999999880e+00
4.394435575000000149e+00
4.421708519000000059e+00
4.446821349000000367e+00
4.334377150999999984e+00
4.450142828000000605e+00
4.385874603000000427e+00
4.427671093999999918e+00
4.443912429000000053e+00
4.440097841000000045e+00
4.352517749000000435e+00
4.437403511000000300e+00
4.450754051000000544e+00
4.348253562000000016e+00
4.422042841000000557e+00
4.455566212999999998e+00
4.552199207000000136e+00
4.449852077000000072e+00
4.441216418999999860e+00
4.447020202000000033e+00
4.411843844999999931e+00
4.432476104000000028e+00
4.386979537000000207e+00
4.433586754000000241e+00
4.456094371999999915e+00
4.591660908000000596e+00
4.424252579000000019e+00
4.489031791000000382e+00
4.443613301000000071e+00
4.349581888000000340e+00
4.601237485000000405e+00
4.338775545999999927e+00
4.446100187999999953e+00
4.339911288000000589e+00
4.433639326000000658e+00
4.566833853000000332e+00
4.437986511000000078e+00
4.448534372000000126e+00
4.443728286999999888e+00
4.429081414000000549e+00
4.387010547000000038e+00
4.416407219999999967e+00
4.362241172000000056e+00
4.440747942000000670e+00
4.516117833000000026e+00
4.471003089999999958e+00
4.434184211000000708e+00
4.448766581000000109e+00
4.435482963000000112e+00
4.301251301000000637e+00
4.588458135999999854e+00
4.419306898000000317e+00
4.434735598000000500e+00
4.456503528000000713e+00
4.400861771000000644e+00
4.400509140000000485e+00
4.486385566000000047e+00
4.404071652999999920e+00
4.350526267000000225e+00
4.453292546000000129e+00
4.293029692000000175e+00
4.521252396000000395e+00
4.463218809999999870e+00
4.417067293000000561e+00
4.392800596999999918e+00
4.315957875000000499e+00
4.430501143999999947e+00
4.460890462000000056e+00
4.460087419000000608e+00
4.451670825999999970e+00
4.438197511000000262e+00
4.461193404000000307e+00
4.385201555000000084e+00
4.529013552000000331e+00
4.309821605000000666e+00
4.443269093000000503e+00
4.432843142000000292e+00
4.496571120000000477e+00
4.428145589000000548e+00
4.442643101999999899e+00
4.397782814000000151e+00
4.282021300000000252e+00
4.537044784999999969e+00
4.376128770000000223e+00
4.421371555000000342e+00
4.503858482000000052e+00
4.457957090999999927e+00
4.497679938000000099e+00
4.269366800000000239e+00
4.436234342000000552e+00
4.379565523000000127e+00
4.439170160000000642e+00
4.409481785000000542e+00
4.434371785000000621e+00
4.358632714000000519e+00
4.402831057000000214e+00
4.397702372000000359e+00
4.333746782000000408e+00
4.449779031000000273e+00
4.439032799000000473e+00
4.408196118000000219e+00
4.428686995000000515e+00
4.599374282000000314e+00
4.485902907999999911e+00
4.300803460000000022e+00
4.425598114000000471e+00
4.300572461000000679e+00
4.401052604000000201e+00
4.544631507000000070e+00
4.432938280000000120e+00
4.450949343000000447e+00
4.437150061000000534e+00
4.419004483000000150e+00
4.438245262000000579e+00
4.406520443000000675e+00
4.319236023000000202e+00
4.411131498000000484e+00
4.415046572000000502e+00
4.401812188000000070e+00
4.393108443000000030e+00
4.339817651000000609e+00
4.451409746000000389e+00
4.344715088000000058e+00
4.335398119000000605e+00
4.483510528000000050e+00
4.444461411000000695e+00
4.431985748999999863e+00
4.408085718000000597e+00
4.373348034000000162e+00
4.382637936000000067e+00
4.436314273000000696e+00
4.438883033999999839e+00
4.370175633000000559e+00
4.432535781000000341e+00
4.471642477000000504e+00
4.391626117000000384e+00
4.382296887999999946e+00
4.510232218000000515e+00
4.241953213000000389e+00
4.483648002000000687e+00
4.344943983000000287e+00
4.416128398000000566e+00
4.437234254999999905e+00
4.425627387000000468e+00
4.406434540000000233e+00
4.301276713000000029e+00
4.432279488000000711e+00
4.307922081000000070e+00
4.458652980000000099e+00
4.382533109000000593e+00
4.402974128000000320e+00
4.428398529999999944e+00
4.445224807999999861e+00
4.425614753000000512e+00
4.488470696000000260e+00
4.456442248000000106e+00
4.338219152000000634e+00
4.427031931000000142e+00
4.386945208000000207e+00
4.423686684000000646e+00
4.518575542000000667e+00
4.445705046000000493e+00
4.451219925000000188e+00
4.359629736000000477e+00
4.345582009000000134e+00
4.366730132000000708e+00
4.431794474000000150e+00
4.448493416999999894e+00
4.404208974000000332e+00
4.423525933000000521e+00
4.549626577000000616e+00
4.556885317999999963e+00
4.385658403999999955e+00
4.432046280999999865e+00
4.321538268000000294e+00
4.533681505000000556e+00
4.425100271000000696e+00
4.505036972000000084e+00
4.454186262000000340e+00
4.444662286999999878e+00
4.546737825000000122e+00
4.443458492000000426e+00
4.444157710999999900e+00
4.320069552000000535e+00
4.418370731000000440e+00
4.437943398999999900e+00
4.428105116000000230e+00
4.448263780000000445e+00
4.560650845000000508e+00
4.425476255000000414e+00
4.376065053000000482e+00
4.429164733000000354e+00
4.317995064999999855e+00
4.455675268000000244e+00
4.531072473000000045e+00
4.450497322000000366e+00
4.419494155000000646e+00
4.438226962999999969e+00
4.437718804000000183e+00
4.324961315000000361e+00
4.329727929000000586e+00
4.299960110999999863e+00
4.459101653000000276e+00
4.451813938999999998e+00
4.424332936999999966e+00
4.442030797000000142e+00
4.459523506000000026e+00
4.415274494000000161e+00
4.357643541999999925e+00
4.393230583000000244e+00
4.275563567999999925e+00
4.451175919999999842e+00
4.429658096000000711e+00
4.399508363000000699e+00
4.383660095999999839e+00
4.445023694000000525e+00
4.562077809999999900e+00
4.329932145999999982e+00
4.389800149000000040e+00
4.445840425000000096e+00
4.448166376000000533e+00
4.418171622000000021e+00
4.394459691999999862e+00
4.409146520000000180e+00
4.320020777999999950e+00
4.405007702000000691e+00
4.373519750999999900e+00
4.432179207999999981e+00
4.316122634000000069e+00
4.374610078999999985e+00
4.385060471000000071e+00
4.333134106000000152e+00
4.449629172999999938e+00
4.285581345000000653e+00
4.508525284000000077e+00
4.355809550000000030e+00
4.413558549000000220e+00
4.472292549000000506e+00
4.325883264000000672e+00
4.422826372000000283e+00
4.384383554000000238e+00
4.378196436000000524e+00
4.423473616999999969e+00
4.435197271999999913e+00
4.435980948000000090e+00
4.448474040000000684e+00
4.453564625000000277e+00
4.525073566000000547e+00
4.415299211000000668e+00
4.340777577999999970e+00
4.434135730000000386e+00
4.362929701000000549e+00
4.390615449000000226e+00
4.438689246000000033e+00
4.424036054000000107e+00
4.427431077000000492e+00
4.310547538000000678e+00
4.431658134000000082e+00
4.446774159000000282e+00
4.442092571999999961e+00
4.374636317000000219e+00
4.401270239000000473e+00
4.413608896000000392e+00
4.503227061000000475e+00
4.432879276000000424e+00
4.250017129000000615e+00
4.421874423000000220e+00
4.390784244999999864e+00
4.350968738000000613e+00
4.448901010000000156e+00
4.386112699999999975e+00
4.424400970000000655e+00
4.354163000999999866e+00
4.429754745000000327e+00
4.365357345000000500e+00
4.550708529000000446e+00
4.401785649999999883e+00
4.427682707000000661e+00
4.439489780000000607e+00
4.329925155999999831e+00
4.425510501000000652e+00
4.398187265000000679e+00
4.401439698999999983e+00
4.362764416000000089e+00
4.525494189999999861e+00
4.448434394000000403e+00
4.393631689000000229e+00
4.498785036000000126e+00
4.322005419999999987e+00
4.446939959999999914e+00
4.427171313000000552e+00
4.443098972000000479e+00
4.383035707000000336e+00
4.418933926000000234e+00
4.448003114000000480e+00
4.261053774000000516e+00
4.418366587000000401e+00
4.425212468000000676e+00
4.428061407000000393e+00
4.413799099000000226e+00
4.497918837000000281e+00
4.422037524000000275e+00
4.361920835000000274e+00
4.421871809000000653e+00
4.345838589000000418e+00
4.488758842000000193e+00
4.418138668000000102e+00
4.435194082999999843e+00
4.416485472000000634e+00
4.373201491000000551e+00
4.479093619000000359e+00
4.300396480999999937e+00
4.422662190000000493e+00
4.394514598000000660e+00
4.398789113000000306e+00
4.353024018000000162e+00
4.532752829000000538e+00
4.412108071000000464e+00
4.284552919000000237e+00
4.423699284000000453e+00
4.368417620000000667e+00
4.470649149000000655e+00
4.591828192000000364e+00
4.414996224000000247e+00
4.408960817000000532e+00
4.318477964000000391e+00
4.558304882999999919e+00
4.384812621000000021e+00
4.518356139000000660e+00
4.430741360999999934e+00
4.427518263000000509e+00
4.445087589999999977e+00
4.447843011999999874e+00
4.365255272000000630e+00
4.297242538999999972e+00
4.407725468999999840e+00
4.394156097999999844e+00
4.433707103000000593e+00
4.371986034999999937e+00
4.412069247999999888e+00
4.384755779999999881e+00
4.350293739000000492e+00
4.490696443000000038e+00
4.244900781000000123e+00
4.427165800000000040e+00
4.439856094000000475e+00
4.427886498000000337e+00
4.489476419000000718e+00
4.407626646000000648e+00
4.439883040000000669e+00
4.344347159999999874e+00
4.488710721000000348e+00
4.490028936999999942e+00
4.389147900000000213e+00
4.413188482999999884e+00
4.389000299000000105e+00
4.444697866000000275e+00
4.360184031000000182e+00
4.417656913000000074e+00
4.356419515999999881e+00
4.397088671000000559e+00
4.450181892000000694e+00
4.432926782000000010e+00
4.524176620000000426e+00
4.385758875000000501e+00
4.435204992000000068e+00
4.348646420000000568e+00
4.444294914000000318e+00
4.515019113000000139e+00
4.404792206000000654e+00
4.404428252000000654e+00
4.382872011999999984e+00
4.439308641000000222e+00
4.419874273000000464e+00
4.385175515000000246e+00
4.430546130999999832e+00
4.426812550000000179e+00
4.420697338000000087e+00
4.374826964000000373e+00
4.444166251000000400e+00
4.397415770000000279e+00
4.437431763000000196e+00
4.352793082000000702e+00
4.407309023999999908e+00
4.479819149999999972e+00
4.428707690000000419e+00
4.585448201000000168e+00
4.418556360000000183e+00
4.449826958000000054e+00
4.377967670000000311e+00
4.422080819000000496e+00
4.408926802999999950e+00
4.530798600999999870e+00
4.430959067999999945e+00
4.595437449000000285e+00
4.429906246000000714e+00
4.281767685000000156e+00
4.408832927000000623e+00
4.280020588000000181e+00
4.349667015000000525e+00
4.369313140000000040e+00
4.404211980000000359e+00
4.431582489000000180e+00
4.415842679000000714e+00
4.408609292000000401e+00
4.334985909000000248e+00
4.447006204000000018e+00
4.437219885000000197e+00
4.391402342000000125e+00
4.413673721000000327e+00
4.471172859000000166e+00
4.421515859000000326e+00
4.315890498999999991e+00
4.444028362000000065e+00
4.423580429000000258e+00
4.523376027000000299e+00
4.378667570000000175e+00
4.431185811999999835e+00
4.408901483000000177e+00
4.419324169000000246e+00
4.478534858000000618e+00
4.403595146000000682e+00
4.449253214000000511e+00
4.446877835000000445e+00
4.432486818000000106e+00
4.431009529999999863e+00
4.402848495999999834e+00
4.361433338000000326e+00
4.294024880000000266e+00
4.396349005000000254e+00
4.267268031000000406e+00
4.421296152000000035e+00
4.405718562000000560e+00
4.417285885000000079e+00
4.375981308000000070e+00
4.381652113000000348e+00
4.480222294999999910e+00
4.348693147000000536e+00
4.476923809000000531e+00
4.427591525000000416e+00
4.387812724000000664e+00
4.499428338000000416e+00
4.444949674000000073e+00
4.421992595999999942e+00
4.478038827999999860e+00
4.443601182000000094e+00
4.399241664000000718e+00
4.433674693000000389e+00
4.456813802000000102e+00
4.468977535000000501e+00
4.452754012999999844e+00
4.373551525999999967e+00
4.337352102000000542e+00
4.276438134000000169e+00
4.386983900000000602e+00
4.311470133000000260e+00
4.390319161999999942e+00
4.511711566999999867e+00
4.435308899000000693e+00
4.430005239000000650e+00
4.442930280000000565e+00
4.506131948000000165e+00
4.442890992000000594e+00
4.396456130000000684e+00
4.422374829000000673e+00
