-3.946391765775390066e-07
-1.282842749354553576e-06
-1.734227948384532847e-06
-1.947457028841620369e-06
-2.675856214601633379e-06
-3.122923194919973767e-06
-3.269487636955904035e-06
-3.836608230286147456e-06
-4.270487724324343278e-06
-4.396491159089947248e-06
-4.806532444766886702e-06
-5.220999794593132664e-06
-5.337040497785620247e-06
-5.614979975020778055e-06
-5.993303796517363143e-06
-6.102375861320477253e-06
-6.275573152671638381e-06
-6.602514959287309813e-06
-6.700208727010748665e-06
-6.798163280388103060e-06
-7.057200515982224725e-06
-7.140908248540197758e-06
-7.186903709101620629e-06
-7.363513486684886169e-06
-7.437812368001173288e-06
-7.437507602155265999e-06
-7.534206740162418671e-06
-7.596078664511284016e-06
-7.548943688009290181e-06
-7.581801399427050800e-06
-7.613453814955232509e-06
-7.530070512953722557e-06
-7.507039463096399104e-06
-7.494448957344713835e-06
-7.387082886578211726e-06
-7.307172772558993479e-06
-7.248884958706363673e-06
-7.118947034376140099e-06
-6.985188894829811286e-06
-6.881907230919979733e-06
-6.726365857422551503e-06
-6.544366474301147858e-06
-6.397042224540893827e-06
-6.211700289468037219e-06
-5.987845452325080022e-06
-5.798045406419156768e-06
-5.577778529632804470e-06
-5.321180606572902733e-06
-5.086527517842792805e-06
-4.832523898889268527e-06
-4.547684236214865666e-06
-4.267922576497549679e-06
-3.985153708331580131e-06
-3.670798852455217674e-06
-3.353183073623559653e-06
-3.042602965719053842e-06
-2.700210031322356245e-06
-2.353306543087270758e-06
-2.014475695205796790e-06
-1.649776216032092151e-06
-1.279597215049112194e-06
-9.153238968139285879e-07
-5.348904306976512411e-07
-1.466838000769686473e-07
2.367547176821672325e-07
6.267438648064073943e-07
1.026616381489387968e-06
1.420638124186871580e-06
1.813939579929631164e-06
2.217281244243313681e-06
2.611701484545201019e-06
3.001657185163850482e-06
3.397573251746843286e-06
3.782214909292528497e-06
4.160094970134191572e-06
4.536038755990111571e-06
4.901307467245676046e-06
5.254782544485867692e-06
5.599541915909702405e-06
5.933751319290293397e-06
6.249410919004652910e-06
6.552254472384809557e-06
6.840964350605856281e-06
7.106099810828623934e-06
7.353816137449913612e-06
7.581621552804087327e-06
7.782100461634221294e-06
7.958747347753478626e-06
8.109152093299580279e-06
8.228409828995374183e-06
8.316444247378781913e-06
8.372540966479447374e-06
8.393800294052189520e-06
8.377393744617303852e-06
8.325998080302944099e-06
8.236940002675641672e-06
8.107848204883653207e-06
7.943442332186710492e-06
7.740856706411617508e-06
7.500209475103482392e-06
7.224841800901065880e-06
6.913268349561436106e-06
6.566316743742030073e-06
6.184681207223872040e-06
5.768826905040590895e-06
5.317720300397548433e-06
4.830979912416511481e-06
4.310012870238288706e-06
3.752522226884460384e-06
3.159404754129165187e-06
2.532485225734923456e-06
1.870572586828922759e-06
1.175690447371094658e-06
4.490878975939632208e-07
-3.096991177032398403e-07
-1.099858295801026418e-06
-1.921635008264847182e-06
-2.775345671633387203e-06
-3.661961144407372367e-06
-4.581965632457024439e-06
-5.535519848691165104e-06
-6.524560745811834046e-06
-7.548772409752686832e-06
-8.608865981521085365e-06
-9.706342644412905516e-06
-1.084066300365145216e-05
-1.201283899572227145e-05
-1.322320586807066498e-05
-1.447172026101420092e-05
-1.575869240077904665e-05
-1.708390813952022054e-05
-1.844764887401751689e-05
-1.984929638403606355e-05
-2.128864045368025626e-05
-2.276559819111859063e-05
-2.427891501713227808e-05
-2.582823993355350491e-05
-2.741262131092558798e-05
-2.903044153570586677e-05
-3.068074640107307363e-05
-3.236174014474277382e-05
-3.407171766925165589e-05
-3.580891491730393248e-05
-3.757123232214846083e-05
-3.935683904227238781e-05
-4.116331748721341148e-05
-4.298871257901666935e-05
-4.483083456803234682e-05
-4.668706937577165651e-05
-4.855540405862211040e-05
-5.043306579162563642e-05
-5.231741364127559713e-05
-5.420591894522744879e-05
-5.609559847651731729e-05
-5.798388239509989691e-05
-5.986801085575877991e-05
-6.174549341493064392e-05
-6.361403976705572822e-05
-6.547136410689994169e-05
-6.731570908837250717e-05
-6.914512528496400605e-05
-7.095778884353181519e-05
-7.275199223002753351e-05
-7.452556129919709910e-05
-7.627646940006594886e-05
-7.800247747169356070e-05
-7.970117335138180749e-05
-8.137035670227632002e-05
-8.300766604724447062e-05
-8.461103880161451626e-05
-8.617848894251093695e-05
-8.770818065731795707e-05
-8.919864475253526533e-05
-9.064832798758170490e-05
-9.205601193325633168e-05
-9.342050046051936316e-05
-9.474052284815614566e-05
-9.601500417413047766e-05
-9.724267394955814995e-05
-9.842235980782528557e-05
-9.955294626754096650e-05
-1.006333136938777689e-04
-1.016625677347480247e-04
-1.026397945807489801e-04
-1.035642522409899901e-04
-1.044352971668673519e-04
-1.052522675464170968e-04
-1.060146774582980015e-04
-1.067219399633845901e-04
-1.073734704123380874e-04
-1.079687331212433394e-04
-1.085071300589736918e-04
-1.089882898494741144e-04
-1.094120111704264566e-04
-1.097783753942681252e-04
-1.100878256359807852e-04
-1.103409903450489461e-04
-1.105387808771407857e-04
-1.106821599631486249e-04
-1.107720949977047872e-04
-1.112080608600722273e-04
-1.120909253539250559e-04
-1.124854901974266545e-04
-1.125960109944544558e-04
-1.131794818577092190e-04
-1.134348387140671221e-04
-1.133489626198100889e-04
-1.136433113846275513e-04
-1.137617244877801360e-04
-1.135327323866042811e-04
-1.135420599447394305e-04
-1.135053205879089401e-04
-1.131119029359467775e-04
-1.128049737330997121e-04
-1.125083938631388545e-04
-1.118389606945211363e-04
-1.111238395181074294e-04
-1.104627752984414411e-04
-1.095042574706318379e-04
-1.085241489669749789e-04
-1.077353154088541294e-04
-1.068590518776576343e-04
-1.060750992704427402e-04
-1.055742847727181722e-04
-1.051364178629829758e-04
-1.047799824298798328e-04
-1.046545492142605276e-04
-1.046053253640214702e-04
-1.045296945064019746e-04
-1.045875865919941149e-04
-1.046741182609956222e-04
-1.046562940768080123e-04
-1.046902761832040892e-04
-1.047138881153906624e-04
-1.046191414331519424e-04
-1.045255362914923543e-04
-1.044332696954762188e-04
-1.042633836374464779e-04
-1.040943683446870913e-04
-1.039739486247276412e-04
-1.038330522047440339e-04
-1.037045563711413190e-04
-1.036536916972121130e-04
-1.036103149951945118e-04
-1.035729431998729991e-04
-1.036078245521911866e-04
-1.036446600704821582e-04
-1.036687545824827857e-04
-1.037229627804356108e-04
-1.037530147688020202e-04
-1.037336010414767793e-04
-1.036865560263602317e-04
-1.035978029709446770e-04
-1.034394106110489295e-04
-1.032467815342591233e-04
-1.030452234784877635e-04
-1.028162837395164603e-04
-1.026070296872510726e-04
-1.024460615257491100e-04
-1.023120356320321071e-04
-1.022299844808265449e-04
-1.022105342526417182e-04
-1.022315482792740912e-04
-1.022992876121067018e-04
-1.024236129517044533e-04
-1.025889370291966946e-04
-1.027782327955760130e-04
-1.029812378899674181e-04
-1.031549893364146398e-04
-1.032445877952052257e-04
-1.032289854730115660e-04
-1.030826816194823058e-04
-1.028042865745151493e-04
-1.024489474267546225e-04
-1.020722525689177738e-04
-1.017339198824257756e-04
-1.014898641261981584e-04
-1.013603388304886691e-04
-1.013321313742914756e-04
-1.013795702524430780e-04
-1.014866890969463718e-04
-1.016442981169753785e-04
-1.018742548986691825e-04
-1.022160009347808699e-04
-1.026764506503157474e-04
-1.032257299332440447e-04
-1.037797191564514819e-04
-1.041996035057521505e-04
-1.043482849680982429e-04
-1.041412252458174723e-04
-1.035866701431818938e-04
-1.028046880230349346e-04
-1.019995031447995298e-04
-1.013895149709780795e-04
-1.011200284505001150e-04
-1.012141983978571540e-04
-1.015595675583471432e-04
-1.019575471033518256e-04
-1.022372558280669187e-04
-1.023458207440433088e-04
-1.023987308294818568e-04
-1.026499092117107886e-04
-1.033629450892201851e-04
-1.046520590326882702e-04
-1.063570394009721886e-04
-1.080320561899133570e-04
-1.090766511980383746e-04
-1.089815727072388163e-04
-1.075969405686031370e-04
-1.052769921653794492e-04
-1.028242151968299366e-04
-1.012099873661839164e-04
-1.011561548135496804e-04
-1.027748942753064376e-04
-1.054420303367367419e-04
-1.080105604299577758e-04
-1.093253182292943168e-04
-1.088257900349959083e-04
-1.069508254518462505e-04
-1.050941505553063611e-04
-1.050471986611304731e-04
-1.081121263106805404e-04
-1.142698490559733421e-04
-1.218588558443780580e-04
-1.280297838730309011e-04
-1.299113132399580030e-04
-1.260516377519503605e-04
-1.174531362071632123e-04
-1.076024055049641925e-04
-1.012713639607602388e-04
-1.024425066772606193e-04
-1.122293150873546576e-04
-1.278300734247342298e-04
-1.432410998049055031e-04
-1.517009407266708249e-04
-1.489736221149303970e-04
-1.359911509976910416e-04
-1.193889438996846125e-04
-1.092320352270604997e-04
-1.144996722612120598e-04
-1.381733340621815699e-04
-1.743900290070245543e-04
-2.095572583939205448e-04
-2.276664338013374472e-04
-2.179545369877207493e-04
-1.815275123149583992e-04
-1.333880017035372315e-04
-9.783711386603063693e-05
-9.816176082391984048e-05
-1.447141624803765082e-04
-2.272072510287825268e-04
-3.159653939450153093e-04
-3.731212248912811830e-04
-3.700202742928537141e-04
-3.034680289147640179e-04
-2.025723696984142275e-04
-1.206684714345708016e-04
-1.129332111759801698e-04
-2.080613311361633291e-04
-3.879199557364681810e-04
-5.877393820401645777e-04
-7.202569575334316241e-04
-7.154937654940252524e-04
-5.597047390843938987e-04
-3.147688262538474516e-04
-1.034613367305975385e-04
-5.883161640387574951e-05
-2.565329399809602182e-04
-6.651248737086163168e-04
-1.144268857119483829e-03
-1.496268776032869509e-03
-1.552156973182926237e-03
-1.259352171020968261e-03
-7.320081747796670056e-04
-2.300104324764701920e-04
-5.530519994499290823e-05
-3.982581529875932097e-04
-1.213403893223804217e-03
-2.206036671895087505e-03
-2.949272928386229183e-03
-3.076990833802428944e-03
-2.467326827304571358e-03
-1.348742276541256904e-03
-2.691591362431523284e-04
1.252024064864343408e-04
-5.599597282675509297e-04
-2.205435149519265840e-03
-4.189336422140210042e-03
-5.662986650805060945e-03
-5.939156309536454750e-03
-4.810335854685713480e-03
-2.719245986618035009e-03
-6.834233301538965777e-04
1.426890969742382526e-04
-8.758343888143206146e-04
-3.378042840436097389e-03
-6.153891570001375835e-03
-7.871327887452676461e-03
-7.742017382607420915e-03
-5.789342181771113191e-03
-2.908804306555894895e-03
-5.241319340257797341e-04
1.520264257711638879e-04
-1.257411001077256285e-03
-4.053024807902877967e-03
-6.786491960245891013e-03
-8.136814370330733986e-03
-7.611743402418240032e-03
-5.554096336017688186e-03
-2.912615446858975513e-03
-8.490658748892587803e-04
-2.042438850694041892e-04
-1.156780307002712145e-03
-3.164070234986670910e-03
-5.169149049049835860e-03
-6.204449083792335819e-03
-5.928551842161457544e-03
-4.588570233581235232e-03
-2.740770629811623872e-03
-1.063898544628573330e-03
-1.816123038204594815e-04
-4.307247166733448604e-04
-1.733084382558221833e-03
-3.538170955002751129e-03
-4.992333076090896445e-03
-5.463387748534852262e-03
-4.855940848487632147e-03
-3.476615359425331685e-03
-1.843910046699081054e-03
-5.610133296504066528e-04
-1.303571312584836275e-04
-7.721203632195421714e-04
-2.280064719890882198e-03
-3.928306834988871780e-03
-4.830764663225389083e-03
-4.592597894634440660e-03
-3.440420716426712249e-03
-1.903592162341104493e-03
-5.982351083473711351e-04
-3.981199129972386169e-05
-4.414392835058430012e-04
-1.633726431274207160e-03
-3.103774550329640915e-03
-4.136631412074327774e-03
-4.228613926624667611e-03
-3.407395835280535839e-03
-2.089392387523570337e-03
-8.305745104754146992e-04
-1.520187139401955575e-04
-3.269375139749948521e-04
-1.273604696169922720e-03
-2.608423137254055248e-03
-3.750576053164774055e-03
-4.158999812588816576e-03
-3.660759580422132207e-03
-2.505840811854523342e-03
-1.178736713570063821e-03
-2.253720116069484445e-04
-6.564302764564782357e-05
-7.819619328939329643e-04
-2.080433757943892133e-03
-3.400593270622242863e-03
-4.133809018591142088e-03
-3.943364168372452683e-03
-2.943213165452804314e-03
-1.587870878355864945e-03
-4.579594793087454416e-04
-6.406340545149187896e-05
-6.404760528791685580e-04
-1.978339780761324915e-03
-3.474490686240616633e-03
-4.410770601796317261e-03
-4.342236510218110135e-03
-3.332781288064882649e-03
-1.865826594318482782e-03
-5.732686199965127214e-04
-2.386233723092964572e-06
-4.199241639107769461e-04
-1.664956412317395926e-03
-3.172252394402352762e-03
-4.230323865094118979e-03
-4.347975897473732067e-03
-3.499830966420050538e-03
-2.101398424476556750e-03
-7.793399309425979530e-04
-1.052993693940098289e-04
-3.954692932043546937e-04
-1.569083224406135364e-03
-3.129170118498310251e-03
-4.352550882900538438e-03
-4.665716080596322458e-03
-3.949431239212340683e-03
-2.550659984240714363e-03
-1.072803086065454671e-03
-1.328820099768073773e-04
-1.344150732322429217e-04
-1.098916025181876895e-03
-2.614942738865247938e-03
-3.983298128205700096e-03
-4.557562970986172787e-03
-4.091182270621994931e-03
