-3.325999393101391867e-10
1.118431472384000473e-12
1.434305521147109136e-09
2.789765185787980037e-09
3.989315170526422936e-09
1.690651216729900685e-09
-8.301196807035441649e-09
-2.983893429237169799e-08
-7.108974258464583110e-08
-1.402728109043433822e-07
-2.468670700493773080e-07
-4.026435217477180943e-07
-6.175087919997503774e-07
-9.034331073361254689e-07
-1.271775452056622183e-06
-1.729708871671840093e-06
-2.288448263813489417e-06
-2.957714822468594986e-06
-3.742448940845949616e-06
-4.650543588038849084e-06
-5.687606512263163276e-06
-6.855873781920896282e-06
-8.158170394791113580e-06
-9.596786271555672276e-06
-1.117235777781694422e-05
-1.288558846823882519e-05
-1.473877638382898840e-05
-1.673085739153802717e-05
-1.886214702331407241e-05
-2.113529693266837103e-05
-2.354855730284836920e-05
-2.610355093151270505e-05
-2.880301439314912967e-05
-3.164644377564773458e-05
-3.463566120972241455e-05
-3.777129816180027752e-05
-4.105241747793945858e-05
-4.447833435525388210e-05
-4.804671481841200914e-05
-5.175434727175173263e-05
-5.559652188050224071e-05
-5.956755728547000282e-05
-6.365980929201135719e-05
-6.786351529190040078e-05
-7.216916197086831045e-05
-7.656462630053147730e-05
-8.103714343722875934e-05
-8.557424984625199515e-05
-9.016143004098787941e-05
-9.478506829603338757e-05
-9.943088499865461623e-05
-1.040843809862649309e-04
-1.087325951807447381e-04
-1.133620332278797202e-04
-1.179606022348522401e-04
-1.225171380642923319e-04
-1.270207716880249638e-04
-1.314623034294750640e-04
-1.358328033724496566e-04
-1.401247023087526190e-04
-1.443316336812238245e-04
-1.484478493947066801e-04
-1.524692379306323022e-04
-1.563921169296371861e-04
-1.602143042590431661e-04
-1.639345806245449098e-04
-1.675522745899726243e-04
-1.710686702825851824e-04
-1.744852929820678268e-04
-1.778047518668896508e-04
-1.810306888546613481e-04
-1.841664504706743918e-04
-1.872161479016301838e-04
-1.901833892505891367e-04
-1.930710831037557649e-04
-1.958815729149169138e-04
-1.986155103055525296e-04
-2.012721897710367553e-04
-2.038488405058710561e-04
-2.063406857603513429e-04
-2.087411068148695571e-04
-2.110411516547733757e-04
-2.132304842572917808e-04
-2.152971084399876028e-04
-2.172277485495135649e-04
-2.190087459008239091e-04
-2.206257641274125586e-04
-2.220649547007030758e-04
-2.233132335692365647e-04
-2.243584490178345740e-04
-2.251902772319779923e-04
-2.257997620988427703e-04
-2.261795843194679644e-04
-2.263236218838952723e-04
-2.262260613689369491e-04
-2.258809219977099493e-04
-2.252803974625847746e-04
-2.244136721096550888e-04
-2.232651061935185489e-04
-2.218118277741910514e-04
-2.200215600838160361e-04
-2.178493143713120710e-04
-2.152344724709332466e-04
-2.120978556419492872e-04
-2.083391636185680609e-04
-2.038365064489038557e-04
-1.984474664780971767e-04
-1.920133635541888893e-04
-1.843665022976197199e-04
-1.753394148666717199e-04
-1.647760556196549821e-04
-1.525422696998944474e-04
-1.385347133114158465e-04
-1.226871324537277407e-04
-1.049728632244078993e-04
-8.540451189819551472e-05
-6.403027673563102854e-05
-4.092773936557155061e-05
-1.619566138597993221e-05
1.005624137653093012e-05
3.771759621558898930e-05
6.668704706008486715e-05
9.687948609016290460e-05
1.282294074786392314e-04
1.606908681032341352e-04
1.942337244085870528e-04
2.288376756716155726e-04
2.644851428870008013e-04
3.011532210984296798e-04
3.388059086151992672e-04
3.773865322732889837e-04
4.168116461080356759e-04
4.569677940162046375e-04
4.977116326874189136e-04
5.388743184996237605e-04
5.802689039089682860e-04
6.216995857293840201e-04
6.629716598683101049e-04
7.039004266081853346e-04
7.443186918812813233e-04
7.840817419722802229e-04
8.230692409052909990e-04
8.611841483401680300e-04
8.983482844882940185e-04
9.344957079613727159e-04
9.695649708481755228e-04
1.003491801728459464e-03
1.036204251554342665e-03
1.067620997491572875e-03
1.097653603975047142e-03
1.126212351019788022e-03
1.153214495959281735e-03
1.178594063905139249e-03
1.202311276439401930e-03
1.224360232886646891e-03
1.244773356319820020e-03
1.263621270233179945e-03
1.281008082728244107e-03
1.297062233410920234e-03
1.311924251842122146e-03
1.325733322712765311e-03
1.338614495909895303e-03
1.350668848169015454e-03
1.361967849523728442e-03
1.372552654905837650e-03
1.382438304939815309e-03
1.391621647584064068e-03
1.400091695094572621e-03
1.407840416107917049e-03
1.414872063158213213e-03
1.421209659354028508e-03
1.426897490816942315e-03
1.431999625731880362e-03
1.436595002047057982e-03
1.440770270595598517e-03
1.444612168617586323e-03
1.448200811076455962e-03
1.451605216914486716e-03
1.454881598760866292e-03
1.458074157431861560e-03
1.461217774657311286e-03
1.464341310023587178e-03
1.467470363155923318e-03
1.470628536822884622e-03
1.473836599422722249e-03
1.477109827459351576e-03
1.480454175665757736e-03
1.483862535516997138e-03
1.487312527760799438e-03
1.490766941796036263e-03
1.494177650009972892e-03
1.497492861947027215e-03
1.500666828754540364e-03
1.503670458046306967e-03
1.506500728213536373e-03
1.509186998301793479e-03
1.511792595615639142e-03
1.514410874049101213e-03
1.517156001309096685e-03
1.520149548361765220e-03
1.523500833864586653e-03
1.527293992659886027e-03
1.531579428658511608e-03
1.536357790973011828e-03
1.541583228214484435e-03
1.547174203703123281e-03
1.553014401889011133e-03
1.558969341240607712e-03
1.564911411916527356e-03
1.570728577338448935e-03
1.576323915443903542e-03
1.581623015963337306e-03
1.586561265557694328e-03
1.591040877183848507e-03
1.594915615382804745e-03
1.597985652414945536e-03
1.599987961072032051e-03
1.600667147016457664e-03
1.599879484895718861e-03
1.597677732966040331e-03
1.594411106601205949e-03
1.590753970731525850e-03
1.587629650101831215e-03
1.586086566050053191e-03
1.587128393908674058e-03
1.591521546211179840e-03
1.599639182483493516e-03
1.611363470014885507e-03
1.626022164647691068e-03
1.642406482906522613e-03
1.658900548481237035e-03
1.673670424941667723e-03
1.684945002793333249e-03
1.691337509474800894e-03
1.692098270495365209e-03
1.687286006244357109e-03
1.677797298665376687e-03
1.665241296065984042e-03
1.651717489991981480e-03
1.639528655459167750e-03
1.630878425997146081e-03
1.627591584225019988e-03
1.630883787879695368e-03
1.641197362263420272e-03
1.658117246443486462e-03
1.680398663879276687e-03
1.706093138139628098e-03
1.732764526395257597e-03
1.757771932498245490e-03
1.778555137214473097e-03
1.792907993734508361e-03
1.799204738515398352e-03
1.796566596049492407e-03
1.784989620099975121e-03
1.765406090037189690e-03
1.739681437535720845e-03
1.710529483941018031e-03
1.681313994601070592e-03
1.655752752021697437e-03
1.637532860167771782e-03
1.629874523148421408e-03
1.635099285676429879e-03
1.654248744899003247e-03
1.686810336284682785e-03
1.730588872464678546e-03
1.781770854573593542e-03
1.835202887487988235e-03
1.884877497298071726e-03
1.924613603286898450e-03
1.948843466707047374e-03
1.953411703165396519e-03
1.936279767334206760e-03
1.898003595455649301e-03
1.841913542208683044e-03
1.773944963787397067e-03
1.702108646586455521e-03
1.635654136283153440e-03
1.584001938296838042e-03
1.555561997314260699e-03
1.556580203050477373e-03
1.590161718958625799e-03
1.655614211610735792e-03
1.748216163908584107e-03
1.859478925564564573e-03
1.977897880027789518e-03
2.090127583735044026e-03
2.182473917784235641e-03
2.242531093816202067e-03
2.260789613734452610e-03
2.232028217287991469e-03
2.156302855992065556e-03
2.039396709217400263e-03
1.892624429376888731e-03
1.731954999387029038e-03
1.576500318979825619e-03
1.446486382043596711e-03
1.360905497994522933e-03
1.335100500134137318e-03
1.378560512696485989e-03
1.493210712243499012e-03
1.672444954075789436e-03
1.901096701322917614e-03
2.156447098475584596e-03
2.410262994788298866e-03
2.631730723494750748e-03
2.791009185572961189e-03
2.863032396460260618e-03
2.831104208912800773e-03
2.689809149554011573e-03
2.446812575998937814e-03
2.123203917061730530e-03
1.752193401389896127e-03
1.376159957341781650e-03
1.042251928122993939e-03
7.969564047163810996e-04
6.802256896749479158e-04
7.198555786536641951e-04
9.268398342274551758e-04
1.292366299858585966e-03
1.786985351038331048e-03
2.362271130561181213e-03
2.955030824616176974e-03
3.493791099602891470e-03
3.906953690182617990e-03
4.131740725009437967e-03
4.122862828948552737e-03
3.859816719518475471e-03
3.351811529009549821e-03
2.639498696237881688e-03
1.792963106886034160e-03
9.058147108288992257e-04
8.571610213201438398e-05
-5.577625901406289138e-04
-9.266056351153338557e-04
-9.475326537169291748e-04
-5.833047960145381228e-04
1.592549782176378912e-04
1.225708574859664694e-03
2.515848113158104631e-03
3.891481994104072084e-03
5.189997596586796470e-03
6.242550604710527667e-03
6.894767058595605361e-03
7.027315132316535456e-03
6.573835301098132633e-03
5.534191893982667344e-03
3.981340674389333319e-03
2.060149162990340677e-03
-2.325223576520899855e-05
-2.021840619342741164e-03
-3.675923498063821734e-03
-4.745272249622856271e-03
-5.040438587782997137e-03
-4.449432341849254326e-03
-2.957663399545488406e-03
-6.598909337278153348e-04
2.238022901070533394e-03
5.431199352655467598e-03
8.544555664095846576e-03
1.117688628580235793e-02
1.295281026695108487e-02
1.357221229344070246e-02
1.284980003797741958e-02
1.074404754091233538e-02
7.378114509753648867e-03
3.049895948011645264e-03
-1.780447303883150954e-03
-6.536462043193441707e-03
-1.060169318331890750e-02
-1.340703547814519649e-02
-1.450578965549347531e-02
-1.362291880284833764e-02
-1.068370286693793615e-02
-5.840355134353367172e-03
4.992011655941917944e-04
7.666145476496846398e-03
1.478440559340257407e-02
2.089552886957691050e-02
2.512345706773053133e-02
2.681420677590255069e-02
2.559568539284811858e-02
2.137390859096159612e-02
1.435540774862439917e-02
5.127080156367665349e-03
-5.294213029135597451e-03
-1.554914864795314128e-02
-2.417512256026183720e-02
-2.991457844088664039e-02
-3.195812576227806401e-02
-2.997631003329139995e-02
-2.398979179483649513e-02
-1.434612982676320911e-02
-1.865740997104694014e-03
1.200270618277230091e-02
2.522207769650671241e-02
3.560841288624487511e-02
4.153021170268633711e-02
4.232715380841194780e-02
3.810985676403336880e-02
2.937485350106014068e-02
1.694178360119147700e-02
2.103792097958490006e-03
-1.326295429796141810e-02
-2.686967696034546493e-02
-3.656186665504813221e-02
-4.098453658140636252e-02
-3.993444646826087296e-02
-3.407357801264763314e-02
-2.433331183953146501e-02
-1.177921949765215609e-02
2.226163768924171917e-03
1.600673235909731359e-02
2.781638221487888266e-02
3.610475421926005041e-02
3.982670759316892656e-02
3.886027622896642136e-02
3.387007219913868578e-02
2.579357001856217094e-02
1.553399966266617686e-02
3.988279505955370438e-03
-7.794217917734198517e-03
-1.866513102498153567e-02
-2.746690544254815416e-02
-3.307817987797875142e-02
-3.478333126370215800e-02
-3.264560064937546691e-02
-2.725124561227147690e-02
-1.930094230914506520e-02
-9.479346639485179693e-03
1.423322723245766530e-03
1.242464753396245805e-02
2.237819327233193933e-02
2.997386558025329564e-02
3.399806260645003159e-02
3.386250340759761057e-02
2.986159899674533172e-02
2.278853835133855255e-02
1.353273323571904836e-02
3.047430396840999142e-03
-7.580098384304168740e-03
-1.721113567384584958e-02
-2.475854005786854925e-02
-2.924044511693487877e-02
-3.003530355661354970e-02
-2.714227900223383297e-02
-2.113971668610098442e-02
-1.284518431444937533e-02
-3.143891423022955427e-03
6.975855133733555036e-03
1.642389684121242296e-02
2.415828283037858848e-02
2.932457494335494533e-02
3.129772555755346020e-02
2.985229696927926141e-02
2.522930792202179515e-02
1.802190006421221583e-02
8.998930100107847829e-03
-9.529811903133843980e-04
-1.079678729243659444e-02
-1.939633377836913128e-02
-2.569750301005473136e-02
-2.892876305859999608e-02
-2.871123015024670475e-02
-2.512643854792645862e-02
-1.862635636190267119e-02
-9.913194828225283667e-03
1.519077246708703838e-04
1.054291268774701189e-02
2.005485289293085574e-02
2.743541579830893057e-02
3.164076400187727789e-02
3.213354785008257219e-02
2.895179281119919859e-02
2.257606930124980704e-02
1.377063494049353756e-02
3.504356747982714532e-03
-7.118510910936418079e-03
-1.689329348012636942e-02
-2.460094863452232800e-02
-2.921787689017733142e-02
-3.015249294524918744e-02
-2.740008902114546285e-02
-2.141251780246253289e-02
-1.290822413473167139e-02
-2.785300143484264069e-03
7.884514097741254779e-03
1.791901738991233395e-02
2.612598340646019729e-02
3.143564509193799011e-02
3.315913627331365521e-02
3.115535201377776092e-02
2.578545512640076365e-02
1.772072675266730263e-02
7.823757996579205204e-03
-2.884953521329951861e-03
-1.323517586800276175e-02
-2.200385716221549617e-02
-2.808150309788500290e-02
-3.066401467998992533e-02
-2.948173548013003492e-02
-2.480003319847512780e-02
