3.504206397080459334e-01
1.076401236152385810e+00
1.833170921003426823e+00
2.662781634809999520e+00
3.538536333152467961e+00
4.407346412861425478e+00
5.353402140325495218e+00
6.321153131954948101e+00
7.287962779889908482e+00
8.319007534799199632e+00
9.358929690144218938e+00
1.041674801946433426e+01
1.150797769152067040e+01
1.261841508889426144e+01
1.375075955076398060e+01
1.489234275246218786e+01
1.607151912952302197e+01
1.725946900252355931e+01
1.845394542535535365e+01
1.969107847558711200e+01
2.092457405423927597e+01
2.217495714353506742e+01
2.345527111437684908e+01
2.473491285414145224e+01
2.603616991202439479e+01
2.735137900117668863e+01
2.867987641607123450e+01
3.002211583580840326e+01
3.137345704709041172e+01
3.274833914098199017e+01
3.412530986398176225e+01
3.551809554471972774e+01
3.693244609692179381e+01
3.834633664891602223e+01
3.978263948022524232e+01
4.123258164801596592e+01
4.269018551016903018e+01
4.416867557065585004e+01
4.565784872788879056e+01
4.716482520483233998e+01
4.868600578786063693e+01
5.022368005493862597e+01
5.178309688985083881e+01
5.335380513192116325e+01
5.494976653027289615e+01
5.656588845089910933e+01
5.819837141665784941e+01
5.986073829243458988e+01
6.154278627319030193e+01
6.325064040035763213e+01
6.498767323487953718e+01
6.675000856692467721e+01
6.854491957715224260e+01
7.036852507756304931e+01
7.222661633810169235e+01
7.411952502560949085e+01
7.604513505298935172e+01
7.801257291563879903e+01
8.001587732010248999e+01
8.205945111893142041e+01
8.414767883692346118e+01
8.627552192260367292e+01
8.845014502678498047e+01
9.066976034531434436e+01
9.293518875094751763e+01
9.524955833532220595e+01
9.760997871805058423e+01
1.000207820567894714e+02
1.024789632930507963e+02
1.049849524028229411e+02
1.075407917500552060e+02
1.101409610256170595e+02
1.127884218987582869e+02
1.154801372560604165e+02
1.182127737450660163e+02
1.209876442294960555e+02
1.237994117854995721e+02
1.266479308024695598e+02
1.295307103961159214e+02
1.324447119918330031e+02
1.353903646564593259e+02
1.383633800916462917e+02
1.413643857876209324e+02
1.443918132409558552e+02
1.474429798319208089e+02
1.505195800631067584e+02
1.536183936515925552e+02
1.567394308341278588e+02
1.598825641093648926e+02
1.630452343088723524e+02
1.662284493165364552e+02
1.694300211080504823e+02
1.726496027851918029e+02
1.758869854661203078e+02
1.791400906484995801e+02
1.824100476736338123e+02
1.856951438689856104e+02
1.889952007594297072e+02
1.923108869878075495e+02
1.956404792455109884e+02
1.989851148845860109e+02
2.023440250172796482e+02
2.057166548589796378e+02
2.091035623729381996e+02
2.125031722032626362e+02
2.159157892964221048e+02
2.193403185081310198e+02
2.227756808270353019e+02
2.262219084063733874e+02
2.296771854855813899e+02
2.331415455509008154e+02
2.366142416503274717e+02
2.400941496179349315e+02
2.435814850032690231e+02
2.470747424798709631e+02
2.505734319159138295e+02
2.540766400216074885e+02
2.575827368011891281e+02
2.610911474357537259e+02
2.645999772575681845e+02
2.681081106185164913e+02
2.716142749550573967e+02
2.751164955532495355e+02
2.786139005435162517e+02
2.821045406800891442e+02
2.855869924311990644e+02
2.890600285068222774e+02
2.925216718350757787e+02
2.959708949928103721e+02
2.994059631966302391e+02
3.028253924488581106e+02
3.062279950977974750e+02
3.096119263906297192e+02
3.129761062501855804e+02
3.163189242296177213e+02
3.196388687474302515e+02
3.229348102785270953e+02
3.262049693764911922e+02
3.294482043305984575e+02
3.326630489813317695e+02
3.358479660834620972e+02
3.390018404216285148e+02
3.421230179441106429e+02
3.452102994709445056e+02
3.482623156695660782e+02
3.512775642252847774e+02
3.542549360255099486e+02
3.571928675694027220e+02
3.600901389369757908e+02
3.629454622070707615e+02
3.657573506487632926e+02
3.685247037093251947e+02
3.712460555537994651e+02
3.739201647510477642e+02
3.765458239796122939e+02
3.791216145599755691e+02
3.816464516247124834e+02
3.841189887937045455e+02
3.865380225722594787e+02
3.889024312087520343e+02
3.912108877905203599e+02
3.934623565858515803e+02
3.956556102879293348e+02
3.977894960219190921e+02
3.998629879021970623e+02
4.018748634229878007e+02
4.038241414090592798e+02
4.057097244203152968e+02
4.075305364799464769e+02
4.092856443325453029e+02
4.109739476287601292e+02
4.125945368671272604e+02
4.141464344001866493e+02
4.156286518480794712e+02
4.170403438055074048e+02
4.183805192993528408e+02
4.196483337490013810e+02
4.208429177857517516e+02
4.219633657361163728e+02
4.230089133079259227e+02
4.239786849732423093e+02
4.248719136423230793e+02
4.256878444011657621e+02
4.264256798485559443e+02
4.270847549124536613e+02
4.276643241039697045e+02
4.281637242803460026e+02
4.285823285918179977e+02
4.289194673233195090e+02
4.291745951662736047e+02
4.293471190424879183e+02
4.294365101576011057e+02
4.294423027070756120e+02
4.293640004325492896e+02
4.292012250875869768e+02
4.289535838122171185e+02
4.286207364969304763e+02
4.282024197026765364e+02
4.276983495199918366e+02
4.271083484674419992e+02
4.267845668042830312e+02
4.267627841653678615e+02
4.267141204025762136e+02
4.266953118678171677e+02
4.266956049707539478e+02
4.266725932641891745e+02
4.267170535360493773e+02
4.267781327337963262e+02
4.268331911414118167e+02
4.269481758341059390e+02
4.270673677031550142e+02
4.271993249308342797e+02
4.273620093712060566e+02
4.275444040409360582e+02
4.277551439826147543e+02
4.279868977499036760e+02
4.282708025606511910e+02
4.285777652921928507e+02
4.288977109491182205e+02
4.292540154341317020e+02
4.295842918236419905e+02
4.298912901342434338e+02
4.301742746702154250e+02
4.303938033099209974e+02
4.305693722666584904e+02
4.306966560054406727e+02
4.307822187222338357e+02
4.308364434474510176e+02
4.308645363166326092e+02
4.308899019337297318e+02
4.308985312697036534e+02
4.309085799638108938e+02
4.309289216193532752e+02
4.309390897952199566e+02
4.309618199746697655e+02
4.309882585209575723e+02
4.310117390181887345e+02
4.310444872895083677e+02
4.310755655107058146e+02
4.311111433690236368e+02
4.311467656067098346e+02
4.311836661513592617e+02
4.312260872919054577e+02
4.312625927620082962e+02
4.313056374191057785e+02
4.313489624720556890e+02
4.313873823204926339e+02
4.314326113576011039e+02
4.314731166701360507e+02
4.315133273226351776e+02
4.315548758733577870e+02
4.315924500862047921e+02
4.316316386063450068e+02
4.316671061845128747e+02
4.317031594750962427e+02
4.317387511952595673e+02
4.317705460070255867e+02
4.318062356356066971e+02
4.318388276896064326e+02
4.318715296899780469e+02
4.319074162384923170e+02
4.319405192624029155e+02
4.319766503457817635e+02
4.320127785933545397e+02
4.320485466265279797e+02
4.320856463759149619e+02
4.321200954249897563e+02
4.321551914714850113e+02
4.321873806967568612e+02
4.322171317942485302e+02
4.322469571375608552e+02
4.322727148309884910e+02
4.322989823282787825e+02
4.323247377376125087e+02
4.323490538229687559e+02
4.323754172519386429e+02
4.324010097477572572e+02
4.324281713435431129e+02
4.324568167025224739e+02
4.324864226342647839e+02
4.325194043976771923e+02
4.325530937682637500e+02
4.325889576147869775e+02
4.326254700922856387e+02
4.326596745454036750e+02
4.326925864763335312e+02
4.327207843815527895e+02
4.327447370327689669e+02
4.327654011938744247e+02
4.327822207612133525e+02
4.327983206499057474e+02
4.328135778530619859e+02
4.328293452691899574e+02
4.328464528906897044e+02
4.328637767564306955e+02
4.328833740147632057e+02
4.329049663359510873e+02
4.329303774817843191e+02
4.329621787617559789e+02
4.330000347245942294e+02
4.330447551428012503e+02
4.330930897973886999e+02
4.331401856184933763e+02
4.331812539430328002e+02
4.332103830247645533e+02
4.332261356307176925e+02
4.332293294837671169e+02
4.332243517696873596e+02
4.332183199033124197e+02
4.332159064165093127e+02
4.332206663541413718e+02
4.332315525083621992e+02
4.332446634169514823e+02
4.332574795118014208e+02
4.332691574842396562e+02
4.332849679011204671e+02
4.333138324281782729e+02
4.333644741002904084e+02
4.334416290052895420e+02
4.335393214844532395e+02
4.336418464720484280e+02
4.337264780456345079e+02
4.337710845762325675e+02
4.337649573815969575e+02
4.337129906178399210e+02
4.336370674462553438e+02
4.335679415029702568e+02
4.335319105974162994e+02
4.335401934210672721e+02
4.335816504941305425e+02
4.336285814816584434e+02
4.336511368602493803e+02
4.336346305301997859e+02
4.335935607840553416e+02
4.335700202284813258e+02
4.336188315252815642e+02
4.337813872539850877e+02
4.340580107656527389e+02
4.343952041688548888e+02
4.346944867699541533e+02
4.348480180109556272e+02
4.347873940098669436e+02
4.345216472136110610e+02
4.341464232623782209e+02
4.338128131755184995e+02
4.336664410926085225e+02
4.337783909901270931e+02
4.340983362224729945e+02
4.344640464668391360e+02
4.346740870643964172e+02
4.345955775778411407e+02
4.342501755135392045e+02
4.338294658428259254e+02
4.336316319992691319e+02
4.339380413376508727e+02
4.348665786800910951e+02
4.362556786813598819e+02
4.376561358197324694e+02
4.384920440598040159e+02
4.383410826651635830e+02
4.371739725889217425e+02
4.354130060420653194e+02
4.337976560387950826e+02
4.331250167792089201e+02
4.339012476989265679e+02
4.359787369839266375e+02
4.384462560834988381e+02
4.400374784948315892e+02
4.398771985300766687e+02
4.380007207165867271e+02
4.353332825920734308e+02
4.333124866038419327e+02
4.334224235404707883e+02
4.366405993659337241e+02
4.426813975412365494e+02
4.495163633647213715e+02
4.540618607576919885e+02
4.539977786810466682e+02
4.492802875459864822e+02
4.420399790045388499e+02
4.353494192899672157e+02
4.325180855014306758e+02
4.365223165659117512e+02
4.474843790190855657e+02
4.604691066543063585e+02
4.680187166879832148e+02
4.660790677572935579e+02
4.568156632916029025e+02
4.457086503925597754e+02
4.377255451858288211e+02
4.376802289412994469e+02
4.498397639647516257e+02
4.724612842565437063e+02
4.947732265659075210e+02
5.028769680808350131e+02
4.934606329971193190e+02
4.754675619523605974e+02
4.577690559778836814e+02
4.462183132359071465e+02
4.494915699574389123e+02
4.679634040996961630e+02
4.904285029229931752e+02
5.019553554134629394e+02
4.954472628051697711e+02
4.782722386651516331e+02
4.626485933013334488e+02
4.533253371666092448e+02
4.533765196716030346e+02
4.621297124848293834e+02
4.761672974844337318e+02
4.879649396495948395e+02
4.897641134844533894e+02
4.803438943748437282e+02
4.661951132058712801e+02
4.544469035857468953e+02
4.485654945061129979e+02
4.488611347233984930e+02
4.522017034754450719e+02
4.576804830316854122e+02
4.639400133135283681e+02
4.680863468474081515e+02
4.661899428606744209e+02
4.594605276381706176e+02
4.501146842779054396e+02
4.421884487833496564e+02
4.382347912672986467e+02
4.391395789649055814e+02
4.438654576826357356e+02
4.514048995492557310e+02
4.598954799434840766e+02
4.658966348476702706e+02
4.658451876021042608e+02
4.599471425293649531e+02
4.495174130344581727e+02
4.414757241955414315e+02
4.399380485032842216e+02
4.438906211906384556e+02
4.504649946638471647e+02
4.575222100749432457e+02
4.613275064261766261e+02
4.598677968057747307e+02
4.530629569686246327e+02
4.449140992742556477e+02
4.372575911584617643e+02
4.351249856949348214e+02
4.381921952566784171e+02
4.443216954383083248e+02
4.516390274187784826e+02
4.580154332113936562e+02
4.594236903889323003e+02
4.562329158813473668e+02
4.492205743213258984e+02
4.417697831827521782e+02
4.367294131294466979e+02
4.373169203818481492e+02
4.419085867296985271e+02
4.487843546119738676e+02
4.556107532881326847e+02
4.594722617310168857e+02
4.568780320765478109e+02
4.505658923142142385e+02
4.422419819297446111e+02
4.356978657607569971e+02
4.339791027867844377e+02
4.381560907699362701e+02
4.457381175895793035e+02
4.548065476838256700e+02
4.615661864787205104e+02
4.631122545346578363e+02
4.575180051038740316e+02
4.488065553054019574e+02
4.405898756767470559e+02
4.376096816331627792e+02
4.410950918436112715e+02
4.489650761664232732e+02
4.570320027327848038e+02
4.628758983679236962e+02
4.622911152641018475e+02
4.557334886254525941e+02
4.460243312501460196e+02
4.382065379473626194e+02
4.350236150785760856e+02
4.380265536690645831e+02
4.454919575111838412e+02
4.547007217822620646e+02
4.615962072712308100e+02
4.641439837735852620e+02
4.599309669119929822e+02
4.515992644851098134e+02
4.427062490265670363e+02
4.380346666788307743e+02
4.393659818333502471e+02
4.458085378794651206e+02
4.541139839085576000e+02
4.615193273299476004e+02
4.635650255897155603e+02
4.595479886009756001e+02
4.506422826172139366e+02
4.415813143916452077e+02
4.357472555555328881e+02
4.360121443933847445e+02
