-6.001333361014341006e-04
-9.295299545664936769e-04
-1.887786322981310771e-03
-3.061605635841180284e-03
-3.662221768105267117e-03
-5.619678384315374142e-03
-7.076367876093891951e-03
-8.760596450250957012e-03
-1.138197766116144649e-02
-1.343764423247306716e-02
-1.600664505485671629e-02
-1.861154738604553494e-02
-2.142704068695544528e-02
-2.432949678704376950e-02
-2.680860498319992402e-02
-2.999066706355679734e-02
-3.241304163393787796e-02
-3.470183268015003542e-02
-3.747824213069650412e-02
-3.919421309870085857e-02
-4.137996400574461831e-02
-4.352325923879574177e-02
-4.496936081518820849e-02
-4.693500057794341984e-02
-4.856565226526887713e-02
-5.017900953970588773e-02
-5.191584191727072195e-02
-5.364084777565558682e-02
-5.570563608852241444e-02
-5.755429316816140783e-02
-5.980020247210715567e-02
-6.214411640597017339e-02
-6.431074437420702949e-02
-6.700351221141254143e-02
-6.944132525301505154e-02
-7.197257068870621666e-02
-7.474743415142315328e-02
-7.712475045197830781e-02
-7.966334322528645373e-02
-8.199087094018109312e-02
-8.409187520811123306e-02
-8.620358536876526756e-02
-8.789185532671073275e-02
-8.958866958934841307e-02
-9.101962393825324682e-02
-9.214731509712503765e-02
-9.329048474351608888e-02
-9.406662323532355430e-02
-9.484410757721395413e-02
-9.550451455300468240e-02
-9.600623881626413336e-02
-9.662660308757065053e-02
-9.706128803625491130e-02
-9.760693161845157562e-02
-9.816239870297494008e-02
-9.864952867994958297e-02
-9.935693762047126398e-02
-9.993341432063740370e-02
-1.005654569849774305e-01
-1.012286447001216061e-01
-1.016401377755542512e-01
-1.019715836100916206e-01
-1.019177027114004375e-01
-1.013725469925823575e-01
-1.001983646200601541e-01
-9.800187830056117377e-02
-9.464745909462557449e-02
-8.964527755151330268e-02
-8.266786637640866076e-02
-7.333561054552450997e-02
-6.104533605629391957e-02
-4.553038442202161917e-02
-2.619860227412118547e-02
-2.620682921269157362e-03
2.548466322070286338e-02
5.862605866697112589e-02
9.695517595173885894e-02
1.407450717060525491e-01
1.901894731518920523e-01
2.452982061973134620e-01
3.062456292595960861e-01
3.729622020636762514e-01
4.454671365501718938e-01
5.237576418459219951e-01
6.076798274698056446e-01
6.972488111919332709e-01
7.922842588516472162e-01
8.926531326567177516e-01
9.982455937370264820e-01
1.108773881078900736e+00
1.224084627249713009e+00
1.343865197350604390e+00
1.467805098157658250e+00
1.595633201859954831e+00
1.726921976773029499e+00
1.861373883427268616e+00
1.998586576400660064e+00
2.138143882582527411e+00
2.279694654044619462e+00
2.422744496469245945e+00
2.566878530046797557e+00
2.711614184886294687e+00
2.856412069717797486e+00
3.000777369637527947e+00
3.144068727366541083e+00
3.285632715851214414e+00
3.424664440051212289e+00
3.560146239755179742e+00
3.690907683109603710e+00
3.815434232294045103e+00
3.932017617426925682e+00
4.038764633481512156e+00
4.133666351052437626e+00
4.214887134149664760e+00
4.280794194122265139e+00
4.330179587431598698e+00
4.362320017431704500e+00
4.376887801012351531e+00
4.373977329915305745e+00
4.353899962641687438e+00
4.317147151668967453e+00
4.264344700929475707e+00
4.196143722423448352e+00
4.113263698972428273e+00
4.016343747671077935e+00
3.905886930371959664e+00
3.782235361832383180e+00
3.645495030050578400e+00
3.495659756735801871e+00
3.332658211906277756e+00
3.156451190908419857e+00
2.967161021638452745e+00
2.765076885365632897e+00
2.550748106834402673e+00
2.325000366566200682e+00
2.088941751643788702e+00
1.844016229566701526e+00
1.591929945279692671e+00
1.334609491729680464e+00
1.074088556406647132e+00
8.123476070737774002e-01
5.512380514610919491e-01
2.923698465926372059e-01
3.709089462895676093e-02
-2.134965190709716687e-01
-4.585345888745857579e-01
-6.973270713235462104e-01
-9.292968696399732664e-01
-1.153908082720905171e+00
-1.370566910722708975e+00
-1.578584024299050981e+00
-1.777112201245764744e+00
-1.965166212053970796e+00
-2.141690376897751324e+00
-2.305638364714808208e+00
-2.456116786582993594e+00
-2.592476894669641485e+00
-2.714393886657134214e+00
-2.821917827815188407e+00
-2.915449686660577910e+00
-2.995714175702862470e+00
-3.063663971297994060e+00
-3.120361504193911895e+00
-3.166866578917651331e+00
-3.204098421812694220e+00
-3.232758212349270188e+00
-3.253279052880196254e+00
-3.265828761063961139e+00
-3.270385661702853497e+00
-3.266820059935707565e+00
-3.255012818307477129e+00
-3.234954523459090847e+00
-3.206807707455288980e+00
-3.170950742895193741e+00
-3.127953569639960296e+00
-3.078530688462404630e+00
-3.023464742080998580e+00
-2.963507434470521673e+00
-2.899310181412722454e+00
-2.831363189188063512e+00
-2.759984729337353393e+00
-2.685357192400556592e+00
-2.607584691127636578e+00
-2.526786096876541432e+00
-2.443167841242022575e+00
-2.357073903541496929e+00
-2.269000130450921304e+00
-2.179548788682449167e+00
-2.089359422356322327e+00
-1.999007350677219907e+00
-1.908901943763939624e+00
-1.819216249464857604e+00
-1.729845723506516997e+00
-1.640433052718155427e+00
-1.550441984289720132e+00
-1.459272214892329167e+00
-1.366404916786714718e+00
-1.271529621875905125e+00
-1.174644687030289347e+00
-1.076098402763434159e+00
-9.778781260590330149e-01
-8.800020650174773529e-01
-7.834967124374436764e-01
-6.900290048487169869e-01
-5.988427638230096051e-01
-5.120568841039823127e-01
-4.300209909929844088e-01
-3.512841032950775322e-01
-2.763409333262876189e-01
-2.041802895141988650e-01
-1.330642734797082838e-01
-6.280435975173492835e-02
6.731603780194994613e-03
7.628357038817901170e-02
1.453505115584272644e-01
2.124194182269634190e-01
2.775137805327405616e-01
3.398309180182983447e-01
3.997947891374220575e-01
4.623627608108771270e-01
5.330396876687499841e-01
6.195966201341938095e-01
7.302062566906131202e-01
8.665001659640858556e-01
1.024414211207163028e+00
1.192560968468059812e+00
1.353425937694229919e+00
1.490185156117291854e+00
1.589997787876410662e+00
1.647224967880976720e+00
1.664584137533612118e+00
1.651215206682332681e+00
1.620479751773457266e+00
1.587908876993147977e+00
1.570491125964414536e+00
1.584341556479057278e+00
1.643120778137733051e+00
1.756300355622689047e+00
1.924682391292455996e+00
2.140923238496054370e+00
2.390394224521939837e+00
2.652859127803336659e+00
2.909061033741737745e+00
3.142491414821181994e+00
3.341396518169105878e+00
3.500254286846937735e+00
3.616919368695365122e+00
3.692909046064475564e+00
3.733017713408671057e+00
3.745047669800833035e+00
3.740601028484710433e+00
3.734001971763265537e+00
3.741381554840608636e+00
3.778337325681926817e+00
3.858767424791571088e+00
3.994145538601701073e+00
4.191876832193122127e+00
4.455936248094504393e+00
4.784648064610678375e+00
5.168581151277654051e+00
5.590581427013139759e+00
6.024250049935146123e+00
6.436733359505984353e+00
6.793339360194952548e+00
7.061720838326547067e+00
7.218350216686044263e+00
7.252484126259203023e+00
7.168609947579110298e+00
6.987774442951977250e+00
6.745993456175869873e+00
6.491602595812326015e+00
6.279927912316975558e+00
6.166851718272521765e+00
6.201000955126557912e+00
6.415381977278018510e+00
6.822034818431530923e+00
7.407836108682990250e+00
8.134848804525915966e+00
8.944730084681642879e+00
9.764361701267590732e+00
1.051509205926844537e+01
1.112187262490265027e+01
1.152181080677079805e+01
1.167313424566292923e+01
1.156114640129530713e+01
1.120215948111151150e+01
1.064423756316570646e+01
9.963439841867456792e+00
9.257032510325501562e+00
8.633097336604652838e+00
8.198803725074608195e+00
8.047826854784256412e+00
8.248455084259461501e+00
8.834177676902783105e+00
9.796068395682059560e+00
1.108009631312468279e+01
1.258885453743414473e+01
1.418803554256334820e+01
1.571932238251304881e+01
1.701672102365491668e+01
1.792597601066808366e+01
1.832530388959489898e+01
1.814343884937769147e+01
1.737407158988044387e+01
1.608372107504091275e+01
1.441095549804479248e+01
1.255701772931913140e+01
1.076712718199019747e+01
9.304430059887977222e+00
8.418439000544484685e+00
8.311732802762705319e+00
9.109001018184860854e+00
1.083235675847132740e+01
1.338861143172634449e+01
1.657010780771246061e+01
2.007075288373380317e+01
2.351641086447315132e+01
2.650498084394212128e+01
2.865339186992840936e+01
2.964673631312255608e+01
2.928383777021463175e+01
2.751456262043686607e+01
2.446159630194031109e+01
2.042118683920442379e+01
1.584132388872574992e+01
1.127870631034711657e+01
7.340067883329847831e+00
4.613515634711746749e+00
3.595470236241442574e+00
4.618797077560135023e+00
7.791278627281468694e+00
1.295726237052893026e+01
1.969298869141882946e+01
2.734112456785227252e+01
3.507801406552281520e+01
4.200005943340496373e+01
4.721902955043479011e+01
4.996194495495220167e+01
4.967513444958197510e+01
4.612539296305980940e+01
3.947523666094539863e+01
3.030439831396563832e+01
1.956389559963159286e+01
8.474759280110257365e+00
-1.597647450928606716e+00
-9.272730838008595100e+00
-1.329376048658455289e+01
-1.269749311874990383e+01
-7.009432157108971495e+00
3.589635759500513501e+00
1.820893344894818355e+01
3.535453901235948138e+01
5.315593127456357792e+01
6.960012528596459447e+01
8.268754471254177929e+01
9.054009730510529153e+01
9.158662004285233138e+01
8.489947011317920555e+01
7.057352226915641324e+01
4.989757053901136885e+01
2.514236372635192041e+01
-9.245561848458869747e-01
-2.544607437743081135e+01
-4.555455206262207213e+01
-5.828056928642159562e+01
-6.075125247719377342e+01
-5.095725618041806371e+01
-2.880170963570941822e+01
3.347411437937061862e+00
4.124578393089979045e+01
8.026257040348684768e+01
1.166269638696986988e+02
1.473146064679593223e+02
1.687848522727207694e+02
1.763232761327115554e+02
1.655185846559691640e+02
1.352392608144909900e+02
8.950257334277878840e+01
3.598769735312991713e+01
-1.811204836633891091e+01
-6.902704737117284139e+01
-1.146709985685956923e+02
-1.499175051157820349e+02
-1.649733445756575634e+02
-1.498267551797613919e+02
-1.021550174549195731e+02
-3.193667468641173457e+01
4.312109650730522503e+01
1.095196294277886153e+02
1.671554750417863602e+02
2.226402844569398951e+02
2.728371423057321863e+02
2.986844020603431886e+02
2.783106590693325870e+02
2.089167944708332811e+02
1.140326774446018305e+02
2.570607522262635314e+01
-4.332720308187363401e+01
-1.049221603826964611e+02
-1.693450048040938896e+02
-2.212693525110769883e+02
-2.297634275754974738e+02
-1.805091787583120038e+02
-9.325711173321627712e+01
-6.264237239228549470e+00
4.967124187589676865e+01
8.188313630412696398e+01
1.189744970909853379e+02
1.677706596088363540e+02
2.040995735546918013e+02
1.986923209300159385e+02
1.538195064530006562e+02
9.968073721621684058e+01
5.046553732382918156e+01
1.066268562295724109e+01
-1.442551297475672811e+01
-3.913472617804285392e+01
-7.178345734948163681e+01
-9.565866967734937987e+01
-9.252939823072188119e+01
-6.704803249722016290e+01
-4.010451692959570380e+01
-1.757654819877312491e+01
2.766404970708364885e+00
2.079154944750985123e+01
4.331955289596268699e+01
7.970320994092081435e+01
1.287236394834671387e+02
1.625022135454009913e+02
1.551991868130801606e+02
1.215684774586133017e+02
8.387528437723197783e+01
4.740859925240336992e+01
1.569422912171702933e+01
-1.241365825492640340e+01
-4.781591537138294257e+01
-9.755637940955412546e+01
-1.438161432357549927e+02
-1.525849619081797357e+02
-1.161989248370197316e+02
-6.294366134920012712e+01
-1.771827281022626721e+01
1.659642612842833387e+01
4.134686522430709488e+01
6.095038586566914773e+01
8.654646160015155942e+01
1.196888643943080126e+02
1.415578638639848634e+02
1.328314682347644293e+02
9.739492927831514635e+01
5.500099994819350258e+01
1.707234307057957778e+01
-1.688405109431194262e+01
-4.792556226614580339e+01
-7.668962263480912611e+01
-1.039582215202936908e+02
-1.245549635425039554e+02
-1.246629711138115795e+02
-9.814353056993942914e+01
-5.725233901959194327e+01
-1.735137560668769652e+01
1.716880484252227745e+01
4.970656351791788552e+01
8.500688947519572025e+01
1.212698846779711630e+02
1.488628536795979187e+02
1.564791811653930154e+02
1.359572886273844858e+02
9.359727290115036169e+01
4.614923415133314677e+01
4.804911218531444206e+00
-3.135172552589010309e+01
-7.029357555414374303e+01
-1.134996378986534609e+02
-1.473458257589553853e+02
-1.536493259204684705e+02
-1.276556732019424487e+02
-8.042683326951188860e+01
-2.938203385161234849e+01
1.249588851255428779e+01
4.285801289083867971e+01
7.101197177717619979e+01
1.048252535584048104e+02
1.376988601089434781e+02
1.530347659372202997e+02
1.385763666846664250e+02
1.003501428020592812e+02
5.405306368135576633e+01
1.079573751060158315e+01
-2.560412481433510834e+01
-5.856814818816367563e+01
-9.493812760362607150e+01
-1.309239533864716236e+02
-1.494206657569843628e+02
-1.375021766678209190e+02
-9.935195758511153485e+01
-5.111872426820348636e+01
-7.220011044411265289e+00
2.705702280438465834e+01
5.723603335788182278e+01
9.052624116200831850e+01
