9.999945667247784886e-01
9.999865226337707469e-01
9.999819338173123739e-01
9.999748073356733435e-01
9.999684225713789676e-01
9.999629370031731801e-01
9.999555694750695833e-01
9.999503745868082438e-01
9.999433984006684817e-01
9.999371602101380097e-01
9.999316764238176392e-01
9.999241985192913740e-01
9.999190475991566185e-01
9.999124509820755957e-01
9.999058059319023695e-01
9.999005504856682824e-01
9.998934625068146564e-01
9.998878509844677520e-01
9.998816857797321322e-01
9.998751799083716030e-01
9.998697761097883330e-01
9.998629963116605346e-01
9.998574536172970539e-01
9.998514319522934235e-01
9.998449873145653921e-01
9.998397809008199300e-01
9.998332448994663446e-01
9.998276017843882313e-01
9.998219774837946439e-01
9.998156733731435875e-01
9.998104436850252519e-01
9.997950665867630926e-01
9.997748516660687201e-01
9.997536155181513395e-01
9.997311689935087786e-01
9.997078025116776789e-01
9.996832837598467192e-01
9.996577154975511137e-01
9.996311508747773855e-01
9.996034987058414201e-01
9.995749527621986541e-01
9.995453847631844413e-01
9.995149773960394501e-01
9.994837856952450972e-01
9.994517593268787969e-01
9.994191818027583496e-01
9.993859835387413071e-01
9.993522970739274758e-01
9.993183075850470276e-01
9.992839746632272702e-01
9.992495231088807106e-01
9.992149943553833014e-01
9.991804810958939687e-01
9.991461384862392325e-01
9.991119562560788481e-01
9.990781254672889133e-01
9.990446518592375202e-01
9.990116009619588455e-01
9.989791197758755015e-01
9.989471473341787755e-01
9.989158225640197841e-01
9.988851640567731893e-01
9.988551619097832956e-01
9.988259215691011050e-01
9.987973841594836033e-01
9.987696121012425987e-01
9.987425992895866411e-01
9.987163104393856905e-01
9.986907995793310455e-01
9.986659798274255539e-01
9.986418768168197069e-01
9.986184689970695194e-01
9.985956879258485186e-01
9.985735756249669581e-01
9.985520663296429955e-01
9.985311655242277151e-01
9.985108922647851770e-01
9.984912179893348227e-01
9.984722124402509724e-01
9.984538834678923225e-01
9.984362938704910428e-01
9.984195317675698123e-01
9.984036378648465382e-01
9.983887475057002803e-01
9.983749339293594982e-01
9.983623005445562137e-01
9.983504431444901739e-01
9.983397417633267379e-01
9.983305101383947999e-01
9.983228372911607806e-01
9.983167971570663379e-01
9.983124683707509384e-01
9.983098952509732449e-01
9.983091382382787149e-01
9.983102339495362187e-01
9.983132261246335792e-01
9.983181870252048062e-01
9.983251800088144279e-01
9.983343327222859998e-01
9.983458143619631242e-01
9.983598531906417994e-01
9.983767931043734389e-01
9.983970707875229333e-01
9.984212725418086798e-01
9.984501366857818638e-01
9.984845534936527267e-01
9.985255772520275075e-01
9.985743637228170488e-01
9.986321478874162771e-01
9.987001590516497718e-01
9.987795318056366112e-01
9.988712575299129037e-01
9.989719677432256084e-01
9.990849606552332229e-01
9.992113151506406554e-01
9.993509309023305143e-01
9.993086613641886107e-01
9.992191904335551156e-01
9.991276079131523602e-01
9.990340236860957290e-01
9.989237004245089535e-01
9.988068214654948207e-01
9.986874455078160739e-01
9.985606764531439472e-01
9.984198119109926051e-01
9.982655222743285206e-01
9.980863552362133628e-01
9.979040403611053600e-01
9.977019009506279401e-01
9.974709322264527778e-01
9.972089020702530338e-01
9.969419536373060886e-01
9.966708849330452313e-01
9.963966664500174542e-01
9.961204248042743181e-01
9.958433807267084159e-01
9.955668072605982077e-01
9.952919626796772334e-01
9.950162015575104713e-01
9.947387293473430869e-01
9.944660601934632860e-01
9.941990109270653075e-01
9.939382405170938961e-01
9.936842754151888890e-01
9.934375621754674146e-01
9.931985090736946686e-01
9.929675404611716383e-01
9.927451278861683104e-01
9.925317963687703138e-01
9.923281175911065066e-01
9.921346641098450769e-01
9.919519589362171264e-01
9.917804125105410540e-01
9.916199362573872023e-01
9.914680634028689710e-01
9.913276296336451798e-01
9.911981335898457646e-01
9.910788421580354335e-01
9.909688505881283360e-01
9.908671727026880927e-01
9.907728311735092275e-01
9.906849475681833717e-01
9.906028129083798150e-01
9.905259229180586322e-01
9.904539867726906976e-01
9.903868953430038369e-01
9.903246656320149333e-01
9.902673707179274754e-01
9.902150611789219958e-01
9.901677028367485978e-01
9.901251303253805203e-01
9.900870292100236725e-01
9.900529487069686940e-01
9.900223333724508246e-01
9.899945753581113062e-01
9.899690671090346505e-01
9.899452471452748759e-01
9.899226334893462820e-01
9.899008332120823317e-01
9.898795382144236488e-01
9.898585062620769426e-01
9.898375365753543376e-01
9.898164522730596993e-01
9.897950896559353229e-01
9.897733048149209845e-01
9.897509923585225966e-01
9.897281108375618475e-01
9.897047104861879108e-01
9.896809472638868899e-01
9.896570802617521423e-01
9.896334449761174934e-01
9.896104015119909780e-01
9.895882683686806347e-01
9.895672475928214418e-01
9.895466021797248990e-01
9.895264295590863179e-01
9.895066883049348228e-01
9.894867584364219759e-01
9.894658856763143273e-01
9.894432702614563979e-01
9.894181186011338225e-01
9.893900817783444213e-01
9.893587380313472179e-01
9.893238006817028918e-01
9.892862647610045634e-01
9.892462654732846472e-01
9.892043145472158017e-01
9.891621268110334375e-01
9.891198577664901403e-01
9.890783740653675826e-01
9.890386970949116563e-01
9.890008729577861590e-01
9.889655390230509546e-01
9.889332468517951780e-01
9.889050041553640868e-01
9.888819625113152156e-01
9.888657168108071494e-01
9.888582289250359425e-01
9.888600005788076297e-01
9.888708866288670185e-01
9.888888456881339550e-01
9.889091289117459826e-01
9.889260499823725459e-01
9.889327038247091028e-01
9.889223708895883425e-01
9.888901323656533737e-01
9.888334134702579936e-01
9.887531006629115549e-01
9.886535658596887766e-01
9.885428902644308735e-01
9.884318638865816631e-01
9.883323380019963800e-01
9.882561121720906394e-01
9.882121276855693193e-01
9.882050064033747194e-01
9.882343714685414282e-01
9.882939780199104796e-01
9.883731079823659949e-01
9.884578468757416747e-01
9.885329179257199561e-01
9.885839425045233053e-01
9.885989768577188030e-01
9.885704145390306063e-01
9.884957094592591309e-01
9.883779515170924013e-01
9.882258569211062049e-01
9.880524143520688085e-01
9.878738102889844663e-01
9.877074390892831568e-01
9.875698496875173760e-01
9.874752829487635220e-01
9.874339494182681198e-01
9.874511090404103353e-01
9.875262877363319980e-01
9.876528291946213844e-01
9.878181888599628646e-01
9.880043045379846012e-01
9.881891163120959387e-01
9.883484958445967195e-01
9.884585681363415866e-01
9.884987939433593773e-01
9.884545245730673724e-01
9.883195077347607382e-01
9.880977161936287390e-01
9.878039653787250574e-01
9.874636115671259207e-01
9.871105650776333951e-01
9.867841138362134501e-01
9.865245030922040748e-01
9.863676552473601422e-01
9.863401253587450457e-01
9.864544188291572979e-01
9.867059499125084843e-01
9.870720484703783271e-01
9.875130464965513610e-01
9.879759846338572737e-01
9.883567515577308393e-01
9.886307194274189802e-01
9.887627491144361791e-01
9.887184658407510707e-01
9.884825909185861459e-01
9.880624242778005550e-01
9.874887471543465356e-01
9.868140034655742410e-01
9.860490344555261633e-01
9.853147091808291957e-01
9.847152141526205327e-01
9.843308097858920469e-01
9.842131284848820716e-01
9.844149186251494044e-01
9.849269176869744902e-01
9.856973057975451091e-01
9.866569115227086240e-01
9.876431695663362431e-01
9.885216928113198520e-01
9.892345086855731662e-01
9.894040196828900458e-01
9.892794983664527919e-01
9.889512574059076133e-01
9.884330791960559415e-01
9.875796756855214076e-01
9.862003742586611388e-01
9.846853633794315774e-01
9.830484892419198983e-01
9.816023740521695462e-01
9.804960979770243057e-01
9.799983756909818045e-01
9.802250768420884830e-01
9.812132989648763015e-01
9.829088292382085479e-01
9.850868953439768649e-01
9.874020536621501698e-01
9.892955164260759382e-01
9.896186755698113124e-01
9.891800911238900484e-01
9.885986946571947431e-01
9.879838964126568257e-01
9.873998992675619979e-01
9.868858745636368557e-01
9.857929420213417115e-01
9.829129166204587653e-01
9.792243598041890928e-01
9.755629059443926554e-01
9.726913627906661475e-01
9.711341950773280107e-01
9.712067017906116373e-01
9.730507288466534455e-01
9.766000668849079691e-01
9.815686160650778369e-01
9.872180580838501029e-01
9.901552264874903253e-01
9.892916290167758087e-01
9.878802869160728806e-01
9.863940348826994997e-01
9.850052205515301695e-01
9.838881930906764328e-01
9.831958194740897383e-01
9.827667526981948010e-01
9.809040157459429921e-01
9.726580549918250052e-01
9.636883416454128382e-01
9.563624010635456418e-01
9.518299830122544103e-01
9.509263797558890063e-01
9.541151152170004313e-01
9.613928268295947044e-01
9.722408656541464689e-01
9.856363871154408818e-01
9.920821068651858310e-01
9.851348354450618627e-01
9.729813631700486853e-01
9.650315731672926001e-01
9.627177619567200972e-01
9.669020792936821040e-01
9.748905034937219716e-01
9.748058901495786355e-01
9.749841820136346815e-01
9.617728652714946369e-01
9.401934507946910768e-01
9.218253534057272436e-01
9.094244489816860622e-01
9.051137268420463844e-01
9.102102316270900273e-01
9.250031160057814450e-01
9.485958083981905764e-01
9.788446895498443823e-01
9.870731311161754507e-01
9.521492856261846160e-01
9.222194891124990690e-01
9.011900552152495303e-01
8.924964243536377406e-01
8.985535132803554870e-01
9.200299609652091704e-01
9.555507850216290455e-01
9.592621704561639095e-01
9.455697402454954492e-01
8.964338262395575851e-01
8.536080131249044189e-01
8.238228358289760855e-01
8.114868303270951211e-01
8.196457837485936482e-01
8.495674767764376245e-01
8.987511951713855751e-01
9.632649035386733338e-01
9.610963669392079689e-01
8.857124104191209657e-01
8.219169623290193405e-01
7.777932358001403701e-01
7.601617993740070744e-01
7.729295788705380366e-01
8.162112535047568729e-01
8.883625747837042841e-01
9.273872017514970256e-01
9.130816363955287507e-01
8.231707444746376723e-01
7.500729767994359642e-01
7.045017312142826116e-01
6.952243916219037478e-01
7.239743863526901801e-01
7.864439014620863144e-01
8.742986533831689222e-01
9.266852340715570069e-01
9.003323922495412024e-01
8.027596129814675852e-01
7.310637644502367971e-01
6.967290424354103395e-01
7.005195397821354364e-01
7.395842005507837769e-01
8.096150016777121650e-01
9.026588947295320908e-01
9.043474008455255619e-01
8.818518889945204942e-01
8.052694217557132550e-01
7.471963977409188384e-01
7.192368704875194974e-01
7.231999644300537433e-01
7.572221627230555363e-01
8.135694069883270263e-01
8.831542171033122113e-01
9.240773605685417280e-01
9.185947661747708715e-01
8.633041526957936362e-01
7.985735733629136801e-01
7.567564358660903157e-01
7.431963534069354615e-01
7.564729844302144901e-01
7.948850154113260569e-01
8.524560859761866061e-01
9.237821666484309358e-01
9.271979650581524401e-01
9.085665497516833833e-01
8.433034263472852787e-01
7.900335507666483847e-01
7.607799184860052355e-01
7.596806086009195713e-01
7.874588134693333297e-01
8.377609974658623004e-01
9.016900393053253193e-01
9.405296359149708518e-01
9.339969607376351624e-01
8.738362201139817653e-01
8.183392044661046416e-01
7.849671346132932603e-01
7.779932541675222968e-01
7.974153486371050592e-01
8.409036346081296687e-01
9.014173524854922626e-01
9.356329805692847890e-01
9.328515230376932532e-01
8.848707781539991712e-01
8.308984223835883531e-01
7.945795380260840535e-01
7.797225687517006509e-01
7.885407078691187843e-01
8.210599974552682534e-01
8.711140358587831090e-01
9.330647983046757021e-01
9.470705854260591527e-01
9.202579787775653219e-01
8.577159003450036678e-01
8.111875872822685851e-01
7.869855019045967071e-01
7.869422550382197956e-01
8.119779029319473818e-01
8.595206624715971966e-01
9.230099115595057357e-01
9.388954084658016619e-01
9.227766756032760309e-01
8.595487561790661202e-01
8.078273296091080802e-01
7.778404405480464634e-01
7.724850760791338589e-01
7.942598511118421634e-01
8.394370477008051834e-01
9.006280327063183044e-01
9.440786045875193544e-01
9.387153794854909972e-01
8.761084083164407676e-01
8.193906424123480470e-01
7.850349708755257616e-01
7.769377106943662348e-01
7.953768437915608169e-01
8.387539937593323502e-01
9.008499007458674601e-01
9.354471513801847493e-01
9.311404813336161546e-01
8.744362129986508192e-01
8.170781713947621316e-01
7.796447797043248862e-01
7.657189127447144861e-01
7.785553825156223962e-01
8.166657276043213232e-01
8.729458252829057630e-01
9.406853686704803597e-01
9.435491899209738076e-01
9.029314875435416887e-01
8.385578703059461958e-01
7.935700775881489033e-01
7.740386582657872161e-01
7.805130358544515312e-01
8.137987373462790552e-01
