2.691084647600000324e+01
1.446176880800000042e+01
1.405345155300000037e+01
1.348636933800000115e+01
1.381432089300000143e+01
1.434268298000000108e+01
1.312482045800000030e+01
1.339995940800000085e+01
1.287872759500000086e+01
1.366389102200000139e+01
1.372450916500000062e+01
1.311524469500000123e+01
7.912315918000000892e+00
8.056059358000000614e+00
8.197316783999999856e+00
7.994128968000000057e+00
1.413947010600000098e+01
1.428188003800000061e+01
1.460808159800000006e+01
1.449167294900000158e+01
1.808822753800000172e+01
2.295889218100000306e+01
2.176499815300000051e+01
2.218393919300000050e+01
2.135103237500000262e+01
2.136646105800000228e+01
2.228897658800000059e+01
2.185297863300000287e+01
2.169847209100000285e+01
2.206813300000000311e+01
2.222758756300000016e+01
2.184532754099999963e+01
2.177782340600000310e+01
2.187138990900000124e+01
2.127620518000000160e+01
2.161372826300000227e+01
2.200694750000000255e+01
2.182466739300000214e+01
2.116948314800000119e+01
2.224170796299999964e+01
2.126157646700000114e+01
2.174225292800000275e+01
2.209489925000000099e+01
2.128754572100000075e+01
2.102905125800000263e+01
2.156310743900000304e+01
2.143924573900000041e+01
2.165970794800000121e+01
2.209709641800000313e+01
2.182852310200000190e+01
2.107091664400000042e+01
2.097259339700000069e+01
2.090331589700000237e+01
2.145181453000000005e+01
2.182552605100000065e+01
2.132908761600000247e+01
2.145701092200000204e+01
2.181641320700000009e+01
2.148531961000000123e+01
2.177422746200000248e+01
2.161770530900000153e+01
2.089821007500000150e+01
2.100701957300000089e+01
2.157095972600000167e+01
2.099459385700000169e+01
2.127967756299999991e+01
2.119473915200000036e+01
2.135655419500000107e+01
2.136065931000000262e+01
2.110794366600000060e+01
2.136298433400000008e+01
2.138988976300000289e+01
2.117039891000000296e+01
2.100428818199999981e+01
2.159582302000000098e+01
2.131646695200000252e+01
2.201549974100000284e+01
2.081397555800000276e+01
2.133111133600000286e+01
2.119335918000000163e+01
2.139493074199999967e+01
2.122839843200000232e+01
2.136247741300000058e+01
2.129032216400000266e+01
2.084366916200000119e+01
2.123779726200000084e+01
2.128656366900000307e+01
2.134461186700000113e+01
2.150676465100000101e+01
2.133183277000000189e+01
2.210476633800000101e+01
2.234543602100000115e+01
2.188641847400000273e+01
2.181903378200000176e+01
2.185969568800000218e+01
2.173771700500000037e+01
2.192172111600000051e+01
2.193075479800000238e+01
2.216608641800000257e+01
2.128842112800000308e+01
2.183559271800000090e+01
2.186348971199999980e+01
2.213375600700000234e+01
2.155218472700000021e+01
2.219530856400000118e+01
2.173924453700000115e+01
2.142774388600000179e+01
2.224403910200000212e+01
2.234561581100000183e+01
2.152282984800000065e+01
2.150137770600000309e+01
2.256160758400000077e+01
2.136192415200000028e+01
2.119554195400000296e+01
2.244252168100000233e+01
2.160065482000000259e+01
2.180376052500000128e+01
2.192129472800000300e+01
2.173280293400000218e+01
2.217289504700000080e+01
2.168558854900000199e+01
2.192235778800000290e+01
2.127797292600000034e+01
2.155351400500000025e+01
2.261889730300000068e+01
2.209748088799999977e+01
2.230172620800000161e+01
2.239724552000000202e+01
2.141924865300000036e+01
2.157463366400000027e+01
2.202452328300000062e+01
2.188742916500000035e+01
2.170781209900000164e+01
2.226488807300000161e+01
2.172339798700000202e+01
2.194103607899999986e+01
2.149253712000000149e+01
2.231159017200000250e+01
2.177243728800000255e+01
2.179702282700000282e+01
2.213561131900000234e+01
2.224128524099999993e+01
2.173510010200000053e+01
2.182808683500000058e+01
2.236512749899999974e+01
2.223878334900000198e+01
2.217472467600000030e+01
2.225809160200000036e+01
2.176163956300000279e+01
2.188945571900000076e+01
2.184869776900000105e+01
2.236862374800000097e+01
2.168753730500000287e+01
2.222864576100000278e+01
2.273571292400000132e+01
2.185311764500000109e+01
2.180624648100000229e+01
2.173284506999999977e+01
2.208603147900000252e+01
2.179546261400000162e+01
2.230657266000000050e+01
2.224364063900000232e+01
2.230212441200000129e+01
2.186480676000000045e+01
2.227101106900000005e+01
2.259687759900000259e+01
2.157230271300000268e+01
2.186610555400000067e+01
2.218937544699999975e+01
2.247152824600000187e+01
2.197588843300000150e+01
2.279904228300000213e+01
2.181952608300000307e+01
2.176352139700000166e+01
2.240539214200000018e+01
2.224607217900000222e+01
2.190115189600000178e+01
2.169181355999999994e+01
2.173758712000000060e+01
2.248853327500000177e+01
2.230675146000000098e+01
2.170453436400000058e+01
2.262725245200000046e+01
2.212346705700000271e+01
2.288377562100000162e+01
2.231906189000000040e+01
2.209398947300000060e+01
2.182314992999999959e+01
2.223748950000000235e+01
2.224789797800000102e+01
2.248141267200000115e+01
2.246459787500000260e+01
2.259925286800000066e+01
2.210086104000000162e+01
2.181738321400000302e+01
2.244208188500000034e+01
2.147359517900000014e+01
2.106085692400000298e+01
2.210440124200000156e+01
2.158235380800000058e+01
2.163822557000000302e+01
2.199445699800000043e+01
2.221033617000000149e+01
2.164270968100000303e+01
2.162871271100000214e+01
2.172940446300000161e+01
2.179945400400000111e+01
2.187713058599999982e+01
2.160173065800000103e+01
2.106616221400000200e+01
2.219049681999999990e+01
2.210895472500000025e+01
2.160209089900000023e+01
2.173400562600000185e+01
2.100305588400000190e+01
2.146277066900000108e+01
2.232433940900000024e+01
2.215368009500000213e+01
2.172237513399999997e+01
2.149687696200000175e+01
2.173136778499999977e+01
2.159133798400000259e+01
2.186793909100000022e+01
2.193329135100000116e+01
2.161836508200000040e+01
2.156013258600000171e+01
2.132320794299999989e+01
2.135139139900000060e+01
2.207135947100000095e+01
2.155487970600000125e+01
2.215049983700000169e+01
2.166393400200000130e+01
2.191929090900000077e+01
2.143931455800000307e+01
2.192132225499999976e+01
2.212914976300000092e+01
2.156221574599999968e+01
2.215112969100000129e+01
2.174202366600000147e+01
2.130913869600000154e+01
2.162909716900000134e+01
2.139879790600000220e+01
2.101712580200000247e+01
2.206965783600000108e+01
2.160291243500000036e+01
2.150070233100000294e+01
2.153102976999999996e+01
2.208690840300000247e+01
2.148868922400000159e+01
2.185279474900000096e+01
2.143146825400000210e+01
2.135382885699999989e+01
2.170014539800000009e+01
2.156585670600000171e+01
2.103501968800000199e+01
2.221415309100000002e+01
2.146489423900000304e+01
2.128691269600000169e+01
2.157019149300000294e+01
2.145704346800000195e+01
2.140357224600000308e+01
2.217136805800000232e+01
2.218428501200000014e+01
2.142779477700000257e+01
2.167361218599999972e+01
2.252979877300000311e+01
2.182371381200000116e+01
2.233645910600000306e+01
2.223036288500000168e+01
2.136970501100000064e+01
2.178625066800000099e+01
2.166011837100000292e+01
2.154669675600000289e+01
2.211547037300000085e+01
2.315673911000000018e+01
2.210142757900000277e+01
2.192669041899999982e+01
2.255785649800000314e+01
2.252442609900000292e+01
2.208198359200000027e+01
2.127992805400000265e+01
2.217303390900000082e+01
2.250616810100000009e+01
2.236505642700000251e+01
2.224190263100000209e+01
2.295397034000000147e+01
2.224874202500000209e+01
2.223430744600000253e+01
2.141069332200000019e+01
2.122674560600000149e+01
2.215164382900000106e+01
2.218284093400000145e+01
2.208433648100000113e+01
2.205009655300000304e+01
2.262451727500000231e+01
2.180337543500000308e+01
2.221648182900000279e+01
2.222173787000000189e+01
2.158605843900000210e+01
2.196586600200000206e+01
2.197212317099999979e+01
2.215139500400000117e+01
2.210146090499999971e+01
2.244375060600000182e+01
2.233919416400000202e+01
2.279686105200000057e+01
2.231263662400000314e+01
2.132653398600000116e+01
2.265183681700000307e+01
2.240500635400000107e+01
2.210362073599999988e+01
2.253903217200000242e+01
2.224700336500000120e+01
2.188747310600000162e+01
2.316008894700000198e+01
2.210654314900000017e+01
2.203200982400000285e+01
2.217492347700000010e+01
2.239605855000000290e+01
2.220631430799999961e+01
2.209706858800000262e+01
2.196076829200000091e+01
2.233757382000000291e+01
2.221328184500000091e+01
2.206643936100000047e+01
2.278937537500000232e+01
2.164379940000000246e+01
2.224981003100000265e+01
2.217957427800000048e+01
2.268901735700000089e+01
2.287325631300000239e+01
2.290318646700000116e+01
2.309003834499999996e+01
2.228077713700000118e+01
2.196342471700000232e+01
2.261514445500000292e+01
2.234972097300000016e+01
2.289120413000000198e+01
2.267865500799999978e+01
2.352477382500000047e+01
2.382200472400000280e+01
2.248756933000000302e+01
2.268790561700000197e+01
2.214434220600000103e+01
2.313943556500000298e+01
2.292893998999999994e+01
2.333123669700000136e+01
2.314203624299999973e+01
2.444631203900000216e+01
2.360605510600000301e+01
2.376866821600000179e+01
2.303089696800000041e+01
2.307408268000000007e+01
2.250610679700000105e+01
2.314139420700000116e+01
2.291805203500000232e+01
2.342802008199999975e+01
2.360562005100000249e+01
3.430614114700000528e+01
3.293421786700000098e+01
2.441733031900000128e+01
2.381339115100000114e+01
2.296813862100000136e+01
2.381316405200000119e+01
3.331124411700000110e+01
3.374120215399999978e+01
3.316672946300000291e+01
3.387684860099999895e+01
3.369093820700000208e+01
3.350041755500000562e+01
2.384150628100000091e+01
2.276661757500000149e+01
2.325450005900000150e+01
3.364630067499999910e+01
3.343029493299999899e+01
3.253539240399999954e+01
3.469391961800000246e+01
3.438954307899999918e+01
3.476637947100000048e+01
3.389908909800000458e+01
2.397978374300000226e+01
3.318986037599999861e+01
3.516991986100000389e+01
3.441085104200000444e+01
3.384016882800000303e+01
3.438760829099999938e+01
3.389098449400000135e+01
3.432694973600000310e+01
3.457975304100000358e+01
3.395399662599999857e+01
3.449827443099999869e+01
3.464995070999999882e+01
3.445809468400000242e+01
3.484713736100000148e+01
3.392575713900000522e+01
3.382224109999999939e+01
3.417198452499999917e+01
3.326728930400000195e+01
3.508910733500000134e+01
3.514487944200000413e+01
3.403517406200000295e+01
3.469044270500000238e+01
3.552747129300000495e+01
3.492287307200000157e+01
3.498093248500000385e+01
3.503361019200000470e+01
3.413854789700000225e+01
3.423460599399999893e+01
3.496838825100000037e+01
3.425263047300000352e+01
3.491097146300000276e+01
3.461991392100000553e+01
3.489225594000000541e+01
3.434719224500000223e+01
3.478575689200000198e+01
3.401387867900000117e+01
3.375867932900000312e+01
3.468416120100000199e+01
3.388771981000000011e+01
3.432123737399999897e+01
3.353940148200000237e+01
3.403101931800000557e+01
3.451328717900000242e+01
3.352712181000000413e+01
3.453753768199999996e+01
3.416512575100000504e+01
3.385044459000000217e+01
3.421633867799999962e+01
3.390288036700000163e+01
3.331393636199999975e+01
3.374920992999999925e+01
3.315763196000000335e+01
3.442137189500000005e+01
3.437693983900000205e+01
3.265658180600000549e+01
3.437960523099999932e+01
3.334323268900000414e+01
3.372243264700000509e+01
3.343129083899999898e+01
3.354988675199999903e+01
3.361891876100000331e+01
3.356960295400000405e+01
3.377626116100000075e+01
3.400010806099999883e+01
3.271003300000000280e+01
3.380236709200000433e+01
3.325246196600000559e+01
3.343529574700000495e+01
3.413268650399999871e+01
3.380114414400000555e+01
3.386078432100000413e+01
3.418154257400000517e+01
3.304415182299999998e+01
3.344552396600000321e+01
3.326786297600000353e+01
3.449732111700000559e+01
3.422233075400000502e+01
3.291092130799999893e+01
3.425470500200000146e+01
3.353486041000000029e+01
3.408709013600000048e+01
3.392160506900000172e+01
3.286904610599999899e+01
3.398914872099999940e+01
3.392661946000000484e+01
3.346247729899999968e+01
3.401588349200000039e+01
3.374541492400000209e+01
3.452734781299999867e+01
3.322466893100000362e+01
3.335846199000000212e+01
3.408856534699999941e+01
3.300562273100000255e+01
3.399624510900000018e+01
3.458880451000000278e+01
3.322076515300000210e+01
3.444353973400000513e+01
3.392032214200000340e+01
3.336838631200000549e+01
3.370803119500000378e+01
3.341980726199999907e+01
3.319601178300000299e+01
3.368558455800000218e+01
3.357596324400000043e+01
3.434933912700000036e+01
3.383855831300000006e+01
3.436286374100000529e+01
3.500102520800000150e+01
3.399868023500000191e+01
3.336497063000000196e+01
3.343069916800000385e+01
3.338077961600000521e+01
3.396971106300000542e+01
3.428072268900000097e+01
3.400068739200000323e+01
3.444009426699999921e+01
3.371837328800000222e+01
3.350389516599999951e+01
3.426813749800000153e+01
3.360085155600000206e+01
3.416056388400000543e+01
