-3.946420995562742597e-07
-1.282844097994128057e-06
-1.734225353564068902e-06
-1.947461792883174452e-06
-2.675856486363033655e-06
-3.122918997355125316e-06
-3.269494643628837621e-06
-3.836605728146396367e-06
-4.270484211037515543e-06
-4.396497992878541391e-06
-4.806528228964437608e-06
-5.220997831232737482e-06
-5.337044188456985805e-06
-5.614977131868321187e-06
-5.993301688843468687e-06
-6.102376062972019431e-06
-6.275573484213590002e-06
-6.602510233605002657e-06
-6.700207467171688401e-06
-6.798165668781630948e-06
-7.057192812216973983e-06
-7.140907400526075489e-06
-7.186905486182005737e-06
-7.363504902897484864e-06
-7.437811750866597526e-06
-7.437507081304741389e-06
-7.534199959359206520e-06
-7.596076608673817945e-06
-7.548941660383925920e-06
-7.581797374193509745e-06
-7.613448421422384859e-06
-7.530069122947965949e-06
-7.507036943094700132e-06
-7.494441277249420180e-06
-7.387083433857305243e-06
-7.307169962861823187e-06
-7.248878159302259719e-06
-7.118948604893853814e-06
-6.985186278691144197e-06
-6.881903746353874224e-06
-6.726367121797111516e-06
-6.544366842983107277e-06
-6.397043035438316950e-06
-6.211702202476169216e-06
-5.987851576931865394e-06
-5.798050464257529677e-06
-5.577784506839068828e-06
-5.321194048021525210e-06
-5.086538267009728522e-06
-4.832538241916366848e-06
-4.547705784067484289e-06
-4.267942777312765958e-06
-3.985179787211793842e-06
-3.670830364718867226e-06
-3.353217697646849908e-06
-3.042643119254959165e-06
-2.700255396008382862e-06
-2.353359374715285023e-06
-2.014532371466388357e-06
-1.649840617948486236e-06
-1.279670694330684839e-06
-9.154009423653949592e-07
-5.349780646160781993e-07
-1.467798740361901851e-07
2.366527675505591041e-07
6.266306159646028684e-07
1.026495050295339296e-06
1.420507719838018548e-06
1.813799327765823130e-06
2.217131415123727425e-06
2.611540938739084486e-06
3.001488212247231968e-06
3.397392311377232505e-06
3.782023670661429876e-06
4.159894950172969500e-06
4.535825504556814077e-06
4.901084836035202706e-06
5.254549363309348149e-06
5.599296354857354064e-06
5.933495972948214659e-06
6.249143665289925315e-06
6.551976431145157585e-06
6.840675051358038942e-06
7.105799066813294363e-06
7.353505321796322053e-06
7.581298421169366608e-06
7.781767394836075586e-06
7.958403844596219584e-06
8.108796848775765055e-06
8.228045806810476033e-06
8.316069486601703771e-06
8.372156427262861941e-06
8.393407176238158304e-06
8.376990968032910475e-06
8.325587498251864113e-06
8.236520985028808475e-06
8.107421904362829447e-06
7.943009422699796274e-06
7.740416609709821277e-06
7.499764613430723058e-06
7.224391290059434801e-06
6.912813184488912163e-06
6.565858711196498874e-06
6.184219413144086259e-06
5.768363577796738695e-06
5.317255941583528675e-06
4.830515232525783785e-06
4.309549863146996771e-06
3.752061202527265425e-06
3.158948039852259810e-06
2.532033804635656170e-06
1.870128050958366321e-06
1.175255645269389652e-06
4.486638780538833466e-07
-3.101086142543043481e-07
-1.100250063044638304e-06
-1.922005744037361415e-06
-2.775689774877015712e-06
-3.662274366103570576e-06
-4.582242081048044146e-06
-5.535753656333424384e-06
-6.524746523059547121e-06
-7.548903583638560166e-06
-8.608937551683117054e-06
-9.706348752309186889e-06
-1.084059858141028990e-05
-1.201270032242264857e-05
-1.322298855311708425e-05
-1.447142218599003451e-05
-1.575831167174299703e-05
-1.708344362380200229e-05
-1.844710170760321399e-05
-1.984866816966262483e-05
-2.128793563397944697e-05
-2.276482316424313646e-05
-2.427807832407672027e-05
-2.582735343498270868e-05
-2.741169839852328422e-05
-2.902949882100206794e-05
-3.067980245873819342e-05
-3.236081486595351712e-05
-3.407083318553168720e-05
-3.580809322042437432e-05
-3.757049599027721838e-05
-3.935621026516902593e-05
-4.116281686311720381e-05
-4.298836003961979723e-05
-4.483064775335616440e-05
-4.668706418000233852e-05
-4.855559406919442302e-05
-5.043346110688711218e-05
-5.231802139462483062e-05
-5.420674128600808388e-05
-5.609663222325160834e-05
-5.798511806013365813e-05
-5.986943079348824246e-05
-6.174707225639669745e-05
-6.361574332047727957e-05
-6.547314986517322410e-05
-6.731752720404642976e-05
-6.914691876739735869e-05
-7.095949566617746425e-05
-7.275354612084033567e-05
-7.452689332318507590e-05
-7.627750972880778903e-05
-7.800315582473282871e-05
-7.970142064540467256e-05
-8.137010508953367537e-05
-8.300684897518621069e-05
-8.460959137171761627e-05
-8.617634700942151916e-05
-8.770528124515542120e-05
-8.919492585328954307e-05
-9.064372865045460892e-05
-9.205047315590065096e-05
-9.341396510038282462e-05
-9.473293637501464955e-05
-9.600631459378734258e-05
-9.723283126187725082e-05
-9.841131581013356816e-05
-9.954065318796321649e-05
-1.006197234980588199e-04
-1.016476313116202606e-04
-1.026234606895200978e-04
-1.035464683762604661e-04
-1.044160106836023567e-04
-1.052314277209310297e-04
-1.059922385963364656e-04
-1.066978645770691155e-04
-1.073477321101076184e-04
-1.079413180780704358e-04
-1.084780376775064604e-04
-1.089575308931916658e-04
-1.093796036097808080e-04
-1.097443393278518396e-04
-1.100521766658282705e-04
-1.103037326894847308e-04
-1.104999018215798969e-04
-1.106416261595899578e-04
-1.107298508656018966e-04
-1.111640382343513894e-04
-1.120450333914700653e-04
-1.124376034186872039e-04
-1.125460261949724229e-04
-1.131273252348264865e-04
-1.133803982231989252e-04
-1.132921457526109613e-04
-1.135841137408529606e-04
-1.137001198933992711e-04
-1.134686717938928723e-04
-1.134756115156063886e-04
-1.134365409190507106e-04
-1.130407664902047368e-04
-1.127315808185304260e-04
-1.124328593170475561e-04
-1.117613103235315500e-04
-1.110442491518132650e-04
-1.103815056320080098e-04
-1.094215134413231710e-04
-1.084402494250841416e-04
-1.076506487350108751e-04
-1.067738609619913728e-04
-1.059895540804921721e-04
-1.054885153715274404e-04
-1.050503061319943936e-04
-1.046932266926222835e-04
-1.045668259100439025e-04
-1.045161500369333306e-04
-1.044385156417097966e-04
-1.044940317007985001e-04
-1.045779242641413083e-04
-1.045573815029202466e-04
-1.045889576685478384e-04
-1.046107821620636901e-04
-1.045150785745196643e-04
-1.044215784521676440e-04
-1.043305281306441289e-04
-1.041627572314598918e-04
-1.039965059739152300e-04
-1.038791673792313104e-04
-1.037411742456428388e-04
-1.036150291176056958e-04
-1.035656984897252898e-04
-1.035227573094789913e-04
-1.034846176502827401e-04
-1.035175623005153321e-04
-1.035513194671268232e-04
-1.035713257321230928e-04
-1.036207157156802039e-04
-1.036455629274500708e-04
-1.036210219838563885e-04
-1.035695894393244006e-04
-1.034778758146727505e-04
-1.033185418363530907e-04
-1.031274569280012581e-04
-1.029300138054026681e-04
-1.027073644285796708e-04
-1.025058326726064251e-04
-1.023529801956119586e-04
-1.022263291047920770e-04
-1.021499690509854793e-04
-1.021338721560807467e-04
-1.021555070702535298e-04
-1.022209464534400283e-04
-1.023399656236844845e-04
-1.024968899588212532e-04
-1.026747664474202197e-04
-1.028638716421941668e-04
-1.030224657551202664e-04
-1.030977380026218833e-04
-1.030714209221572126e-04
-1.029208320798660113e-04
-1.026466166174408836e-04
-1.023043858117493441e-04
-1.019481792278729336e-04
-1.016343778592517508e-04
-1.014146597424224380e-04
-1.013053501346162128e-04
-1.012906876653395352e-04
-1.013443760907072126e-04
-1.014513963842352104e-04
-1.016039897173374730e-04
-1.018247160200528120e-04
-1.021522222708405071e-04
-1.025914047237766897e-04
-1.031106077572389515e-04
-1.036262048256266475e-04
-1.040038072284835201e-04
-1.041149144292650828e-04
-1.038859572979918390e-04
-1.033349281782620704e-04
-1.025862633138908568e-04
-1.018402822618528618e-04
-1.013031314902967212e-04
-1.011029379877982138e-04
-1.012467644326643440e-04
-1.016133383718079267e-04
-1.020060751071832483e-04
-1.022656715074282869e-04
-1.023542279307469114e-04
-1.023968863845019976e-04
-1.026448014276028041e-04
-1.033451118874351425e-04
-1.045885743890366412e-04
-1.061974649093503698e-04
-1.077282205551787712e-04
-1.086098295566069769e-04
-1.083849530747249735e-04
-1.069604131458360704e-04
-1.047269429652193765e-04
-1.024817633005242377e-04
-1.011425107100295795e-04
-1.013434845047259803e-04
-1.031087890865400359e-04
-1.057648642743125848e-04
-1.081809820874391338e-04
-1.092829666105666009e-04
-1.086224274116942714e-04
-1.067260813381570427e-04
-1.049982849012637542e-04
-1.051415039964252030e-04
-1.082961573933772972e-04
-1.142818197954573883e-04
-1.213676969604126060e-04
-1.267933779793409320e-04
-1.279347628601889305e-04
-1.236637410977264114e-04
-1.152418409546824538e-04
-1.062077187887530949e-04
-1.011056588164409515e-04
-1.034602529084338080e-04
-1.138697989738458410e-04
-1.291956593531336142e-04
-1.434683403050789324e-04
-1.503771361556034344e-04
-1.463995147265178566e-04
-1.331266146381370570e-04
-1.174433398467004844e-04
-1.090337810802165485e-04
-1.159262213873334341e-04
-1.399590935966467831e-04
-1.745042460845977895e-04
-2.060848038321082308e-04
-2.198466699519535281e-04
-2.068802628604353205e-04
-1.700709449823311855e-04
-1.252104341389450649e-04
-9.576872398010533981e-05
-1.026334574729040187e-04
-1.530577975516596247e-04
-2.343607868603306082e-04
-3.164955993272803745e-04
-3.638006000237904258e-04
-3.517956732384452056e-04
-2.817342942604093977e-04
-1.852481312515159482e-04
-1.145259448190222464e-04
-1.196550955973638250e-04
-2.220950373611707779e-04
-3.977554680875561451e-04
-5.806204560866509842e-04
-6.884632337307096438e-04
-6.613631357835880308e-04
-4.967928868689261944e-04
-2.637018624403311478e-04
-8.308671374763123966e-05
-7.606061729826617387e-05
-3.003011938143207091e-04
-7.087275635301414209e-04
-1.155911877275971620e-03
-1.453457456008934836e-03
-1.453938384751384504e-03
-1.130775449064376709e-03
-6.169866574999776721e-04
-1.727824770404329127e-04
-7.668688372095000538e-05
-4.788728921455569524e-04
-1.296584867977527674e-03
-2.222293854833272929e-03
-2.849728282968112640e-03
-2.859024231776399229e-03
-2.182744626404054845e-03
-1.091169203491765662e-03
-1.377097389509239619e-04
7.865937298550885928e-05
-7.507097084066859712e-04
-2.429905802264995321e-03
-4.314310191533400271e-03
-5.595520189514435055e-03
-5.664097880128742338e-03
-4.399059924666354204e-03
-2.315875576630918586e-03
-4.520590403221754925e-04
1.047850469998084849e-04
-1.142797038411052634e-03
-3.712948370504107632e-03
-6.378003947634543896e-03
-7.880901794958133227e-03
-7.519468463878734542e-03
-5.395421144600750715e-03
-2.490701260441609364e-03
-2.755329277739522183e-04
8.757995632299125195e-05
-1.636839693292595384e-03
-4.597438330352473373e-03
-7.291605031498612360e-03
-8.455105556570056621e-03
-7.663661757830690126e-03
-5.348506226946179130e-03
-2.586173382066686652e-03
-6.169984420489353291e-04
-2.425134214400629696e-04
-1.499521458948407026e-03
-3.676326677728993745e-03
-5.627371494304228561e-03
-6.442041418125782175e-03
-5.890423525399885590e-03
-4.319012685157367151e-03
-2.373091848792445967e-03
-7.793815231457045965e-04
-1.409055745050561380e-04
-6.894868615562581987e-04
-2.189197052292683569e-03
-3.972895707253223593e-03
-5.219175598302452229e-03
-5.430405314855679851e-03
-4.616791810436799565e-03
-3.138178786674261471e-03
-1.536133824176022424e-03
-3.994250593712378168e-04
-1.812004922547437078e-04
-1.023782544435084462e-03
-2.615152547258246894e-03
-4.174197484208833769e-03
-4.887805637805898648e-03
-4.476845933976025989e-03
-3.223906636668054555e-03
-1.673919645841552171e-03
-4.472194684981690808e-04
-3.445942218768781453e-05
-6.024425946695395389e-04
-1.922028101194479333e-03
-3.405241519909614316e-03
-4.314357757016209702e-03
-4.216963947553221438e-03
-3.234507718038378936e-03
-1.845942300394554222e-03
-6.383922645315217919e-04
-1.112728683399184982e-04
-4.706411817403304085e-04
-1.556340985201503302e-03
-2.914445625200223940e-03
-3.934214605084280537e-03
-4.130922057163972753e-03
-3.436679132361572433e-03
-2.181802703441816996e-03
-8.924582077242621068e-04
-1.069735512283097225e-04
-1.729291516038089309e-04
-1.070444264763952772e-03
-2.424612692271532234e-03
-3.649540592308452881e-03
-4.184951496696241550e-03
-3.789961595967308167e-03
-2.663451646211139126e-03
-1.304483647832860868e-03
-2.962032985197081219e-04
-1.054795505048069257e-04
-8.796361224907236652e-04
-2.314678653287314137e-03
-3.754467108137555381e-03
-4.509723353458479703e-03
-4.226926796692247537e-03
-3.064711756812405624e-03
-1.564716980669240325e-03
-3.728631621003318801e-04
-3.936211537714557342e-06
-6.452687969100121034e-04
-2.034028897940053700e-03
-3.530878319408073222e-03
-4.426289902888029017e-03
-4.308082366247380050e-03
-3.259538851207650131e-03
-1.783401246723692688e-03
-5.417144994931456271e-04
-7.791370723244849200e-05
-6.220490977767942093e-04
-1.975201001312076963e-03
-3.540536559646882599e-03
-4.585003351265161745e-03
-4.626507615188161886e-03
-3.673497976375007280e-03
-2.169256253076280901e-03
-7.586812863678863090e-04
-3.563475635470083296e-05
-3.146661808741822350e-04
-1.492485621965470221e-03
-3.051760611299541952e-03
-4.269287324539963561e-03
-4.578797313846373271e-03
-3.861503929520859225e-03
