-3.326121487025072024e-10
1.088572878577831727e-12
1.434219822962354487e-09
2.789567178234479520e-09
3.988967321551904342e-09
1.690262260591800217e-09
-8.301226398227502882e-09
-2.983830772431310076e-08
-7.108799645710516123e-08
-1.402690983619011613e-07
-2.468606623421581592e-07
-4.026330998796277459e-07
-6.174926465862973816e-07
-9.034096112571541532e-07
-1.271742580696252738e-06
-1.729665197875973519e-06
-2.288393054933469675e-06
-2.957648043194770739e-06
-3.742372665991909673e-06
-4.650462126349529657e-06
-5.687527435518459405e-06
-6.855809363492822242e-06
-8.158138148739825442e-06
-9.596810509825849571e-06
-1.117247057312307479e-05
-1.288583069979672006e-05
-1.473919879745586724e-05
-1.673152226848303125e-05
-1.886312907864115957e-05
-2.113668243149111384e-05
-2.355044574061138264e-05
-2.610605571698765111e-05
-2.880626187435587093e-05
-3.165057470303261677e-05
-3.464083037479660641e-05
-3.777767378930976133e-05
-4.106018195373313707e-05
-4.448768326271973467e-05
-4.805785779089434973e-05
-5.176750741385412598e-05
-5.561193540147310290e-05
-5.958547481336096461e-05
-6.368049503231644915e-05
-6.788724707499796212e-05
-7.219623053574863775e-05
-7.659533473495897004e-05
-8.107180728948413259e-05
-8.561319533075636599e-05
-9.020499345117395130e-05
-9.483359426165494511e-05
-9.948472340715823047e-05
-1.041438853903529211e-04
-1.087981194803464989e-04
-1.134339289846006269e-04
-1.180392166981835935e-04
-1.226028098479820265e-04
-1.271138275591862860e-04
-1.315630550051308625e-04
-1.359415440448934372e-04
-1.402417049761848925e-04
-1.444571479768307564e-04
-1.485821005702532647e-04
-1.526124248820245508e-04
-1.565444109163055097e-04
-1.603758488450185622e-04
-1.641054912776795092e-04
-1.677326397550061860e-04
-1.712585514611917399e-04
-1.746847256926584277e-04
-1.780137475429423744e-04
-1.812492352035232149e-04
-1.843945135349921963e-04
-1.874536737683196968e-04
-1.904303055907270714e-04
-1.933273017717247971e-04
-1.961469912425924448e-04
-1.988900134850043880e-04
-2.015556532792607287e-04
-2.041411313728303618e-04
-2.066416656678157391e-04
-2.090506347252939299e-04
-2.113590860835339578e-04
-2.135566852414246919e-04
-2.156314386099678808e-04
-2.175700747004632009e-04
-2.193589389094265346e-04
-2.209836987607987160e-04
-2.224305087149922467e-04
-2.236862848814781209e-04
-2.247388726898616343e-04
-2.255779410015559176e-04
-2.261945220602327544e-04
-2.265812809119451042e-04
-2.267320757434042214e-04
-2.266410715209366618e-04
-2.263022653357315249e-04
-2.257078309553849982e-04
-2.248469389744369763e-04
-2.237039452926438128e-04
-2.222559884571056685e-04
-2.204708214312933279e-04
-2.183035087059793456e-04
-2.156935131424713955e-04
-2.125617661264946826e-04
-2.088081067380724522e-04
-2.043108098307259708e-04
-1.989276407560040837e-04
-1.925001107397599084e-04
-1.848607104549891797e-04
-1.758421389146409949e-04
-1.652884837412297518e-04
-1.530656761903420539e-04
-1.390704009525177236e-04
-1.232363659278260556e-04
-1.055367979710548616e-04
-8.598412249838354316e-05
-6.462628905825760963e-05
-4.154057255617269899e-05
-1.682538337379726597e-05
9.409940460291483645e-06
3.705541067113338102e-05
6.601004311627763793e-05
9.618907092440196827e-05
1.275272848123421140e-04
1.599789859292216924e-04
1.935142203341622016e-04
2.281128265984892691e-04
2.637573232294971389e-04
3.004248739834161110e-04
3.380795322256429248e-04
3.766646800266106217e-04
4.160969380353786158e-04
4.562629322357504309e-04
4.970194125977067797e-04
5.381976269050160961e-04
5.796106959057048492e-04
6.210628371991986632e-04
6.623592949111919894e-04
7.033152238229541326e-04
7.437631774282540964e-04
7.835580781524774992e-04
8.225791215119347775e-04
8.607287105933033320e-04
8.979280456396481879e-04
9.341105320929301951e-04
9.692140641143745430e-04
1.003173728568385525e-03
1.035916958012404873e-03
1.067361824597127520e-03
1.097419276351255116e-03
1.125998929228814137e-03
1.153017289214068597e-03
1.178407508382777738e-03
1.202128792474597887e-03
1.224174082535911231e-03
1.244574525832347744e-03
1.263399402986929102e-03
1.280751484462801801e-03
1.296757962212540926e-03
1.311558294087243051e-03
1.325290841275212706e-03
1.338080124623768725e-03
1.350026998716149975e-03
1.361202994043096042e-03
1.371649553327036926e-03
1.381382156068903470e-03
1.390398157583652662e-03
1.398687073065839424e-03
1.406241319051285740e-03
1.413065521709394893e-03
1.419183016659854996e-03
1.424638380646940823e-03
1.429496003692101464e-03
1.433835226404635982e-03
1.437743213287813416e-03
1.441307324641050982e-03
1.444608370276763247e-03
1.447716068759111185e-03
1.450687255480483107e-03
1.453566603083311908e-03
1.456389270498006797e-03
1.459184204791259126e-03
1.461976965959928178e-03
1.464791105834105378e-03
1.467647481430808072e-03
1.470561753051803427e-03
1.473540678984688965e-03
1.476578433361177547e-03
1.479654367042429822e-03
1.482733315765600050e-03
1.485769294737065982e-03
1.488712474810428279e-03
1.491518596595781294e-03
1.494159334587752581e-03
1.496631549117780112e-03
1.498963557911562510e-03
1.501216823600048066e-03
1.503482241159033060e-03
1.505871250151304174e-03
1.508502794020458214e-03
1.511484128590986605e-03
1.514898210349782930e-03
1.518795166098101286e-03
1.523176415772966620e-03
1.527997864865279559e-03
1.533180442354814110e-03
1.538611034882659753e-03
1.544158643848506964e-03
1.549698787040097335e-03
1.555122133664112909e-03
1.560333794386428285e-03
1.565260482032192549e-03
1.569838058747271854e-03
1.573968879640205319e-03
1.577506925474697315e-03
1.580253312267305759e-03
1.581947342620954175e-03
1.582337756250522557e-03
1.581286633324515550e-03
1.578853269796916649e-03
1.575392456906210895e-03
1.571581336675993137e-03
1.568341901791629224e-03
1.566716658886068651e-03
1.567699411056006596e-03
1.572044181578234308e-03
1.580110905205948631e-03
1.591769450648661656e-03
1.606337951092757935e-03
1.622602492448388389e-03
1.638948131206569795e-03
1.653548704075248101e-03
1.664647443254579744e-03
1.670876693787379502e-03
1.671507616379985925e-03
1.666618040825767599e-03
1.657118781996821640e-03
1.644626235484542833e-03
1.631239267101516292e-03
1.619252050742522224e-03
1.610852066447323845e-03
1.607841111717257018e-03
1.611406090588625700e-03
1.621956592947938498e-03
1.639043677664864295e-03
1.661391400288726771e-03
1.687027099534685846e-03
1.713501558787221008e-03
1.738175197275037241e-03
1.758505345200161909e-03
1.772319974235591570e-03
1.778042524020724676e-03
1.774855031958119190e-03
1.762820409710955495e-03
1.742936051977217503e-03
1.717121354872256636e-03
1.688123195631867617e-03
1.659309064771505955e-03
1.634365962232322503e-03
1.616915209387266876e-03
1.610081150006316365e-03
1.616069388985039851e-03
1.635799416600142251e-03
1.668646637768299518e-03
1.712330384932996908e-03
1.762992933503023480e-03
1.815488704644471112e-03
1.863874992164708203e-03
1.902090179186662630e-03
1.924730584149146736e-03
1.927832201989422784e-03
1.909552610396910441e-03
1.870623481612450735e-03
1.814506180922210174e-03
1.747201901479149885e-03
1.676708170304057593e-03
1.612176705576229925e-03
1.562849564901163226e-03
1.536891305456727702e-03
1.540258232259517903e-03
1.575751931611102299e-03
1.642397640046653782e-03
1.735248922436689531e-03
1.845683265127892169e-03
1.962179597102450043e-03
2.071508629553361815e-03
2.160226130942379669e-03
2.216295194013787745e-03
2.230663450201559542e-03
2.198609808390995443e-03
2.120677129304544568e-03
2.003060114319714802e-03
1.857348505929224498e-03
1.699597935144686253e-03
1.548783617222567735e-03
1.424760701676465154e-03
1.345934418119102078e-03
1.326892196765580914e-03
1.376274908068942553e-03
1.495163354221402952e-03
1.676219026302122649e-03
1.903762360394338103e-03
2.154873214810532501e-03
2.401492367995903578e-03
2.613377800395904563e-03
2.761631120065422950e-03
2.822422052713635752e-03
2.780458310646001518e-03
2.631736043055974989e-03
2.385160932333552693e-03
2.062714597384707887e-03
1.697999394461973885e-03
1.333181449749445274e-03
1.014552138473979190e-03
7.871356138027401934e-04
6.889333993534477434e-04
7.454935247258727372e-04
9.655122165308611341e-04
1.338110005285622194e-03
1.832283893412759877e-03
2.398822142356485214e-03
2.974700991971055905e-03
3.489658788306266701e-03
3.874315197363916146e-03
4.068947800406581133e-03
4.031869137729848784e-03
3.746336317767345273e-03
3.225028383127879258e-03
2.511310372153352510e-03
1.676794775907127291e-03
8.151012959010666033e-04
3.221178158276461406e-05
-5.656438028941863623e-04
-8.852021604009387059e-04
-8.589064027583483661e-04
-4.556210608496818679e-04
3.120398669839904711e-04
1.384903333518352521e-03
2.659812498675296049e-03
3.998030169645721589e-03
5.239178866700061263e-03
6.219453826387705449e-03
6.791953025305157154e-03
6.846534539994999710e-03
6.326797406235667824e-03
5.242237630689803619e-03
3.673916604110460601e-03
1.772039496341552486e-03
-2.558047881983303265e-04
-2.165709549562415577e-03
-3.705698326056802109e-03
-4.647164961306697942e-03
-4.814980725632713593e-03
-4.112749147230092446e-03
-2.541270117744871999e-03
-2.088572609250110180e-04
2.668855351374848413e-03
5.783118030846357005e-03
8.762544284167521694e-03
1.121757001606409586e-02
1.279111083063959493e-02
1.320559305248490342e-02
1.230009188686923861e-02
1.005747818326017604e-02
6.623488820124899708e-03
2.313585085732526928e-03
-2.404060746931618951e-03
-6.958349563078128353e-03
-1.075199510717964047e-02
-1.324538111623297688e-02
-1.402618813952499939e-02
-1.285436135381209412e-02
-9.689784513263339713e-03
-4.719102235361207279e-03
1.619006643513124389e-03
8.637184496403441797e-03
1.546329921454314520e-02
2.117023609833264264e-02
2.493392783801183857e-02
2.615737745581500975e-02
2.451718104377772003e-02
1.996082154441124190e-02
1.273987899269934596e-02
3.490545857643351148e-03
-6.735447313270494923e-03
-1.658580334624666641e-02
-2.465782411402648103e-02
-2.978747955006305279e-02
-3.125178904086340498e-02
-2.876889973570332867e-02
-2.238037250451821447e-02
-1.246879251415078382e-02
8.232268535178438671e-05
1.375986021305032614e-02
2.652168330088638254e-02
3.627960828651333874e-02
4.154887407940383026e-02
4.177318624162777022e-02
3.707479713400069210e-02
2.791358419702978308e-02
1.511331448732754039e-02
4.388740115000359763e-05
-1.531563942184376373e-02
-2.862354100311023664e-02
-3.778408026268964548e-02
-4.158117217595998227e-02
-3.991590120195970259e-02
-3.345664253998293508e-02
-2.310950717875433214e-02
-9.963984247775998018e-03
4.497184204379273478e-03
1.842837576443768360e-02
2.999267368865832922e-02
3.767047711239482344e-02
4.055140918712152320e-02
3.869216381892397194e-02
3.286598825247535882e-02
2.403164673184892894e-02
1.312726041784266495e-02
1.139687505587937523e-03
-1.075319840688106557e-02
-2.131937461154712402e-02
-2.941427817706144393e-02
-3.405015450972879998e-02
-3.473562855965392493e-02
-3.172385006845737654e-02
-2.567052957967573198e-02
-1.725684125561396595e-02
-7.159584505288568886e-03
3.797774505498867446e-03
1.460856061429538846e-02
2.412014393492917241e-02
3.105275905081581606e-02
3.431506966022099953e-02
3.348701472605769558e-02
2.895867767973895820e-02
2.151981589072173712e-02
1.201432500119102575e-02
1.385484958578164739e-03
-9.255839724017736470e-03
-1.874751318750917176e-02
-2.596823803574431141e-02
-2.993173311301193518e-02
-3.009062045661127852e-02
-2.656065000996944009e-02
-1.999394874851323847e-02
-1.124354583292252498e-02
-1.239783808146045687e-03
8.969753833781854771e-03
1.825436513642892181e-02
2.557243817516756043e-02
3.010534526973828243e-02
3.130355748405322380e-02
2.905501935499645028e-02
2.371130130703017272e-02
1.593540532206472876e-02
6.547577866476418998e-03
-3.507774892859776960e-03
-1.314896892964444175e-02
-2.125231278529131004e-02
-2.684229195975715299e-02
-2.926318415387199265e-02
-2.825537487003828077e-02
-2.398388429763773089e-02
-1.694873791252309025e-02
-7.878788668401959933e-03
2.338090242702582124e-03
1.263819723784791009e-02
2.179393958301827430e-02
2.858438614041536319e-02
3.205795762978955188e-02
3.179617559769084417e-02
2.792797145721721136e-02
2.098127323983704426e-02
1.175441052151476873e-02
1.250144932638318695e-03
-9.384048607655032931e-03
-1.890665340174703044e-02
-2.609811372115903097e-02
-2.999435011285921104e-02
-3.011755769637729230e-02
-2.657041635216322861e-02
-1.987349826446233383e-02
-1.079717619326692885e-02
-3.041835343651473167e-04
1.046158990825024962e-02
2.026476452798312705e-02
2.790693705956145965e-02
3.238678436968921159e-02
3.315272693428732848e-02
3.020930643077514299e-02
2.401730340796794094e-02
1.530997390429380406e-02
5.004943322627410443e-03
-5.810200791144001613e-03
-1.591751048110169944e-02
-2.409954935551264846e-02
-2.932071363118348914e-02
-3.091895149632633774e-02
-2.877977101126784690e-02
-2.327243076802652452e-02
