3.504205382987070072e-01
1.076401284096532018e+00
1.833170821408567353e+00
2.662781944040322646e+00
3.538536249058899408e+00
4.407346444608250202e+00
5.353402799433906623e+00
6.321152449143377261e+00
7.287963518355579318e+00
8.319007791904839522e+00
9.358928765245270398e+00
1.041674940707843788e+01
1.150797689057603002e+01
1.261841483619823734e+01
1.375076042321253311e+01
1.489234139394916312e+01
1.607151963345318535e+01
1.725946831527358682e+01
1.845394476003034612e+01
1.969107846687753494e+01
2.092457223670240651e+01
2.217495742689346727e+01
2.345526941269188370e+01
2.473491123902200428e+01
2.603616992014913478e+01
2.735137588597806868e+01
2.867987557223113626e+01
3.002211409284446475e+01
3.137345393591965603e+01
3.274833800877701151e+01
3.412530643132417651e+01
3.551809330293211531e+01
3.693244325353218471e+01
3.834633280616847628e+01
3.978263734871974577e+01
4.123257688185734082e+01
4.269018229541647713e+01
4.416867208447020232e+01
4.565784329260730345e+01
4.716482219181453672e+01
4.868600050828872128e+01
5.022367522938247930e+01
5.178309267865445520e+01
5.335379904419277608e+01
5.494976219671593753e+01
5.656588242069955186e+01
5.819836582217179455e+01
5.986073323322300155e+01
6.154277924566385138e+01
6.325063539616623132e+01
6.498766663986327785e+01
6.675000183304203460e+01
6.854491406317977464e+01
7.036851744890793725e+01
7.222661018528775401e+01
7.411951801255071359e+01
7.604512749931795668e+01
7.801256644994633405e+01
8.001586900802604418e+01
8.205944404473453346e+01
8.414767097241403349e+01
8.627551325688764905e+01
8.845013761615189196e+01
9.066975096260134137e+01
9.293518020256570367e+01
9.524954941988595181e+01
9.760996855611688261e+01
1.000207729670506467e+02
1.024789525182126226e+02
1.049849419554863772e+02
1.075407810252318939e+02
1.101409489562753663e+02
1.127884107372628648e+02
1.154801244589859834e+02
1.182127609952462706e+02
1.209876314378356881e+02
1.237993974380668902e+02
1.266479172694735951e+02
1.295306955797300077e+02
1.324446968986411548e+02
1.353903497517596861e+02
1.383633638088297459e+02
1.413643702477224338e+02
1.443917967880634592e+02
1.474429631655947333e+02
1.505195639373743575e+02
1.536183764296679897e+02
1.567394145545427477e+02
1.598825475236775162e+02
1.630452176720124271e+02
1.662284337444223752e+02
1.694300050516493172e+02
1.726495879569573049e+02
1.758869711284472999e+02
1.791400768016609959e+02
1.824100355241400280e+02
1.856951320652844402e+02
1.889951907905876283e+02
1.923108784599530452e+02
1.956404719378502364e+02
1.989851101894560088e+02
2.023440217631408871e+02
2.057166542916957610e+02
2.091035645859033139e+02
2.125031768743171199e+02
2.159157979262464266e+02
2.193403303310973342e+02
2.227756969738253190e+02
2.262219293274692404e+02
2.296772109092274263e+02
2.331415769616844216e+02
2.366142784032159057e+02
2.400941924799135450e+02
2.435815344358956054e+02
2.470747978963395042e+02
2.505734944850854617e+02
2.540767091892729184e+02
2.575828129752119366e+02
2.610912311728963004e+02
2.646000679928773707e+02
2.681082093423705146e+02
2.716143812685756416e+02
2.751166096199065692e+02
2.786140228695353471e+02
2.821046705404455111e+02
2.855871304661106365e+02
2.890601742215985155e+02
2.925218248806228303e+02
2.959710555227038071e+02
2.994061300609860723e+02
3.028255655520102891e+02
3.062281734923973886e+02
3.096121089794959857e+02
3.129762925136046761e+02
3.163191124418986533e+02
3.196390580244703301e+02
3.229349991050718245e+02
3.262051558792790615e+02
3.294483872238170648e+02
3.326632258220957397e+02
3.358481349952847950e+02
3.390019990873826146e+02
3.421231634923344131e+02
3.452104295533467848e+02
3.482624269116847699e+02
3.512776535581725739e+02
3.542550001099703536e+02
3.571929024431713060e+02
3.600901411409349180e+02
3.629454274379954200e+02
3.657572747894571989e+02
3.685245825812395992e+02
3.712458843747177752e+02
3.739199392727665554e+02
3.765455393675288747e+02
3.791212661371224613e+02
3.816460349034169326e+02
3.841184988375082412e+02
3.865374550317471858e+02
3.889017814313542658e+02
3.912101513118825551e+02
3.934615293356187635e+02
3.956546879284186957e+02
3.977884748757635407e+02
3.998618642700736245e+02
4.018736338534347965e+02
4.038228030293450956e+02
4.057082742730206633e+02
4.075289722935409600e+02
4.092839640294178594e+02
4.109721493908749039e+02
4.125926195150397007e+02
4.141443967607940522e+02
4.156264933581834384e+02
4.170380641748073458e+02
4.183781184322010631e+02
4.196458121460948973e+02
4.208402759571902720e+02
4.219606046531972083e+02
4.230060341972739479e+02
4.239756891274249710e+02
4.248688028175431555e+02
4.256846202880608416e+02
4.264223444689606026e+02
4.270813105046444207e+02
4.276607729162076339e+02
4.281600689867456708e+02
4.285785719373312190e+02
4.289156123715530384e+02
4.291706453203019009e+02
4.293430778349337515e+02
4.294323815758953629e+02
4.294380908525348559e+02
4.293597096349067215e+02
4.291968599518490919e+02
4.289491488500151490e+02
4.286162364448717881e+02
4.281978592521776363e+02
4.276937333263343817e+02
4.271036813071231677e+02
4.267798506662628029e+02
4.267580109333758287e+02
4.267093239491593977e+02
4.266905088441611156e+02
4.266907435931047985e+02
4.266677252387826229e+02
4.267122030008596880e+02
4.267732439662356114e+02
4.268283258615279578e+02
4.269433415083623800e+02
4.270625380781011131e+02
4.271945425321606535e+02
4.273572783199457490e+02
4.275397344753527591e+02
4.277505424752425824e+02
4.279823933524316999e+02
4.282664126790598971e+02
4.285734761271552316e+02
4.288935712978362744e+02
4.292500222951928777e+02
4.295804348416468201e+02
4.298876059584987388e+02
4.301707427646464907e+02
4.303904170906604918e+02
4.305661310244997253e+02
4.306935354624193337e+02
4.307792072186761061e+02
4.308335181793882498e+02
4.308616963170182999e+02
4.308871356336794634e+02
4.308958253802098852e+02
4.309059559407016877e+02
4.309263657199814475e+02
4.309366088073352898e+02
4.309594335005839412e+02
4.309859577971250246e+02
4.310095426464226307e+02
4.310424017431947732e+02
4.310735979078054356e+02
4.311093062685590098e+02
4.311450590328243493e+02
4.311821053463094700e+02
4.312246655539593689e+02
4.312613079541423531e+02
4.313044908473153782e+02
4.313479287328106011e+02
4.313864538709884755e+02
4.314317698810800152e+02
4.314723390219179464e+02
4.315126079465903217e+02
4.315542018730131986e+02
4.315918255250219318e+02
4.316310721193611926e+02
4.316666122385407220e+02
4.317027680463672823e+02
4.317384831257788278e+02
4.317704360941730215e+02
4.318063143146366087e+02
4.318391132254452032e+02
4.318720464112218451e+02
4.319081641549735764e+02
4.319414889447670021e+02
4.319778187199319177e+02
4.320140997177395548e+02
4.320499725449524817e+02
4.320871173483513417e+02
4.321215620133158950e+02
4.321566202927430140e+02
4.321887538535240765e+02
4.322184657957193963e+02
4.322482830334946584e+02
4.322740820882023058e+02
4.323004548037138761e+02
4.323263758561193981e+02
4.323509269628910943e+02
4.323775916802952679e+02
4.324035487910099960e+02
4.324311332048608847e+02
4.324602322347147378e+02
4.324902911660101381e+02
4.325236707092059305e+02
4.325576447248252521e+02
4.325936361568633970e+02
4.326300878366045595e+02
4.326640584555187274e+02
4.326966108853790161e+02
4.327243980772527152e+02
4.327479811827932963e+02
4.327683883023759677e+02
4.327851137788170490e+02
4.328012965244172960e+02
4.328168007920635887e+02
4.328329668436265933e+02
4.328506152974188126e+02
4.328686361499497366e+02
4.328891023001427243e+02
4.329117214209656481e+02
4.329382498816366365e+02
4.329711057437550608e+02
4.330097392042118258e+02
4.330547344488891781e+02
4.331026798809739944e+02
4.331487140366891708e+02
4.331882220977039992e+02
4.332156281547203207e+02
4.332298950529104786e+02
4.332321647676250223e+02
4.332269658119457176e+02
4.332213237706887980e+02
4.332196552193305479e+02
4.332252456797303921e+02
4.332369264221892990e+02
4.332509290297809912e+02
4.332650706787239869e+02
4.332788592860087533e+02
4.332976659280697618e+02
4.333300402158832298e+02
4.333838324317592310e+02
4.334626140944137092e+02
4.335593835501970830e+02
4.336580485103474416e+02
4.337364673879820316e+02
4.337740368923116989e+02
4.337620372944539326e+02
4.337070374332093365e+02
4.336315483670587128e+02
4.335655625660468786e+02
4.335335129955898879e+02
4.335445126700997776e+02
4.335861995745772788e+02
4.336313858975153153e+02
4.336525002883946627e+02
4.336379300524701534e+02
4.336043994542974360e+02
4.335938149690923638e+02
4.336576797112957138e+02
4.338315102091296467e+02
4.341091760259300827e+02
4.344331147060502758e+02
4.347059575784688832e+02
4.348270202982921546e+02
4.347388639178512904e+02
4.344606498484032500e+02
4.340925410303120771e+02
4.337818817157278204e+02
4.336629111627935345e+02
4.337918744415711672e+02
4.341072804108150649e+02
4.344467177685577326e+02
4.346221473934982669e+02
4.345222636185878855e+02
4.341874514020335596e+02
4.338150810051249096e+02
4.336917503995705943e+02
4.340710764529333119e+02
4.350331984816177169e+02
4.363831163988366484e+02
4.376647085266083081e+02
4.383366575677620745e+02
4.380411108727757323e+02
4.368092127683597710e+02
4.350909595648096797e+02
4.336123761290897392e+02
4.331166739398652794e+02
4.340203528282659704e+02
4.360821484755351207e+02
4.383616555904058032e+02
4.396757875017942183e+02
4.393031588524642075e+02
4.374010648780385964e+02
4.349223451208182496e+02
4.332484709221581625e+02
4.337543307974346476e+02
4.372436493290423414e+02
4.432055293077410170e+02
4.494905301886890356e+02
4.531966997621858013e+02
4.524290605869904880e+02
4.474627342010998632e+02
4.404325253015931594e+02
4.342871075858553809e+02
4.322341865221644071e+02
4.369468213870533759e+02
4.479194249907699827e+02
4.598416868618174362e+02
4.658357067644914196e+02
4.629713142597237265e+02
4.538544377387473787e+02
4.435166356904850886e+02
4.365573049426623129e+02
4.376423815482928035e+02
4.507625286678043608e+02
4.732694149123340139e+02
4.938163897976527892e+02
4.997835034762418900e+02
4.895062601633671875e+02
4.719884929911581253e+02
4.547991329138734500e+02
4.442465495896250900e+02
4.487019959312497690e+02
4.688753113175087606e+02
4.917888315242379917e+02
5.021898093355035826e+02
4.941499664432599275e+02
4.766557085905183726e+02
4.615994495554116384e+02
4.523432024523788186e+02
4.537349284444533168e+02
4.644337544383701015e+02
4.805816712030091935e+02
4.923176844685499987e+02
4.919264422012259956e+02
4.802054227663995221e+02
4.653071861245830974e+02
4.538592761584635014e+02
4.491096909362560723e+02
4.501005654706143559e+02
4.547739115789689208e+02
4.609001283039026475e+02
4.668630022212972221e+02
4.687471254574823547e+02
4.637192948716984802e+02
4.551506380204260154e+02
4.461830337665712136e+02
4.399667227409562429e+02
4.377347980668306491e+02
4.394981045651400109e+02
4.446966481635848254e+02
4.521338956312251867e+02
4.599334316531637796e+02
4.649147288635574000e+02
4.637996804492941578e+02
4.572310422052672720e+02
4.471763717953682544e+02
4.400711924140794622e+02
4.392093423377154409e+02
4.435458668891798197e+02
4.505528263663341022e+02
4.576705582143973743e+02
4.609211877697272826e+02
4.587846233656606501e+02
4.516119576377786302e+02
4.433013630400593001e+02
4.361924208483798111e+02
4.350958916255179361e+02
4.389984616550356122e+02
4.457948400153744615e+02
4.532572167817388618e+02
4.587579372723020015e+02
4.588662508031258653e+02
4.544881646396646602e+02
4.469296819286224149e+02
4.397260511436139154e+02
4.360109419004419919e+02
4.377879114759845152e+02
4.431630590350248440e+02
4.501951450842865938e+02
4.563139182740850970e+02
4.584785953368795504e+02
4.545268584599085102e+02
4.477567379298818082e+02
4.398076479192631609e+02
4.342611812752204514e+02
4.338582691536570906e+02
4.389026768672194407e+02
4.469237983632270925e+02
4.557626011485417052e+02
4.615725892357764906e+02
4.617580658716996140e+02
4.554014053042355386e+02
4.466293523838207307e+02
4.390968257824100078e+02
4.371451262924658749e+02
4.416656993292907032e+02
4.501266635787281984e+02
4.581858665818548388e+02
4.631181866739422048e+02
4.611409705286889107e+02
4.536749388109316783e+02
4.440126695266140473e+02
4.368072216498860030e+02
4.348887746554710247e+02
4.392105721428579841e+02
4.476684345797823426e+02
4.569481003544034934e+02
4.629302001149864623e+02
4.637427148710170854e+02
4.579805154956757747e+02
4.490214757430755412e+02
4.407583337185450318e+02
4.375248577446042759e+02
4.403388884597271726e+02
4.477624860683423549e+02
4.561507817048237143e+02
4.624298932877878769e+02
4.625063941971527015e+02
4.568066153714192978e+02
4.475599084158685059e+02
4.391322869727088687e+02
4.347728402813928028e+02
4.365542842255111964e+02
