-6.000997151375739302e-04
-9.294913801300430656e-04
-1.887770099162883186e-03
-3.061556082120497901e-03
-3.662223060496183624e-03
-5.619705247353556921e-03
-7.076397559526825809e-03
-8.760752829041540402e-03
-1.138215294295119584e-02
-1.343793592285935645e-02
-1.600714028422800528e-02
-1.861217090835132204e-02
-2.142800944898204385e-02
-2.433080914154350793e-02
-2.681036926027413614e-02
-2.999311246351710203e-02
-3.241622048089354280e-02
-3.470606579068991060e-02
-3.748368404177448987e-02
-3.920113837536676193e-02
-4.138874472945452965e-02
-4.353404938397620327e-02
-4.498269966178769508e-02
-4.695115720365250489e-02
-4.858495197667989096e-02
-5.020205334251404139e-02
-5.194279812366708882e-02
-5.367224742979637142e-02
-5.574189463566270319e-02
-5.759567670748211299e-02
-5.984727723334515304e-02
-6.219712516724040796e-02
-6.437010743762128229e-02
-6.706966979795714323e-02
-6.951464147228758605e-02
-7.205360046121667139e-02
-7.483645803243543781e-02
-7.722235502163510290e-02
-7.977005025733818755e-02
-8.210701386998131568e-02
-8.421820758372788873e-02
-8.634055445586419353e-02
-8.804008251275030617e-02
-8.974888618961784914e-02
-9.119232018148393237e-02
-9.233324242353324607e-02
-9.349013521048821218e-02
-9.428058320398413628e-02
-9.507305923679343351e-02
-9.574887707626267286e-02
-9.626670986853325118e-02
-9.690365418203983339e-02
-9.735539505803947335e-02
-9.791870261410817733e-02
-9.849218447170038360e-02
-9.899792786049133042e-02
-9.972446583710059542e-02
-1.003205927806067876e-01
-1.009729888600396919e-01
-1.016570214336889322e-01
-1.020901948669967751e-01
-1.024441269218652195e-01
-1.024134927745130597e-01
-1.018926551513663625e-01
-1.007436930472049852e-01
-9.857353276668234798e-02
-9.524657910180245324e-02
-9.027291641402168665e-02
-8.332532579013296470e-02
-7.402402197260293804e-02
-6.176591132026310049e-02
-4.628433122715769343e-02
-2.698698096915652656e-02
-3.444698608465301959e-03
2.462405997374705890e-02
5.772789135553146878e-02
9.601847865909274304e-02
1.397691564616554416e-01
1.891735747285281377e-01
2.442417969227959063e-01
3.051483117248832144e-01
3.718236268528505306e-01
4.442872829879673802e-01
5.225364938435825835e-01
6.064177060102382555e-01
6.959463072313747389e-01
7.909420734774013084e-01
8.912723822018628894e-01
9.968275245394959683e-01
1.107320041375602138e+00
1.222596891914749406e+00
1.342345554112299943e+00
1.466255933647133247e+00
1.594057035421728941e+00
1.725321510588908147e+00
1.859752018590508982e+00
1.996946188691113733e+00
2.136488039047677034e+00
2.278026401592095240e+00
2.421066939673800711e+00
2.565194974077263268e+00
2.709927966400542232e+00
2.854726873299698653e+00
2.999097210017039217e+00
3.142398111331494270e+00
3.283977034356650115e+00
3.423030058657168695e+00
3.558541016117363398e+00
3.689341235076009085e+00
3.813918121791298965e+00
3.930565576559938989e+00
4.037392231527141995e+00
4.132390703825128853e+00
4.213726279545656261e+00
4.279766191284836374e+00
4.329301960725694620e+00
4.361608898445765270e+00
4.376357354726686744e+00
4.373639184631225696e+00
4.353762492110925031e+00
4.317215037420426782e+00
4.264618304679686389e+00
4.196618762337282149e+00
4.113931235462350955e+00
4.017190247698886552e+00
3.906894781631371938e+00
3.783383277903277442e+00
3.646758494719218646e+00
3.497011473127630055e+00
3.334068156242079528e+00
3.157886744924195632e+00
2.968586904904741086e+00
2.766454982162234177e+00
2.552037404425945955e+00
2.326156634870700568e+00
2.089917357486960725e+00
1.844759976984109429e+00
1.592387020967359845e+00
1.334721949034856081e+00
1.073796105049330318e+00
8.115889546123948861e-01
5.499525873323980463e-01
2.904993493988667908e-01
3.458136660007027352e-02
-2.166933650485249885e-01
-4.624601384498596701e-01
-7.020149543295404193e-01
-9.347726593507199588e-01
-1.160189239998416610e+00
-1.377663146198409017e+00
-1.586497859344017769e+00
-1.785839389976316749e+00
-1.974695994277404054e+00
-2.152005120935988280e+00
-2.316712701914297234e+00
-2.467916342766081961e+00
-2.604956713418345338e+00
-2.727497080427123244e+00
-2.835574584898719941e+00
-2.929576998470227345e+00
-3.010216512696481495e+00
-3.078434802887434873e+00
-3.135285795094861161e+00
-3.181823890687976331e+00
-3.218966302366866650e+00
-3.247415494325430085e+00
-3.267608414868843791e+00
-3.279718349901409979e+00
-3.283729491113867027e+00
-3.279517256881146370e+00
-3.266966146624656009e+00
-3.246068519632508309e+00
-3.216987148077153691e+00
-3.180099894987834297e+00
-3.135976538394376512e+00
-3.085333080522361993e+00
-3.028956285896465594e+00
-2.967605189304279634e+00
-2.901941605923948231e+00
-2.832468253358726429e+00
-2.759516558174295309e+00
-2.683280738475855021e+00
-2.603873575904612103e+00
-2.521418069427452835e+00
-2.436119665694458813e+00
-2.348316790984014801e+00
-2.258496648904843696e+00
-2.167252056635941226e+00
-2.075214904688611028e+00
-1.982956937039915601e+00
-1.890889653133869253e+00
-1.799194269324378315e+00
-1.707779488029096626e+00
-1.616304184630187102e+00
-1.524248198652378150e+00
-1.431024108196131461e+00
-1.336119982239115878e+00
-1.239224696041601348e+00
-1.140328062058560299e+00
-1.039763268765556248e+00
-9.394708479632178921e-01
-8.394358924725651150e-01
-7.406969583547349245e-01
-6.448993479107967275e-01
-5.512840075857194932e-01
-4.619907679535364409e-01
-3.773512535321330574e-01
-2.959391228307093336e-01
-2.182624942063173812e-01
-1.432942261172458487e-01
-6.932698215718380297e-02
3.810291546856969802e-03
7.623685898788856719e-02
1.486815636922931283e-01
2.206357323648617808e-01
2.905821514033188890e-01
3.585729689275298782e-01
4.238087381280175592e-01
4.867308165883517113e-01
5.523167492861373873e-01
6.260197763778441171e-01
7.155484675771974779e-01
8.289512824050841999e-01
9.676809624451676584e-01
1.127549626279487516e+00
1.297111050141655397e+00
1.458900922017919655e+00
1.596252317001771281e+00
1.696534034125710910e+00
1.754313825067804977e+00
1.772451476406648574e+00
1.760187903864019354e+00
1.730942206470540423e+00
1.700278192816739420e+00
1.685224073293578151e+00
1.701884864880732096e+00
1.763862707055564805e+00
1.880516863502969649e+00
2.052475480941598818e+00
2.272228618276445733e+00
2.525013677475416163e+00
2.790508916404466522e+00
3.049416966187614708e+00
3.285196353146135007e+00
3.486076488749777713e+00
3.646540044148681048e+00
3.764512042604965636e+00
3.841705046827685877e+00
3.883229196507119063e+00
3.897301961610085463e+00
3.895954595283464883e+00
3.893853338053365754e+00
3.907314393533055430e+00
3.951903637332348396e+00
4.041271841304728163e+00
4.186444798778678589e+00
4.394214306987057839e+00
4.667839452464562555e+00
5.004883583569863958e+00
5.395227070604433628e+00
5.821227448854902065e+00
6.256304586480171182e+00
6.667827281285082286e+00
7.021728581243692702e+00
7.286616965222388664e+00
7.440116838629888818e+00
7.472656603112011631e+00
7.389758151651966145e+00
7.213226532020009962e+00
6.979463886988577670e+00
6.736763297685582685e+00
6.539945920403866353e+00
6.443957667155629565e+00
6.496122539852640543e+00
6.727904910986320708e+00
7.149753268420314001e+00
7.747092850097830663e+00
8.480866472260638389e+00
9.292090862754813330e+00
1.010757710570843670e+01
1.084921924934132420e+01
1.144312491156971490e+01
1.182812015722590360e+01
1.196461383270597523e+01
1.184037748557795311e+01
1.147423683440467812e+01
1.091649812606243586e+01
1.024486253582034578e+01
9.557334628417560651e+00
8.961596836030887303e+00
8.563189359841508974e+00
8.452968683797534410e+00
8.695417037308811103e+00
9.319590786823010120e+00
1.031198753963454529e+01
1.161444056648350731e+01
1.312645941487312662e+01
1.471226150282551082e+01
1.621407887340209086e+01
1.746867972673683411e+01
1.832669741290506948e+01
1.867296986452598162e+01
1.844390397730489894e+01
1.764101608381105279e+01
1.633777255895419600e+01
1.467779810965386389e+01
1.286463243811288493e+01
1.114243466578914443e+01
9.769715984053991775e+00
8.987976276814842791e+00
8.989067877688698971e+00
9.885342678000865746e+00
1.168640708880806045e+01
1.428801877415535593e+01
1.747447174353226984e+01
2.093588016907646576e+01
2.429938156678448991e+01
2.716951824297870743e+01
2.917502145605681818e+01
3.001718883854466213e+01
2.951406694167048883e+01
2.763571305728134320e+01
2.452341346893676644e+01
2.048776203063708579e+01
1.598453268484421486e+01
1.157007741595177208e+01
7.841928483712529818e+00
5.370203700371785516e+00
4.625529318844272098e+00
5.909319141189637747e+00
9.295751708429834892e+00
1.459799364955755507e+01
2.136820873684589372e+01
2.893569634127380752e+01
3.647606103195814597e+01
4.309813877817637007e+01
4.793929649389684045e+01
5.026498685795546351e+01
4.957110045431672773e+01
4.568044725724807620e+01
3.880994313720339761e+01
2.958265751178318936e+01
1.897460347473787934e+01
8.210601100621339299e+00
-1.361160498815321418e+00
-8.398222762020109755e+00
-1.170439880134344612e+01
-1.039896246596500973e+01
-4.104023728416862582e+00
6.906253634075138592e+00
2.167175730687426949e+01
3.866624671643848643e+01
5.602195653917533491e+01
7.175230521767811354e+01
8.390182672109594364e+01
9.066382795992076638e+01
9.058284132494928542e+01
8.289237161014139588e+01
6.786109529089962678e+01
4.690834096579077084e+01
2.235436241503999000e+01
-3.050615430812456452e+00
-2.648577378676026228e+01
-4.511759025367251752e+01
-5.605001920334682097e+01
-5.659187116234399184e+01
-4.504380973362118112e+01
-2.166097977525900831e+01
1.095691757443688630e+01
4.855935830087204863e+01
8.667232331676535750e+01
1.216553511131443344e+02
1.504489241628319007e+02
1.694001030523619988e+02
1.739008986801517835e+02
1.600860081169177249e+02
1.276399722334368647e+02
8.113796396171262870e+01
2.814171469670014858e+01
-2.473304777783609865e+01
-7.403111077494602910e+01
-1.173012353687503833e+02
-1.488422184746521566e+02
-1.589734536012011290e+02
-1.389399281931561916e+02
-8.821060735969206235e+01
-1.765767195008250212e+01
5.579488511228073833e+01
1.205529320570236820e+02
1.774026191273784434e+02
2.319082974245405921e+02
2.789762535719523271e+02
2.988402882513699979e+02
2.717079900410847699e+02
1.980012572732438514e+02
1.024516216627445715e+02
1.537234660897809135e+01
-5.308899960524487938e+01
-1.152684120113278539e+02
-1.798450459552948928e+02
-2.293073335477998853e+02
-2.327729031733985607e+02
-1.784213178068365835e+02
-8.710724601435683212e+01
2.487522823616131973e+00
5.980087800308075430e+01
9.372972566017706697e+01
1.339444014443892570e+02
1.859778229781085201e+02
2.216753827302152899e+02
2.109191610558404761e+02
1.588837993039329604e+02
9.840378743651172044e+01
4.481550303985575567e+01
2.397372347725152508e+00
-2.451069150649946948e+01
-5.108257990817895688e+01
-8.358643588325104190e+01
-1.024433531686309209e+02
-9.068055331363950700e+01
-6.010418840272932783e+01
-3.234818240517282106e+01
-8.328825320894793549e+00
1.277100621464303742e+01
3.070565012646807190e+01
5.345163575570362013e+01
8.830349943221264652e+01
1.321401260361705852e+02
1.570275544137502948e+02
1.433892068682347087e+02
1.110535202795960288e+02
7.738514263261679105e+01
4.302297427046624989e+01
1.109750150591027307e+01
-1.941007387821585439e+01
-5.883534802323860902e+01
-1.108757096646740195e+02
-1.525830829357198297e+02
-1.525451304986979721e+02
-1.108039053916683230e+02
-5.678482232366005178e+01
-1.260106192211711118e+01
2.090826859463174969e+01
4.628202313302607251e+01
6.843790217056368874e+01
9.853673607065087481e+01
1.336799239116774913e+02
1.504232796375935095e+02
1.329908693823148553e+02
9.142187582192943296e+01
4.620742865155879997e+01
7.329582791310343737e+00
-2.642454789637356782e+01
-5.672559284036842797e+01
-8.459833307039130545e+01
-1.099640582497753769e+02
-1.260975651452363309e+02
-1.196433787725827074e+02
-8.779284110235059302e+01
-4.558080806895069514e+01
-6.527621997039247503e+00
2.747997357059925605e+01
5.992052723179106977e+01
9.481254654146601979e+01
1.290969694008762190e+02
1.525547562384248863e+02
1.544977993789715072e+02
1.289521874071218122e+02
8.426674347133489107e+01
3.691615804329097017e+01
-3.923908002028070996e+00
-4.115719850960280723e+01
-8.242015639518945136e+01
-1.259301709009079957e+02
-1.561311185753418158e+02
-1.560000882687317585e+02
-1.236438521486562792e+02
-7.264965985408628057e+01
-2.068252242869444046e+01
2.052545343952969858e+01
5.096732739519123356e+01
8.103613430709906140e+01
1.167887762260867959e+02
1.481953968185644612e+02
1.573743515170231717e+02
1.352323880681526020e+02
9.158411842148014159e+01
4.281733434583662756e+01
-8.005528840918145761e-01
-3.706431423586511187e+01
-7.102530069597941065e+01
-1.078232339885722979e+02
-1.404167388379659087e+02
-1.510959002693007562e+02
-1.305707093567557422e+02
-8.743148100685185398e+01
-3.849035839171526163e+01
3.728370233952730928e+00
3.672290942518361589e+01
6.721934989353528067e+01
1.015402107014070339e+02
