9.999946355598984260e-01
9.999866376520272215e-01
9.999821197946370255e-01
9.999750526455783994e-01
9.999687218057378146e-01
9.999633073338194400e-01
9.999559948627119166e-01
9.999508741125847644e-01
9.999439554326241542e-01
9.999377899647271528e-01
9.999323786672380532e-01
9.999249630830809865e-01
9.999198931298057813e-01
9.999133680657991130e-01
9.999067759172848291e-01
9.999016000419842509e-01
9.998945184466201397e-01
9.998889992508300795e-01
9.998828648111103279e-01
9.998763917139904533e-01
9.998710674815786126e-01
9.998643058812963780e-01
9.998588177371686703e-01
9.998528509709152523e-01
9.998464346435366190e-01
9.998412936676212004e-01
9.998347883799872937e-01
9.998292042496115251e-01
9.998236303964610494e-01
9.998173611986644893e-01
9.998122073802437892e-01
9.998021280884467066e-01
9.997815315247502443e-01
9.997598144507481299e-01
9.997369992270348504e-01
9.997130289174650519e-01
9.996879670926087647e-01
9.996617946062043014e-01
9.996345294830666361e-01
9.996062294960069705e-01
9.995768888370563099e-01
9.995465944628991739e-01
9.995153818875974761e-01
9.994833145846051536e-01
9.994504984400301995e-01
9.994169754078822132e-01
9.993828717556503261e-01
9.993482705532750199e-01
9.993132569168596824e-01
9.992779645747390527e-01
9.992424625204581190e-01
9.992068757560774728e-01
9.991712991422461165e-01
9.991358145345733410e-01
9.991005393850970195e-01
9.990655315486797194e-01
9.990308881979029776e-01
9.989966832203399649e-01
9.989629667417927461e-01
9.989298234916409447e-01
9.988972848351724831e-01
9.988654034830960482e-01
9.988342236076412917e-01
9.988037580900670509e-01
9.987740481086065936e-01
9.987450951000835797e-01
9.987169107151983027e-01
9.986895028644326988e-01
9.986628514375582855e-01
9.986369626314518522e-01
9.986118122717322354e-01
9.985873855448231806e-01
9.985636779722791845e-01
9.985406630647962745e-01
9.985183480445882775e-01
9.984967288263441043e-01
9.984758141071577997e-01
9.984556375892148505e-01
9.984362248242170113e-01
9.984176364478773991e-01
9.983999348550377517e-01
9.983831955309491191e-01
9.983675183447362489e-01
9.983529953440083426e-01
9.983397432884020262e-01
9.983278775899280255e-01
9.983175126889783924e-01
9.983087768866288902e-01
9.983017807062024573e-01
9.982966422394795591e-01
9.982934718310418898e-01
9.982923681961317630e-01
9.982934386643123048e-01
9.982967772583043464e-01
9.983024895440480995e-01
9.983106909122299033e-01
9.983215065723393122e-01
9.983350992058708240e-01
9.983516579041856742e-01
9.983714254568498703e-01
9.983947097798127057e-01
9.984218901490878872e-01
9.984534508889914006e-01
9.984899805086233648e-01
9.985321930116347611e-01
9.985809321724032905e-01
9.986371522371381149e-01
9.987019066337040618e-01
9.987762914713917972e-01
9.988613920926145973e-01
9.989582175813715992e-01
9.990676217366694090e-01
9.991249732389884119e-01
9.991666839241385434e-01
9.992163409527321516e-01
9.992739346407811807e-01
9.993392848205465695e-01
9.992486358157934845e-01
9.991330067370540746e-01
9.989978673276274090e-01
9.988586037645573734e-01
9.987032948099052732e-01
9.985315335676676618e-01
9.983551810864229603e-01
9.981477697705973817e-01
9.979356300156900783e-01
9.977165193485690864e-01
9.974694533667169960e-01
9.972176694731452740e-01
9.969616784664901976e-01
9.967020977579763574e-01
9.964227416195400311e-01
9.961351911807200255e-01
9.958455148812702662e-01
9.955548732977093085e-01
9.952645097475165681e-01
9.949756925217877468e-01
9.946896631754127416e-01
9.944075883504961411e-01
9.941305142921225135e-01
9.938593460473063024e-01
9.935948340207836349e-01
9.933375833818303136e-01
9.930880814339334561e-01
9.928467295355183353e-01
9.926138886912206916e-01
9.923899136844850366e-01
9.921751775875089496e-01
9.919700814952671086e-01
9.917750378203973316e-01
9.915904432244398992e-01
9.914166334581937523e-01
9.912538328215799721e-01
9.911021093201546339e-01
9.909613345946099994e-01
9.908311686973063637e-01
9.907110660142393055e-01
9.906003062589946451e-01
9.904980514096329847e-01
9.903998221040584138e-01
9.903077547968328620e-01
9.902219767579250043e-01
9.901418212795536355e-01
9.900668062922355350e-01
9.899966343550040682e-01
9.899311658089008370e-01
9.898703686512944078e-01
9.898142532352324219e-01
9.897628077019009485e-01
9.897159404483262257e-01
9.896734429374167696e-01
9.896349772354260388e-01
9.896000869911668607e-01
9.895682317925813543e-01
9.895388327584461186e-01
9.895113219983854291e-01
9.894851860023984313e-01
9.894599932212063687e-01
9.894354058123181472e-01
9.894111730986017150e-01
9.893871129211617710e-01
9.893630884793181979e-01
9.893389860793758706e-01
9.893147032031390786e-01
9.892901482510513267e-01
9.892652522720830621e-01
9.892399896370678292e-01
9.892143983028082177e-01
9.891885938152029656e-01
9.891627680593632066e-01
9.891371685013509163e-01
9.891120591653097538e-01
9.890876662819018117e-01
9.890641196625007403e-01
9.890414003633932749e-01
9.890193060835622552e-01
9.889954204187813014e-01
9.889705700373332409e-01
9.889446849378517035e-01
9.889171473999027739e-01
9.888876458826044713e-01
9.888557207432184804e-01
9.888210298156863143e-01
9.887839575458443608e-01
9.887446754229659573e-01
9.887037677738671482e-01
9.886620612295591304e-01
9.886201055207082256e-01
9.885788189528501579e-01
9.885387239911693769e-01
9.885002957374681154e-01
9.884640169278153810e-01
9.884300074740652864e-01
9.883987515137612201e-01
9.883706951675724772e-01
9.883465078761199951e-01
9.883272467523568361e-01
9.883136601971430624e-01
9.883063111258744149e-01
9.883047730494242122e-01
9.883072583192648031e-01
9.883106922081379420e-01
9.883105209622162768e-01
9.883016931044273923e-01
9.882792755099716331e-01
9.882394311297572065e-01
9.881805671839258842e-01
9.881035871288889050e-01
9.880125051469940134e-01
9.879140587285498709e-01
9.878168454192216563e-01
9.877303846508034280e-01
9.876632683216618469e-01
9.876218293909281298e-01
9.876088482574784111e-01
9.876227394576854168e-01
9.876577977997194058e-01
9.877047127634139834e-01
9.877520056093802570e-01
9.877876410509458527e-01
9.878005885389375962e-01
9.877825493269524193e-01
9.877289237299199387e-01
9.876395801368795802e-01
9.875189981532966899e-01
9.873756245687279609e-01
9.872210634022585696e-01
9.870685643515720864e-01
9.869315200694818158e-01
9.868220503484584905e-01
9.867495717808344446e-01
9.867199699960549353e-01
9.867348699004271362e-01
9.867913340024124791e-01
9.868819701751514462e-01
9.869951919524490025e-01
9.871160967558095800e-01
9.872275815985160907e-01
9.873118841028388770e-01
9.873525015819718531e-01
9.873360654534585334e-01
9.872543262135654585e-01
9.871057066224964149e-01
9.868963021983636619e-01
9.866402140769884310e-01
9.863587596024563364e-01
9.860787952722985805e-01
9.858299952321317727e-01
9.856413147921239126e-01
9.855371956287123369e-01
9.855337593683236586e-01
9.856357822069380381e-01
9.858348607656274298e-01
9.861091087618687467e-01
9.864247341022309712e-01
9.867392380809879571e-01
9.870061285185983690e-01
9.871805694522773900e-01
9.872252616725124552e-01
9.871159481132830704e-01
9.868456011335536848e-01
9.864267851848296242e-01
9.858917088080089153e-01
9.852897172936666559e-01
9.846825295483243590e-01
9.841375264870256823e-01
9.837198797623387669e-01
9.834844235489107467e-01
9.834681251930709189e-01
9.836841996209771954e-01
9.841185694016937324e-01
9.847292892113184148e-01
9.854492650804351772e-01
9.861921423679758103e-01
9.868610467099172556e-01
9.873321373429138070e-01
9.874237026005856510e-01
9.872685332963684335e-01
9.868539438149930287e-01
9.861976514270374139e-01
9.853194912297672525e-01
9.840945487219758814e-01
9.828047439827432008e-01
9.815945367671283783e-01
9.806125531697409414e-01
9.799339554548098796e-01
9.796884602100535133e-01
9.800375452861299630e-01
9.809879408605030049e-01
9.824327322098463933e-01
9.840868810163837521e-01
9.858752723017327746e-01
9.873534991618789780e-01
9.880619501643076452e-01
9.881528994553090417e-01
9.877013975530447576e-01
9.870164699536071451e-01
9.861033318939242953e-01
9.847701231125189913e-01
9.828682792604821472e-01
9.802124419407435285e-01
9.773853912164245372e-01
9.748333031270084437e-01
9.728293716064074781e-01
9.719701927184914991e-01
9.724632959517558461e-01
9.743676956950098056e-01
9.775725516532294268e-01
9.817944370298441470e-01
9.860613911298881096e-01
9.889060322210204701e-01
9.891860395932018379e-01
9.883814271740534174e-01
9.872484932733314178e-01
9.858844814216818353e-01
9.844250033256207733e-01
9.830309497041422873e-01
9.808315524916849659e-01
9.765956080291664509e-01
9.700082278530880453e-01
9.634151660343159840e-01
9.582634495897489613e-01
9.555927584500047978e-01
9.559629235506105216e-01
9.596124107082542043e-01
9.663997234591028551e-01
9.757813766877528883e-01
9.867367814161097650e-01
9.919777678806209753e-01
9.821751350064679142e-01
9.718967315930480133e-01
9.648221928182740825e-01
9.621828378538128668e-01
9.647616683791955250e-01
9.727394366644658286e-01
9.753713771664278553e-01
9.706451986308769486e-01
9.568794694228728304e-01
9.406729546077003956e-01
9.276840376914960995e-01
9.201227848570473489e-01
9.194037834227132278e-01
9.262411093193205769e-01
9.405283990452938392e-01
9.612591432408411629e-01
9.865001909710174877e-01
9.853419302613232178e-01
9.570142592760384481e-01
9.317307437191381103e-01
9.132077057382864682e-01
9.045143602155272244e-01
9.077311663191867108e-01
9.235926057903424136e-01
9.511952390128041168e-01
9.581129083179713568e-01
9.341794534654611626e-01
8.972534166165887504e-01
8.671819865325220977e-01
8.492434153174875933e-01
8.384489234834124893e-01
8.414939421060813052e-01
8.663711605855776154e-01
9.103508893193683615e-01
9.665088835468689243e-01
9.495556309554435970e-01
8.900570017084505903e-01
8.438142433427120448e-01
8.147198064108259752e-01
7.951855851398473840e-01
7.984173510448182576e-01
8.316112089112891459e-01
8.885594520518548256e-01
9.295895528383827378e-01
8.910149313717524722e-01
8.233271406428513961e-01
7.734358251196832290e-01
7.387675829201463262e-01
7.139563931743356795e-01
7.285223985104212208e-01
7.807581258324127749e-01
8.613408379451313879e-01
9.279790897800087590e-01
8.754675810240025724e-01
7.976093339343085509e-01
7.487630571501072696e-01
7.361005591938821757e-01
7.384407109868766916e-01
7.585386781272747125e-01
8.109959328778822973e-01
8.850833399523759804e-01
8.982293288062866976e-01
8.500335260581323160e-01
7.922050645650419165e-01
7.564706975410377954e-01
7.509232720751611856e-01
7.493907460036225432e-01
7.657011981336143691e-01
8.077966778299081607e-01
8.687051298498253971e-01
9.240635528059989445e-01
8.935974007611588998e-01
8.378549226250630033e-01
7.940487339478532469e-01
7.744306895079099418e-01
7.802718358287642486e-01
7.980897689308025234e-01
8.218022579273214223e-01
8.623546429461489415e-01
9.162544469721412010e-01
9.218226064479202453e-01
8.829778732449612422e-01
8.349550269521751611e-01
8.019530724645501651e-01
7.917166784934487334e-01
7.838632980900873681e-01
7.994029316703888943e-01
8.378045847559199011e-01
8.921631323888488119e-01
9.419937142926327889e-01
9.147614504018850567e-01
8.615455729264525075e-01
8.220198500459842128e-01
8.053313092402164530e-01
8.132569566864408239e-01
8.260909832275423748e-01
8.556638034530787973e-01
9.008643693189986035e-01
9.377136623888844280e-01
9.152718800530807997e-01
8.698419126754636244e-01
8.320332894737084706e-01
8.126800683416758320e-01
8.093128384278454046e-01
8.071454492481880960e-01
8.295923455380469491e-01
8.717928097648349750e-01
9.266148706802104229e-01
9.403218312526855360e-01
8.973995409168453730e-01
8.504323729639579055e-01
8.215873081812244960e-01
8.140544819206704252e-01
8.229667827663672552e-01
8.379736921714082687e-01
8.719079063257997309e-01
9.204436724030374828e-01
9.363129182841363196e-01
9.003905956767556118e-01
8.526174698114975525e-01
8.190351224467624647e-01
8.062486046476181611e-01
7.950202166588870023e-01
8.065215475731142281e-01
8.424994680208655051e-01
8.959951719452291519e-01
9.454517033597225062e-01
9.167137483713329038e-01
8.625470720632835153e-01
8.230433633351165179e-01
8.063184611609258701e-01
8.140269177059332728e-01
8.248928311560186355e-01
8.553503017977871492e-01
9.027280332829048515e-01
9.365622126907011680e-01
9.085981271347149946e-01
8.585615000222663884e-01
8.195010804921279979e-01
8.008973657908966537e-01
7.921236478234188194e-01
7.949988666108713797e-01
8.238296267830549358e-01
8.728353713048025986e-01
9.337862729610635348e-01
9.310832826806261231e-01
8.792234323058115697e-01
8.326170801239560770e-01
8.070955653114390005e-01
8.055374288855313702e-01
8.160789285248061242e-01
8.383396714173888542e-01
