1.480050170400000020e+01
1.329270240300000161e+01
1.312055430200000039e+01
1.686423969800000222e+01
1.644894496600000267e+01
1.633100583200000244e+01
1.690844117099999977e+01
1.636290805700000206e+01
1.702873429399999949e+01
1.661697735200000281e+01
1.718826777499999992e+01
1.984452629000000101e+01
1.951558660100000253e+01
1.956291297599999979e+01
1.997020780500000114e+01
2.058385851300000269e+01
2.091972042600000137e+01
2.031396509800000061e+01
2.089895341300000098e+01
2.022968026200000224e+01
2.089189354100000173e+01
2.066093286400000295e+01
2.064403364700000054e+01
2.069459444499999989e+01
2.095312969200000097e+01
2.034018467399999963e+01
1.568115532300000048e+01
1.525865076900000084e+01
1.528036930100000035e+01
2.311546928899999997e+01
2.281936688500000088e+01
2.280508491100000157e+01
2.313179166800000175e+01
2.326181177700000191e+01
2.282431394400000002e+01
2.331181286300000011e+01
2.317639413500000245e+01
2.320004835100000307e+01
2.333107774400000167e+01
2.634857464600000299e+01
2.639389862100000173e+01
2.660418908200000132e+01
2.624813181700000086e+01
2.653669685500000242e+01
2.660042034400000333e+01
2.633994550800000312e+01
2.655754137000000270e+01
2.614620478600000197e+01
2.670804309100000040e+01
2.639186852600000321e+01
2.654569064900000086e+01
2.647697993200000255e+01
2.629215433300000271e+01
2.648687128200000274e+01
2.980771829700000097e+01
2.969857124900000045e+01
2.953164907600000078e+01
2.990834031200000354e+01
2.948402785300000062e+01
2.927846057300000027e+01
2.954310982100000160e+01
2.983382200100000148e+01
2.984227938900000154e+01
2.928436439900000110e+01
2.968241883000000314e+01
2.981973477300000042e+01
2.949188526700000068e+01
2.988337833100000296e+01
2.920121124100000287e+01
3.017478572300000295e+01
2.939067400700000121e+01
2.966772934600000156e+01
2.955623805700000162e+01
2.668226851400000044e+01
2.959346247600000268e+01
2.953351115900000323e+01
2.962865181000000092e+01
2.598297839300000334e+01
3.282836836900000321e+01
3.262132346399999960e+01
3.365481866800000432e+01
3.381309017000000239e+01
3.397547536700000137e+01
3.383729688900000099e+01
3.443692267200000146e+01
3.384469933300000122e+01
3.432319412700000072e+01
3.384277930400000400e+01
3.422183229899999901e+01
3.398063396599999919e+01
3.432606511800000249e+01
3.381605005700000532e+01
3.420766123500000333e+01
3.420855083100000371e+01
3.441383845700000421e+01
3.394091561600000517e+01
3.358953590400000166e+01
3.425503112500000213e+01
3.467578521000000080e+01
3.529843832499999934e+01
3.340486786099999961e+01
3.276681783100000445e+01
3.263967270799999909e+01
3.259679575500000226e+01
3.260545882899999981e+01
3.291148559100000170e+01
3.265927393000000478e+01
3.303751057899999921e+01
3.239455978899999877e+01
3.179055194400000062e+01
3.371737196400000158e+01
3.402035362699999865e+01
3.398813193699999857e+01
3.410244043800000213e+01
3.381658871100000141e+01
3.391527339200000313e+01
3.353442316499999976e+01
3.373491548700000209e+01
3.344344319400000387e+01
3.393416248900000198e+01
3.373784126800000394e+01
3.360118461500000109e+01
3.483811951000000562e+01
3.504833809400000177e+01
3.455109251900000089e+01
3.493916306900000279e+01
3.472956455199999937e+01
3.514482726100000320e+01
3.479632902400000205e+01
3.457258747000000199e+01
3.440729447000000363e+01
3.468825699199999946e+01
3.474902290100000357e+01
3.189630600100000279e+01
3.531082993600000464e+01
3.478262317000000081e+01
3.517362583700000300e+01
3.564186325300000391e+01
3.582614433000000531e+01
3.522474404700000150e+01
3.547960861800000032e+01
3.484974941000000115e+01
3.495448197300000004e+01
3.369678960800000311e+01
3.306300828300000205e+01
3.375750682400000358e+01
2.210386883199999986e+01
2.741971354600000055e+01
3.414545654300000166e+01
3.438008158899999955e+01
3.397396427600000379e+01
3.420014018599999872e+01
3.244123350499999958e+01
3.361229986800000091e+01
3.408842898600000382e+01
3.442172009700000501e+01
3.422127556400000259e+01
3.418222140000000309e+01
3.400087742400000224e+01
3.411051952800000464e+01
3.411373354100000199e+01
3.431114032500000377e+01
3.386186553000000288e+01
3.416457338700000435e+01
3.415355909500000564e+01
3.405856359300000236e+01
3.403716307200000557e+01
3.420386570899999867e+01
3.424950633299999936e+01
3.414462403699999982e+01
3.399155887500000262e+01
3.398664155100000528e+01
3.426012690700000007e+01
3.411617537200000072e+01
3.429499635700000226e+01
3.409432881000000037e+01
3.395244407500000250e+01
3.420441537500000351e+01
3.029853449500000195e+01
2.171292716199999973e+01
2.493027282400000288e+01
3.248401000799999849e+01
2.948388029000000188e+01
2.967855738000000088e+01
2.998635944700000167e+01
2.960751583400000086e+01
2.999418778800000140e+01
3.002674708000000336e+01
2.974990567900000116e+01
3.000589066500000257e+01
2.993615269500000053e+01
2.946996389800000316e+01
2.967625122800000170e+01
2.991302948300000253e+01
2.658933244299999998e+01
2.668657842000000002e+01
2.620055934500000205e+01
2.644267215700000051e+01
2.328030180400000049e+01
1.940722286700000154e+01
1.653429040800000038e+01
1.765784148000000187e+01
1.835347551799999977e+01
1.712062627100000256e+01
1.783569913200000201e+01
1.714321507100000019e+01
1.797982988100000057e+01
2.058483939799999973e+01
2.143774679000000205e+01
2.071451066600000246e+01
2.131201328800000283e+01
2.058939513800000043e+01
1.786841227700000090e+01
1.703071049000000059e+01
1.800937238500000248e+01
1.702702450600000006e+01
1.796071147700000026e+01
2.066246811899999969e+01
2.096840562300000244e+01
2.057752871699999986e+01
2.151067116600000162e+01
2.438260976000000113e+01
2.113710846500000073e+01
2.136241000600000106e+01
2.069663454600000208e+01
1.746716124499999978e+01
2.103043110800000193e+01
2.128394554600000177e+01
2.433391198500000030e+01
2.466159264700000264e+01
2.470578363300000291e+01
2.483721005499999990e+01
2.480357520900000168e+01
2.047094302300000024e+01
1.800484819300000083e+01
2.033058358000000254e+01
2.481794143500000160e+01
2.432492251500000080e+01
2.409571427100000207e+01
2.487390935200000186e+01
2.360861706300000051e+01
2.421098784200000154e+01
2.103434902600000100e+01
1.740290578400000143e+01
1.663665303700000209e+01
1.698869139299999986e+01
2.370952112100000164e+01
2.391776320100000319e+01
2.380507432000000279e+01
2.394335723800000082e+01
2.383268618100000324e+01
2.051640890600000233e+01
2.050569354900000008e+01
2.380723850200000058e+01
2.391479938100000169e+01
2.714424125800000098e+01
2.726441690000000051e+01
2.722397483900000026e+01
2.720319811300000268e+01
2.717645438999999996e+01
2.381267748000000140e+01
2.057832562700000167e+01
2.032907615700000292e+01
2.387797398400000048e+01
2.019963534200000055e+01
1.672643679900000180e+01
1.736088139800000008e+01
2.709383133600000093e+01
2.791156401400000320e+01
2.809093778100000094e+01
2.093247412500000237e+01
2.443987683300000313e+01
2.820993070100000111e+01
2.789858980500000030e+01
3.132162619000000348e+01
3.154400239600000333e+01
3.126119743600000334e+01
3.158687754000000325e+01
2.782320582400000220e+01
2.460969583500000013e+01
2.488792904200000322e+01
2.798929290600000286e+01
3.167139467400000186e+01
3.178725153100000256e+01
1.980056432800000010e+01
1.936959959500000039e+01
1.890750305100000261e+01
1.962030875199999969e+01
1.676233903500000011e+01
1.892437338700000282e+01
3.034409282700000077e+01
3.018058108700000020e+01
2.958771349800000294e+01
3.357272428000000275e+01
3.367733920100000233e+01
3.020293529900000351e+01
3.012497415700000047e+01
2.715752977000000001e+01
2.344797756400000210e+01
3.034024081800000161e+01
3.028264396200000164e+01
3.352727233600000289e+01
3.402385586800000539e+01
3.377475036199999892e+01
3.408207638100000025e+01
3.025407380600000096e+01
1.897302134899999970e+01
1.319684558600000024e+01
1.902662477500000193e+01
2.112867086600000022e+01
3.245358065500000322e+01
3.292069110599999959e+01
3.325176320300000299e+01
3.273329975500000444e+01
3.330095551400000176e+01
3.317301625300000012e+01
2.633983347800000274e+01
2.949241753800000154e+01
3.271299310300000229e+01
3.622758149700000274e+01
3.606094831200000073e+01
3.613863859300000314e+01
3.655347682200000037e+01
3.631085067600000116e+01
3.307079522100000446e+01
2.984943034400000172e+01
3.346524998900000014e+01
3.659787765000000093e+01
3.656699840200000295e+01
2.635902885200000156e+01
2.303563431500000291e+01
2.370558340800000252e+01
2.559192281500000021e+01
2.384082590000000224e+01
1.951587215099999995e+01
2.176401331000000283e+01
2.383587289100000106e+01
2.362968311200000215e+01
2.543089229100000281e+01
2.517443648900000142e+01
2.593766143200000229e+01
2.597433228200000244e+01
2.819230522000000150e+01
2.950172180200000227e+01
2.175593019700000141e+01
2.313586405400000245e+01
2.842735509700000307e+01
2.526647022200000237e+01
2.548793462900000151e+01
2.523070674000000224e+01
3.138954343400000369e+01
4.184375850300000366e+01
3.854987089600000161e+01
3.494118251900000161e+01
4.215454976200000203e+01
4.177554168900000064e+01
4.481180661100000151e+01
4.546453718000000066e+01
4.531382234300000533e+01
4.529312617100000438e+01
4.539166077900000573e+01
4.165366093600000141e+01
3.518040097500000485e+01
4.192389059100000281e+01
4.508804961900000308e+01
4.532906385300000096e+01
4.502900687900000065e+01
4.515936568300000431e+01
4.464904272400000451e+01
4.449395570400000111e+01
4.122800938299999984e+01
3.454897488099999947e+01
4.499690189700000076e+01
4.518538421100000591e+01
4.800135501600000509e+01
4.791645129300000150e+01
4.803060817500000468e+01
4.804813232100000420e+01
4.776674101600000455e+01
4.494210584000000352e+01
3.455779089300000351e+01
4.501275861200000605e+01
4.993789942800000148e+01
4.940494342600000266e+01
4.898227773900000415e+01
4.877058248400000195e+01
4.889356897200000418e+01
4.804844026300000337e+01
4.466449353600000194e+01
3.812422944100000421e+01
4.480803015000000045e+01
4.811357147800000433e+01
5.135765475300000560e+01
5.211009458400000227e+01
5.120180531100000110e+01
5.173748775600000016e+01
4.841361152200000362e+01
4.086217773999999991e+01
2.588103258500000337e+01
3.275685976700000168e+01
4.801514982600000536e+01
5.070262133800000015e+01
5.153432051100000422e+01
5.141146451700000597e+01
4.830302713000000381e+01
4.851919204400000041e+01
4.479716413500000272e+01
4.480027735100000541e+01
3.771037581400000249e+01
3.883925794299999978e+01
4.670744164599999948e+01
4.659360205800000188e+01
4.647548054900000380e+01
4.370388158900000519e+01
4.075158253400000063e+01
3.792109104300000411e+01
3.799100440700000547e+01
4.083730254700000017e+01
4.095690605100000425e+01
4.399739527999999922e+01
4.376792174600000607e+01
4.361855326700000290e+01
4.089940726000000382e+01
4.081280832800000269e+01
4.082940023500000137e+01
3.505434364999999985e+01
3.821988008099999945e+01
4.077282240400000290e+01
4.404167971600000442e+01
4.404801977400000368e+01
4.383043908600000549e+01
4.405552594699999958e+01
4.416064741000000282e+01
4.104144293800000298e+01
3.816440995100000322e+01
3.510471525700000228e+01
4.105658917200000246e+01
4.109406445800000540e+01
4.105435617600000597e+01
4.106017863299999959e+01
4.115009868900000356e+01
4.100373826300000246e+01
4.097806204900000182e+01
3.824012630800000068e+01
3.523904714800000448e+01
4.089110531700000450e+01
4.105556101100000177e+01
4.414251593100000548e+01
4.389430502800000511e+01
4.396663696899999962e+01
4.384365374300000440e+01
4.094030786200000449e+01
4.117289201800000598e+01
3.508498186500000315e+01
3.825072925399999946e+01
4.095449812600000428e+01
4.104182429600000148e+01
4.100140966500000417e+01
4.104074993500000090e+01
4.104229259000000241e+01
4.096646118400000347e+01
4.056565880300000515e+01
3.766414576800000447e+01
3.799111030699999958e+01
4.102663265400000370e+01
4.096168058700000358e+01
4.358772587300000367e+01
4.395270696500000440e+01
4.393564433400000269e+01
4.416837923900000362e+01
4.122521842500000133e+01
3.822435684199999884e+01
3.521662209500000529e+01
3.816160466800000250e+01
4.101583628100000567e+01
4.105516896800000382e+01
4.122498100700000379e+01
4.356200878700000345e+01
3.198049607600000144e+01
3.018784159800000211e+01
2.803180583700000028e+01
2.578768316700000085e+01
2.952479045200000130e+01
2.936306662900000219e+01
3.187388289300000110e+01
3.175974647500000358e+01
3.334547219699999943e+01
3.135248986100000224e+01
3.062902072900000050e+01
2.978487774300000268e+01
2.499610605700000221e+01
2.729747453700000293e+01
2.957337120200000058e+01
2.932085016500000307e+01
2.966290216600000207e+01
2.928834452800000321e+01
2.927218708300000216e+01
2.934921944900000312e+01
2.932682357600000245e+01
2.567545037500000049e+01
2.790580155000000318e+01
