-6.683258552797610719e-04
-6.807739295330850204e-04
-6.670262806485194318e-04
-6.663278555321672236e-04
-6.664972434997085138e-04
-6.672391858156268007e-04
-6.694581757962780877e-04
-6.695527111855170688e-04
-6.686006394418519960e-04
-6.690221318314537591e-04
-6.700013925164949313e-04
-6.708604690403019433e-04
-6.715153150205210864e-04
-6.727463463418459355e-04
-6.740885145142816448e-04
-6.738362716654511253e-04
-6.762577556718163407e-04
-6.790713223056576986e-04
-6.798090858628480504e-04
-6.805527327222171685e-04
-6.813096286348296893e-04
-6.820719609362813074e-04
-6.828308737494293013e-04
-6.835809358438083017e-04
-6.843207888143632012e-04
-6.850521431858713761e-04
-6.857777007221455001e-04
-6.864994435681892604e-04
-6.872186666298518709e-04
-6.879366453341195786e-04
-6.886546037088159267e-04
-6.893728649259855956e-04
-6.900901974360440505e-04
-6.908043434450394926e-04
-6.915136889704132095e-04
-6.922187140365188007e-04
-6.929218678675130860e-04
-6.936263272694365156e-04
-6.943349680169075278e-04
-6.950500873362241983e-04
-6.957735217485994106e-04
-6.965067469402730360e-04
-6.972508473451766164e-04
-6.980064210557190840e-04
-6.987735292951491317e-04
-6.995517349644986282e-04
-7.003402482524956341e-04
-7.011381646465641992e-04
-7.019446793446459942e-04
-7.046199467383718051e-04
-7.054612323253994788e-04
-7.063122773723340408e-04
-7.071731677077419675e-04
-7.080436951995006112e-04
-7.089236694318712395e-04
-7.098129061258728889e-04
-7.107107761222808406e-04
-7.116155011116509499e-04
-7.125238605965034111e-04
-7.134318922866200730e-04
-7.162304551611153869e-04
-7.171839822572856349e-04
-7.181378707893371072e-04
-7.190948154656151559e-04
-7.200585827801808669e-04
-7.210343558522458451e-04
-7.220283721576237213e-04
-7.230448540215816955e-04
-7.240836100624870042e-04
-7.251422438236954093e-04
-7.262193921650506034e-04
-7.273152154485540422e-04
-7.284304154059340064e-04
-7.295655009870172236e-04
-7.307205614343059707e-04
-7.318952677415335728e-04
-7.330888998888229757e-04
-7.343002552548383299e-04
-7.355273577369647597e-04
-7.367669805219412282e-04
-7.380142320573268577e-04
-7.392628447455695806e-04
-7.405070238108990566e-04
-7.417447886765016207e-04
-7.429806921158133015e-04
-7.442252636186141856e-04
-7.454907876777716602e-04
-7.480682713834063691e-04
-7.494470801477914890e-04
-7.521134594110079341e-04
-7.535774906933245809e-04
-7.550733375216722720e-04
-7.552105033947764667e-04
-7.567920739859346213e-04
-7.584124112558487951e-04
-7.600646569239088990e-04
-7.617443368024279238e-04
-7.634015830149110116e-04
-7.649853275878970571e-04
-7.665347521751408877e-04
-7.695568126783736140e-04
-7.712174364640778101e-04
-7.728976985629798513e-04
-7.746184692500324154e-04
-7.763996909812553859e-04
-7.782463592856392331e-04
-7.801453312014650088e-04
-7.820662871804717753e-04
-7.839745479382154159e-04
-7.858539908145445452e-04
-7.877135034140003711e-04
-7.889268329133725111e-04
-7.909460354879604971e-04
-7.929895309857770691e-04
-7.950703007630899322e-04
-7.971968366299320152e-04
-7.993725486724057028e-04
-8.015961888624412168e-04
-8.038632017898228455e-04
-8.050964401554172589e-04
-8.075829297099490489e-04
-8.100809243211104516e-04
-8.125737596259563489e-04
-8.150412088236969055e-04
-8.174509351560610426e-04
-8.197876537829884569e-04
-8.221087459042708545e-04
-8.244705394205853466e-04
-8.268763063923323386e-04
-8.293211277196621545e-04
-8.318039721580405832e-04
-8.343238473013103729e-04
-8.368796588040239293e-04
-8.394705951084158180e-04
-8.420960304053592971e-04
-8.447554859042361031e-04
-8.474486172957429453e-04
-8.501752410225438261e-04
-8.529352885394692052e-04
-8.557285872096143109e-04
-8.585544907638298362e-04
-8.614110881113856699e-04
-8.642938604572214523e-04
-8.671939742563306019e-04
-8.700979002421171948e-04
-8.767275476134761547e-04
-8.798160055584203221e-04
-8.829761388995382987e-04
-8.862863482270166848e-04
-8.897553781930800376e-04
-8.932692608348835606e-04
-8.967413554966663369e-04
-9.001515585138619713e-04
-9.035767135887051715e-04
-9.070818810422154321e-04
-9.106347813328530272e-04
-9.141008132179662127e-04
-9.173729729528012911e-04
-9.205288878252892992e-04
-9.255669541588518179e-04
-9.291406169259497361e-04
-9.351949167263340357e-04
-9.390426305169730092e-04
-9.429781143308058056e-04
-9.470082745210994801e-04
-9.490347238599872171e-04
-9.533022014923675513e-04
-9.575041485687663112e-04
-9.617406718315235636e-04
-9.661025624940755563e-04
-9.705445549859637033e-04
-9.747595503525885441e-04
-9.788125257675917013e-04
-9.828641728160114610e-04
-9.894493350703914558e-04
-9.938835253006650383e-04
-9.984075241789569510e-04
-1.003020025643064361e-03
-1.007718257833856157e-03
-1.012502528079106678e-03
-1.019354752529455510e-03
-1.024352063266897872e-03
-1.027073074115480988e-03
-1.032288204289022460e-03
-1.037454132223059045e-03
-1.042593450782669517e-03
-1.047747069413129672e-03
-1.052941827686670884e-03
-1.058188178687524683e-03
-1.063488277418256356e-03
-1.068841880492998886e-03
-1.074249028380769300e-03
-1.079710879156592362e-03
-1.085229623550010292e-03
-1.090807738787780146e-03
-1.096447211944295841e-03
-1.102148245755996125e-03
-1.107907869071778073e-03
-1.113719023680681541e-03
-1.119570533229807818e-03
-1.125449472723361044e-03
-1.131345289624718919e-03
-1.137253807897975477e-03
-1.145978875215225568e-03
-1.152061690225247848e-03
-1.158192311012662401e-03
-1.164374057600892076e-03
-1.170608689565755256e-03
-1.176895739732342072e-03
-1.183232035893710954e-03
-1.189611093975473377e-03
-1.196022955320119596e-03
-1.202455388303602657e-03
-1.208897542716302898e-03
-1.215345050571692287e-03
-1.221804609218002380e-03
-1.228296720511001805e-03
-1.237691196755152934e-03
-1.244491198372499330e-03
-1.251373115182530249e-03
-1.258355342667605292e-03
-1.262838204107996631e-03
-1.270482050035048882e-03
-1.278133953654114752e-03
-1.285592331416729461e-03
-1.292871652412708183e-03
-1.299855794108240037e-03
-1.306785052035408512e-03
-1.313561217060332798e-03
-1.320371570395773020e-03
-1.327921795546416206e-03
-1.335832397919567427e-03
-1.343549666624199723e-03
-1.351240151842292292e-03
-1.358922403957296687e-03
-1.366471452751705229e-03
-1.373959633697852123e-03
-1.381461737767764042e-03
-1.388742220315153375e-03
-1.399232227339286538e-03
-1.406944359402806377e-03
-1.414862225330992818e-03
-1.419987956167989562e-03
-1.428030675507119263e-03
-1.436061446308256606e-03
-1.444212251200394093e-03
-1.452470069646105699e-03
-1.460339670721066962e-03
-1.470942318600176879e-03
-1.478812980862387327e-03
-1.486826470273316936e-03
-1.494988245727413290e-03
-1.503288788270995546e-03
-1.511718266301864677e-03
-1.520267900630145608e-03
-1.528928904113990850e-03
-1.537691924966000379e-03
-1.546546452900476876e-03
-1.555480939470499369e-03
-1.560154612437192334e-03
-1.569807107648646394e-03
-1.579448532702809604e-03
-1.588955058520746810e-03
-1.598117461228121261e-03
-1.606761848860216446e-03
-1.615133141875946254e-03
-1.623702335472321234e-03
-1.632583713742641329e-03
-1.641652409643812316e-03
-1.650819268450565147e-03
-1.660086503071922515e-03
-1.669501467170542153e-03
-1.679086458047929220e-03
-1.688745482354703231e-03
-1.698192617693994322e-03
-1.707129547995345220e-03
-1.715701650074896722e-03
-1.724494632057704813e-03
-1.733922905836071671e-03
-1.743963723375985264e-03
-1.754271401230300675e-03
-1.764474505698554463e-03
-1.774497511632111557e-03
-1.786657574695538209e-03
-1.796657742283991332e-03
-1.806666854788085974e-03
-1.816679429068879248e-03
-1.826687327451115284e-03
-1.836685000547455537e-03
-1.846678965296277841e-03
-1.856707437793148063e-03
-1.866854833303122074e-03
-1.877234037611641426e-03
-1.887937895801716781e-03
-1.898984094607369943e-03
-1.910271652146022792e-03
-1.921586187780821575e-03
-1.932696540550560282e-03
-1.943489563790978814e-03
-1.954015984699519759e-03
-1.964418078019558589e-03
-1.974830065221144793e-03
-1.985327660218583201e-03
-1.995931514499338366e-03
-2.006641350685289815e-03
-2.017484465588470499e-03
-2.028543107666924694e-03
-2.039856961247310529e-03
-2.051159701975391325e-03
-2.061895498156607331e-03
-2.077895796366580061e-03
-2.089027304025270482e-03
-2.099725818750786122e-03
-2.110353092907302219e-03
-2.123574254773996639e-03
-2.134977925113967778e-03
-2.146513658282667159e-03
-2.158193729977220254e-03
-2.170031022191709624e-03
-2.182039761830512070e-03
-2.194235574853875548e-03
-2.206635792804945151e-03
-2.219259390300043489e-03
-2.232126789888932983e-03
-2.245259602720595105e-03
-2.258679974777300092e-03
-2.269406644309079901e-03
-2.283940244415805232e-03
-2.298597178088113147e-03
-2.313076775542488583e-03
-2.329488141554481029e-03
-2.344546560867355467e-03
-2.360042450728905283e-03
-2.375572881903320610e-03
-2.394538898899123414e-03
-2.411264756825570732e-03
-2.426643672789885464e-03
-2.446794621517589530e-03
-2.465192013843819918e-03
-2.484365506771890608e-03
-2.504276409713568352e-03
-2.523345207705585125e-03
-2.542569545138650966e-03
-2.567362148551965984e-03
-2.586666487509881041e-03
-2.610612379767840441e-03
-2.635039297202435016e-03
-2.659881965752508570e-03
-2.685437519235611692e-03
-2.711806173905095818e-03
-2.738707245081295483e-03
-2.765966801938912756e-03
-2.797983054075858789e-03
-2.827470386082553411e-03
-2.857865474809040407e-03
-2.889161342987944803e-03
-2.922949795729212763e-03
-2.956099970288783574e-03
-2.990045208246805419e-03
-3.024760421281580403e-03
-3.060216295065754100e-03
-3.096379469275101215e-03
-3.133212658626427505e-03
-3.170675036205661268e-03
-3.207306729077763485e-03
-3.246046165575333653e-03
-3.285279494125159516e-03
-3.324939339491295165e-03
-3.364946002547275494e-03
-3.403191876666378235e-03
-3.443742245519409995e-03
-3.484157189086178885e-03
-3.524543401985102964e-03
-3.567005084069430065e-03
-3.607278975575889390e-03
-3.647336694451164263e-03
-3.687199328425427858e-03
-3.726888147814744201e-03
-3.766428638420082908e-03
-3.805794023167829998e-03
-3.840682980289777948e-03
-3.878829982299769608e-03
-3.916207888660094838e-03
-3.952874179521947973e-03
-3.988754444859965442e-03
-4.028427962439462551e-03
-4.063247123793634064e-03
-4.097574586056640378e-03
-4.131414058609894635e-03
-4.164738705042525524e-03
-4.197523810989256532e-03
-4.229745420090968988e-03
-4.261395550414492917e-03
-4.292503694663940550e-03
-4.323128350465499370e-03
-4.353326583450556342e-03
-4.383151318738953695e-03
-4.412678889180454700e-03
-4.442006332983083894e-03
-4.471227112677611526e-03
-4.501997424229131628e-03
-4.531429253977481419e-03
-4.560975842388126367e-03
-4.590707434534713194e-03
-4.620696274328095488e-03
-4.651015971873784238e-03
-4.681740940712386667e-03
-4.712945619493591476e-03
-4.744704025221035959e-03
-4.777089383797838984e-03
-4.810173906835690794e-03
-4.844028972358915830e-03
-4.878725383015980466e-03
-4.914333676839244269e-03
-4.950924574689818947e-03
-4.988569023270383873e-03
-5.027337898212691503e-03
-5.066055122739110406e-03
-5.107534220583076490e-03
-5.150299434526772746e-03
-5.194332720206973342e-03
-5.239650308160037628e-03
-5.286328573073095782e-03
-5.334381165238155642e-03
-5.383773164782668097e-03
-5.434534456247308576e-03
-5.488333323845628886e-03
-5.542196278766897688e-03
-5.595722342656428427e-03
-5.652421559669551510e-03
-5.710461074430461803e-03
-5.769767617852528119e-03
-5.830259362474277118e-03
-5.891840929950209471e-03
-5.954407138854256321e-03
-6.017843981810655496e-03
-6.082027194119488112e-03
-6.148496672438164001e-03
-6.213654624843967245e-03
-6.279054916165371925e-03
-6.344530149664240337e-03
-6.409912528172745372e-03
-6.474039373881301795e-03
-6.538852254886484694e-03
-6.603047546278884017e-03
-6.666467029897704677e-03
-6.728962265700744183e-03
-6.790394634161034393e-03
-6.850636559471712239e-03
-6.909573284402670268e-03
-6.967104449996652793e-03
-7.023146014209502574e-03
-7.077632040568271332e-03
-7.130516293492317192e-03
-7.181773808498381761e-03
-7.231402818802523669e-03
-7.279426072455408292e-03
-7.325892704770908814e-03
-7.371916177552340077e-03
-7.415632795174098568e-03
-7.458110591616884388e-03
-7.499501840868560976e-03
-7.539984508239672145e-03
-7.579762570851522607e-03
-7.619065833616711636e-03
-7.658149861068663800e-03
-7.697296085085181261e-03
-7.736811829810175123e-03
-7.777030539787843644e-03
-7.818311561770541207e-03
-7.861040074438885306e-03
-7.905626209664395887e-03
-7.952503146615996776e-03
-8.002124510256281020e-03
-8.054960761179341677e-03
-8.111493526144486488e-03
-8.172209729825907765e-03
-8.237594527177316550e-03
-8.308125052673698274e-03
-8.384263649653667105e-03
-8.466447835039914160e-03
-8.554683851857980414e-03
-8.650131619919454451e-03
-8.753059790506112492e-03
-8.862915558653650105e-03
-8.980300109655281471e-03
-9.105562801868527512e-03
-9.238911987143050286e-03
-9.379987425148228475e-03
-9.528768328166681290e-03
-9.684909935095409317e-03
-9.848054899075364688e-03
-1.001780452926231968e-02
-1.019373448855609432e-02
-1.037753042771871748e-02
-1.056758175492639173e-02
-1.076398730078254040e-02
-1.096336182191126607e-02
-1.117050519230528005e-02
-1.138395219611315623e-02
-1.159957326128530086e-02
-1.182033950855448934e-02
-1.204531043718370942e-02
-1.227260892536358172e-02
-1.250073941947843492e-02
-1.273202612014356916e-02
-1.296493030650408551e-02
-1.319543085967767038e-02
-1.342821197490989826e-02
-1.365979017108748250e-02
-1.388750029180929602e-02
-1.411358154663477915e-02
-1.433375730111735580e-02
-1.454660163829613051e-02
-1.475565143548990266e-02
-1.495390880257990718e-02
-1.514914923275850756e-02
-1.533255754568724205e-02
-1.550825892592672117e-02
-1.567174106066465678e-02
-1.582440353473102412e-02
-1.596621068186976355e-02
-1.609617959635184503e-02
-1.621573126427133804e-02
-1.632093688209018678e-02
-1.642193784865131345e-02
-1.650337725061651328e-02
-1.656973278090917434e-02
-1.662994111077398252e-02
-1.667811527186757736e-02
-1.671567361348769154e-02
-1.674271067743787755e-02
-1.676013414156074521e-02
-1.676811782161530262e-02
-1.676845868335830048e-02
-1.675848327798296067e-02
-1.674024457359590823e-02
-1.671416936706027201e-02
-1.668065556763853596e-02
-1.664008119836579702e-02
-1.659280151042608065e-02
-1.653914343443391166e-02
-1.647940954383475542e-02
-1.641389061794867876e-02
-1.634287828631286743e-02
-1.626667614591376099e-02
-1.618561029873288870e-02
-1.610003789861980117e-02
-1.601034981876386931e-02
-1.591696858241620216e-02
-1.582034330627896113e-02
-1.572094286559216902e-02
-1.561924881881004978e-02
-1.551574770806557479e-02
-1.541092344884836818e-02
-1.530525013776345977e-02
-1.519918764447403259e-02
-1.509318211523197339e-02
-1.498766569048154418e-02
-1.488302991871637282e-02
-1.477954491406197057e-02
-1.467717918633981711e-02
-1.457642684266208244e-02
-1.447730857682821837e-02
-1.437973113018881088e-02
-1.428362931728544005e-02
-1.418895563717187391e-02
-1.409565028116649410e-02
-1.400362695522239243e-02
-1.391277972364463045e-02
-1.382299538929682159e-02
-1.373415755387130677e-02
-1.364615498309212915e-02
-1.355896124882877141e-02
-1.347285112172774690e-02
-1.338757717749411436e-02
-1.330366234036650663e-02
-1.322112701377942123e-02
-1.313993713677186204e-02
-1.306017219206839775e-02
-1.298186104316118028e-02
-1.290509848305421148e-02
-1.283084046716370663e-02
-1.275870402134560155e-02
-1.268943867847455165e-02
-1.262063188698647753e-02
-1.255493602651397422e-02
-1.249202729293741321e-02
-1.243207696964565567e-02
-1.237363696457161044e-02
-1.231880840873444960e-02
-1.226690035612681973e-02
-1.221805626210048512e-02
-1.217240153676829584e-02
-1.213003419833491581e-02
-1.209101762138092839e-02
-1.205537366481407302e-02
-1.202307612146874538e-02
-1.199404658929759115e-02
-1.196815469744066940e-02
-1.194522468720843333e-02
-1.192505030500057295e-02
-1.190741304666620426e-02
-1.189210129769469049e-02
-1.187892681757396485e-02
-1.186773615211023092e-02
-1.185841684048782874e-02
-1.185089743355322023e-02
-1.184514620159032861e-02
-1.184116396983070363e-02
-1.183897720822280064e-02
-1.183863224285264248e-02
-1.184019108598916015e-02
-1.184372908235448163e-02
-1.184933487654721285e-02
-1.185711127495575612e-02
-1.186717592755737183e-02
-1.187965963165560357e-02
-1.189390285617070164e-02
-1.191195440162912123e-02
-1.193289572843370117e-02
-1.195669514233721475e-02
-1.198348358988077234e-02
-1.201322645912328291e-02
-1.204581019225992033e-02
-1.208104155353134646e-02
-1.211865211496881978e-02
-1.215830527868944078e-02
-1.219960599687097691e-02
-1.224211570613614741e-02
-1.228537379315136624e-02
-1.232892143456787437e-02
-1.237233479306626416e-02
-1.241519419601100349e-02
-1.245717237143839640e-02
-1.249797041154576682e-02
-1.253732894906794959e-02
-1.257501618609074834e-02
-1.261081497364591186e-02
-1.264451247959264002e-02
-1.267589412809883020e-02
-1.270474309272850988e-02
-1.273084574041349892e-02
-1.275400222473382916e-02
-1.277404052340280760e-02
-1.279083114624629536e-02
-1.280430133645815705e-02
-1.281444565117140222e-02
-1.282133177548799852e-02
-1.282509746749621593e-02
-1.282594613724458155e-02
-1.282413091425738116e-02
-1.281938531026288741e-02
-1.281317317382152376e-02
-1.280516698733691339e-02
-1.279562951442964058e-02
-1.278478766543744705e-02
-1.277282824550668439e-02
-1.275990036529589533e-02
-1.274612333673069697e-02
-1.273160161661679446e-02
-1.271643872308991785e-02
-1.270075241905643804e-02
-1.268468786211895960e-02
-1.266842549444563426e-02
-1.265218402763251815e-02
-1.263621736842940324e-02
-1.262126333340246598e-02
-1.260662756025765496e-02
-1.259314319267401672e-02
-1.258109461649142835e-02
-1.257073906105604655e-02
-1.256229577943496212e-02
-1.255593794831921794e-02
-1.255178889908170614e-02
-1.254992039239483104e-02
-1.255035400691967284e-02
-1.255306286684909622e-02
-1.255797311877360212e-02
-1.256496464248774148e-02
-1.257386990347053590e-02
-1.258447369337223343e-02
-1.259651162149183490e-02
-1.260967047488209536e-02
-1.262359053244427320e-02
-1.263787393163406936e-02
-1.265209375603953967e-02
-1.266580903323127894e-02
-1.267858217779416208e-02
-1.268999876091886359e-02
-1.269968735627818868e-02
-1.270733801398138407e-02
-1.271271616992558640e-02
-1.271567490745417750e-02
-1.271615731107678116e-02
-1.271419397680245700e-02
-1.270989443825226717e-02
-1.270343097888176898e-02
-1.269502420638418672e-02
-1.268491900506957260e-02
-1.267336902937010734e-02
-1.266061851382810355e-02
-1.264688967838323297e-02
-1.263237598827654518e-02
-1.261723711969697792e-02
-1.260160263289039628e-02
-1.258557400428406137e-02
-1.256922461732451479e-02
-1.255264102817954530e-02
-1.253586147430540976e-02
-1.251893610260818024e-02
-1.250191028295266626e-02
-1.248481458436118130e-02
-1.246763865823535822e-02
-1.245029890373228199e-02
-1.243267542631321110e-02
-1.241478699862269552e-02
-1.239775720332930709e-02
-1.238058634580180284e-02
-1.236348894708416690e-02
-1.234654023168080261e-02
-1.232955412017316954e-02
-1.231236451215561578e-02
-1.229486580874433743e-02
-1.227696200574862617e-02
-1.225856086341930995e-02
-1.223958871858915609e-02
-1.222000573226356135e-02
-1.219981614996729080e-02
-1.217907279329327741e-02
-1.215787504274395969e-02
-1.213636188429206841e-02
-1.211470023355643022e-02
-1.209306778846841457e-02
-1.207163294864727066e-02
-1.205053368851238815e-02
-1.202986169898251356e-02
-1.200965351767085965e-02
-1.198989088804502945e-02
-1.197050974083430086e-02
-1.195141655956077908e-02
-1.193250932999406766e-02
-1.191370409952124954e-02
-1.189497308609899218e-02
-1.187640052481009345e-02
-1.185813333484386778e-02
-1.184017631399858494e-02
-1.182267804249736987e-02
-1.180634108577105490e-02
-1.179038380717256640e-02
-1.177490045365658933e-02
-1.176002223803457314e-02
-1.174573160325209642e-02
-1.173183892652363003e-02
-1.171805686403099012e-02
-1.170402721792224154e-02
-1.168937397528491129e-02
-1.167374881702043510e-02
-1.165687087399114308e-02
-1.163855651966361204e-02
-1.161874293342662900e-02
-1.159749967133000270e-02
-1.157502901609763768e-02
-1.155165530626334203e-02
-1.152780471081332747e-02
-1.150398268952440572e-02
-1.148070239735815568e-02
-1.145846737318351183e-02
-1.143763455320606637e-02
-1.141827734148642692e-02
-1.140040277678028291e-02
-1.138570762665574998e-02
-1.137303342316348109e-02
-1.136273055592496029e-02
-1.135433248051626043e-02
-1.134738438503674063e-02
-1.134149573995407723e-02
-1.133620757887837671e-02
-1.133187196864782198e-02
-1.132623379647701434e-02
-1.132012042389524131e-02
-1.131290378695165577e-02
-1.130416796187860839e-02
-1.129371809647505831e-02
-1.128143180345736463e-02
-1.126722379023448184e-02
-1.125105047027064042e-02
-1.123291008245097533e-02
-1.121283467629963226e-02
-1.119087846317839974e-02
-1.116710654681246639e-02
-1.114158655824704081e-02
-1.111437999822134648e-02
-1.108553420455654637e-02
-1.105507915047237999e-02
-1.102302270688387820e-02
-1.098934986539790160e-02
-1.095402518350996335e-02
-1.091699798933531973e-02
-1.087821235993685631e-02
-1.083762179358432887e-02
-1.079520744769885132e-02
-1.075099521990197093e-02
-1.070505109563302248e-02
-1.065746341589735025e-02
-1.060720056244024434e-02
-1.055642632757508581e-02
-1.050447045727737061e-02
-1.045161062534910590e-02
-1.039816600453130624e-02
-1.034448219080913445e-02
-1.029092036896328555e-02
-1.023784559332496791e-02
-1.018561987115307321e-02
-1.013459246416714699e-02
-1.008508533798524454e-02
-1.003737569240936711e-02
-9.991684582943971549e-03
-9.948177027382931747e-03
-9.906966753521484481e-03
-9.868116101648116700e-03
-9.831634754320361935e-03
-9.797477449773051017e-03
-9.765545071284409406e-03
-9.735688895680383315e-03
-9.707715699745766980e-03
-9.681395721594654447e-03
-9.656472390086323632e-03
-9.632674098164484278e-03
-9.609726888290537339e-03
-9.587368256934458710e-03
-9.565360199476069525e-03
-9.543500810647864707e-03
-9.521631490345960902e-03
-9.499641179622209108e-03
-9.477464877985508629e-03
-9.455078731447630336e-03
-9.432491737096371232e-03
-9.409736195602202979e-03
-9.386858355908689333e-03
-9.363910831777788601e-03
-9.340949451644431356e-03
-9.318031764861400834e-03
-9.295217422213009062e-03
-9.272128206842811249e-03
-9.249894621392307226e-03
-9.227902668637599781e-03
-9.206202684119979551e-03
-9.184837717032823257e-03
-9.163846625807881008e-03
-9.143236060585313574e-03
-9.122998270046089875e-03
-9.103097815696403750e-03
-9.084149633466209739e-03
-9.065122300641603736e-03
-9.046243265496689556e-03
-9.027404943835748430e-03
-9.008504768955039044e-03
-8.989423471596202919e-03
-8.970021581594656013e-03
-8.950162871002032006e-03
-8.929732790943778475e-03
-8.908643656208026229e-03
-8.886835577970320088e-03
-8.864278908819744895e-03
-8.840977303577191027e-03
-8.816970812505764421e-03
-8.792337275102812821e-03
-8.767190391539836369e-03
-8.741676239726325903e-03
-8.715967063022134198e-03
-8.690253725736341028e-03
-8.664737470480410320e-03
-8.639620724373853200e-03
-8.615097774987423573e-03
-8.591346493545815033e-03
-8.568521864810163535e-03
-8.546752115767830560e-03
-8.526136375727744188e-03
-8.506744236563834605e-03
-8.488616072892252173e-03
-8.471766040472894499e-03
-8.456185229846480134e-03
-8.441848904024162881e-03
-8.428726452239243550e-03
-8.416787033938000206e-03
-8.405985681267380549e-03
-8.396240618378791876e-03
-8.387455055408610249e-03
-8.379313723494430377e-03
-8.372772859024935066e-03
-8.366910646998015899e-03
-8.361699856428150834e-03
-8.357096535065167142e-03
-8.353070333151635385e-03
-8.349587392053603452e-03
-8.346604189646278371e-03
-8.344065936580213894e-03
-8.341908859520186237e-03
-8.340063110802431456e-03
-8.338454828425712062e-03
-8.337007339102864290e-03
-8.335641641334101681e-03
-8.334293186752772531e-03
-8.332854647785659097e-03
-8.331243798312404358e-03
-8.329366979792363068e-03
-8.327126456102174057e-03
-8.324421926307612463e-03
-8.321152382140262205e-03
-8.317218918357793811e-03
-8.312528184799272690e-03
-8.306995696687191622e-03
-8.300548492058690275e-03
-8.292930254316654981e-03
-8.284470586875092302e-03
-8.274963703268356507e-03
-8.264393826420274314e-03
-8.252756311495634822e-03
-8.240055004389568172e-03
-8.226299162695377420e-03
-8.211501645934149440e-03
-8.195677206553064753e-03
-8.178841762836869256e-03
-8.161012999519795530e-03
-8.142211746145489037e-03
-8.122463856613526545e-03
-8.101802201657126723e-03
-8.080268359737796668e-03
-8.057914129906001977e-03
-8.034801939549307548e-03
-8.011004654785019996e-03
-7.986604646520456541e-03
-7.961692386757035500e-03
-7.936364859469774435e-03
-7.910723700368937905e-03
-7.884873172432638189e-03
-7.858918571475304038e-03
-7.832965197864666385e-03
-7.807116165269023522e-03
-7.781470937236883989e-03
-7.756123432733214029e-03
-7.731159987129504474e-03
-7.706656906737718860e-03
-7.682678525623015675e-03
-7.659274450067671269e-03
-7.636479475556928742e-03
-7.614311554000191551e-03
-7.592773074516917520e-03
-7.571851613536600967e-03
-7.551522532515952957e-03
-7.531751995889374163e-03
-7.512707204813950934e-03
-7.493919209452387653e-03
-7.475571001347436351e-03
-7.457628410731387270e-03
-7.440064516026079211e-03
-7.422861295709737295e-03
-7.406010649751298969e-03
-7.389513395815450192e-03
-7.373380066953011402e-03
-7.357628601949162128e-03
-7.342283090068513207e-03
-7.327372232372036942e-03
-7.312927608781744082e-03
-7.298982172486423448e-03
-7.285568522674701342e-03
-7.272717772142944792e-03
-7.260457971915851294e-03
-7.248812844239116426e-03
-7.237800533684002335e-03
-7.227431937250478056e-03
-7.217710341925892559e-03
-7.208630481871786122e-03
-7.200177046468719810e-03
-7.192325539317340199e-03
-7.185041775271960862e-03
-7.178282956772641388e-03
-7.171998453506939208e-03
-7.166131902153899391e-03
-7.160622627305768262e-03
-7.155408377321204050e-03
-7.150427006663573337e-03
-7.145619351738713432e-03
-7.140931405316686131e-03
-7.136315951688371184e-03
-7.131734280163559703e-03
-7.127157552546531383e-03
-7.122567584074562808e-03
-7.117956734084551762e-03
-7.113326081377435717e-03
-7.108682486620804264e-03
-7.104030201102173869e-03
-7.099366092983006027e-03
-7.094686315769344054e-03
-7.090003192574551028e-03
-7.085351408768481019e-03
-7.080773442256355077e-03
-7.076304009890482805e-03
-7.071965108018662960e-03
-7.067767172677652532e-03
