1.250006874275376989e-01
1.249940041689849013e-01
1.249871964296895704e-01
1.249805261668830852e-01
1.249738628883277636e-01
1.249671979158927665e-01
1.249605255240346102e-01
1.249538309422766474e-01
1.249471354151647923e-01
1.249404494087703738e-01
1.249337591874520592e-01
1.249270591735268943e-01
1.249203505688364912e-01
1.249136354156862860e-01
1.249069079522228676e-01
1.249001670670777248e-01
1.248934287043610702e-01
1.248866661268043521e-01
1.248798754135812955e-01
1.248730773227226670e-01
1.248662717953954449e-01
1.248594586991090966e-01
1.248526379794997337e-01
1.248458096707622395e-01
1.248389738614038014e-01
1.248321306535156577e-01
1.248252801320837990e-01
1.248184223550765776e-01
1.248115573606408957e-01
1.248046851739745972e-01
1.247978058075212560e-01
1.247909192614841678e-01
1.247840255328349079e-01
1.247771246308605475e-01
1.247702165874260971e-01
1.247633014505363930e-01
1.247563792633960278e-01
1.247494500447173527e-01
1.247425137814446583e-01
1.247355704317644892e-01
1.247286199308911270e-01
1.247216621956736410e-01
1.247146971282042383e-01
1.247077246197307865e-01
1.247007445555202293e-01
1.246937568202272778e-01
1.246867613028776328e-01
1.246797579003951079e-01
1.246727465187486422e-01
1.246657270719551958e-01
1.246586808724878120e-01
1.246516262601645580e-01
1.246445631373908347e-01
1.246374914057137573e-01
1.246304109687617623e-01
1.246233217320674436e-01
1.246162236030061848e-01
1.246091164952449620e-01
1.246020003402338455e-01
1.245948751016278805e-01
1.245877407827050143e-01
1.245805784781534031e-01
1.245734066383308303e-01
1.245662252596229369e-01
1.245590343114682808e-01
1.245518337256404789e-01
1.245446233820819565e-01
1.245374030983603802e-01
1.245301726498201644e-01
1.245229318137195396e-01
1.245156803912813026e-01
1.245084181973596521e-01
1.245011450452051666e-01
1.244938607410511072e-01
1.244865650860412370e-01
1.244792578804268940e-01
1.244719389277494787e-01
1.244646080387505904e-01
1.244572650361980420e-01
1.244499097626206724e-01
1.244425420928154530e-01
1.244351619504948797e-01
1.244277693220474240e-01
1.244203642518093150e-01
1.244129468039225500e-01
1.244055169970013919e-01
1.243980747443652057e-01
1.243906198364884280e-01
1.243831391537745940e-01
1.243756446829731160e-01
1.243681235483790060e-01
1.243605877734720727e-01
1.243530370400968560e-01
1.243454849350629082e-01
1.243379170143230489e-01
1.243303328902104904e-01
1.243227322436412513e-01
1.243151148002732270e-01
1.243074807844430779e-01
1.242998309311671989e-01
1.242921655836454475e-01
1.242844700155186638e-01
1.242767578411540230e-01
1.242690288641683932e-01
1.242612826794758929e-01
1.242535186825660803e-01
1.242457362189732240e-01
1.242379347656612093e-01
1.242301141027894046e-01
1.242222743573100224e-01
1.242144158174018770e-01
1.242065386823677370e-01
1.241986494140386033e-01
1.241907399536837237e-01
1.241828100583738659e-01
1.241748593553662350e-01
1.241668873869999357e-01
1.241588936615132116e-01
1.241508776996245872e-01
1.241428390676066890e-01
1.241347881032051348e-01
1.241267122739080353e-01
1.241186114646648242e-01
1.241104857270685646e-01
1.241023353149803277e-01
1.240941608056287671e-01
1.240859629290909372e-01
1.240777418416318945e-01
1.240694971362376886e-01
1.240612283731737653e-01
1.240529351618965687e-01
1.240446171221749883e-01
1.240362738837019752e-01
1.240279050871139349e-01
1.240195103811628508e-01
1.240110894208587972e-01
1.240026418659997548e-01
1.239941673798267974e-01
1.239856656274165719e-01
1.239771362745311772e-01
1.239685789886590811e-01
1.239599934437514428e-01
1.239513793328703289e-01
1.239427363942657567e-01
1.239340644545231934e-01
1.239253634755207722e-01
1.239165962000446375e-01
1.239077980399890533e-01
1.238989682786000579e-01
1.238901054151177877e-01
1.238812078613358569e-01
1.238722751687275081e-01
1.238633077551725414e-01
1.238543062395874028e-01
1.238452704724515158e-01
1.238361996536410936e-01
1.238270933058277651e-01
1.238179522976955854e-01
1.238087785679660574e-01
1.237995732790878045e-01
1.237903176095462160e-01
1.237810262033769565e-01
1.237716742542096932e-01
1.237622838279045234e-01
1.237528540467612154e-01
1.237433839640160044e-01
1.237338936167774045e-01
1.237243605947624808e-01
1.237147855532767932e-01
1.237051681465584779e-01
1.236955071209335372e-01
1.236858016753836775e-01
1.236760540798801516e-01
1.236662659546224757e-01
1.236564373128943156e-01
1.236465428195436117e-01
1.236366039842906051e-01
1.236266199090488155e-01
1.236165897087923848e-01
1.236065125262140463e-01
1.235963875009332552e-01
1.235861939534079607e-01
1.235759504327752917e-01
1.235656797020341369e-01
1.235553568199912466e-01
1.235449822786690161e-01
1.235345563441611894e-01
1.235240788734670581e-01
1.235135494551901914e-01
1.235029675734033161e-01
1.234923326906291335e-01
1.234816442718242036e-01
1.234709017815403959e-01
1.234601046727488299e-01
1.234492523765133298e-01
1.234383442991254520e-01
1.234273798270060091e-01
1.234163583445484491e-01
1.234052792658577313e-01
1.233941420756209245e-01
1.233829463702886264e-01
1.233716918755613928e-01
1.233603784226651456e-01
1.233490058845861659e-01
1.233375460958340136e-01
1.233260254789317611e-01
1.233144435558216345e-01
1.233027998152456256e-01
1.232910937283499681e-01
1.232793247709526446e-01
1.232674924505937075e-01
1.232555963396539528e-01
1.232436361101007516e-01
1.232316115562177156e-01
1.232195225807905525e-01
1.232073691302848356e-01
1.231951510841926556e-01
1.231828681169875456e-01
1.231704912050199940e-01
1.231580462930362690e-01
1.231455325618844437e-01
1.231329490084577677e-01
1.231203206264166877e-01
1.231076158059163372e-01
1.230948344663797961e-01
1.230819785430656288e-01
1.230690498265415017e-01
1.230560512686004193e-01
1.230429834180800652e-01
1.230298478059094619e-01
1.230166440902055042e-01
1.230033648722500400e-01
1.229900065482708443e-01
1.229765710516046023e-01
1.229630586500861794e-01
1.229494694260466064e-01
1.229358047115190894e-01
1.229220651151821109e-01
1.229082504978044332e-01
1.228943630756012817e-01
1.228803707533278888e-01
1.228663013097338608e-01
1.228521526874805508e-01
1.228379528079188709e-01
1.228236725011637998e-01
1.228093118867007172e-01
1.227948697641887132e-01
1.227803450634922522e-01
1.227657416667850415e-01
1.227510322435990398e-01
1.227362441137904159e-01
1.227213758490876827e-01
1.227064259666304086e-01
1.226913930787476986e-01
1.226762758960846800e-01
1.226610732170783785e-01
1.226457839280372386e-01
1.226304070087875786e-01
1.226149415442585738e-01
1.225993867348638688e-01
1.225837851887394969e-01
1.225680871176630105e-01
1.225522926323359824e-01
1.225364030817507749e-01
1.225204219071384937e-01
1.225043542886498915e-01
1.224882029572311321e-01
1.224719659338764088e-01
1.224556400967389824e-01
1.224392235726425443e-01
1.224227153799580387e-01
1.224061145149273194e-01
1.223894195002556140e-01
1.223726286356751347e-01
1.223557411808515877e-01
1.223387592546746477e-01
1.223216879591946943e-01
1.223045309426939453e-01
1.222872859963733683e-01
1.222699467673150076e-01
1.222525071300812477e-01
1.222349644160689447e-01
1.222173196710119591e-01
1.221995746958956380e-01
1.221817081201486827e-01
1.221637415427258427e-01
1.221456748741779619e-01
1.221275080798872731e-01
1.221092412066127619e-01
1.220908743566072874e-01
1.220724075669543246e-01
1.220538404925763931e-01
1.220351719442433619e-01
1.220163996038672455e-01
1.219975202249092283e-01
1.219785303839631546e-01
1.219594276674416944e-01
1.219402118055638862e-01
1.219208848401583806e-01
1.219014499445204708e-01
1.218819097846734756e-01
1.218622656038932800e-01
1.218425173032410685e-01
1.218226640266388827e-01
1.218027047114938893e-01
1.217826382979870364e-01
1.217624634533311517e-01
1.217421780222544825e-01
1.217217794526420094e-01
1.217012678556222555e-01
1.216806489006406894e-01
1.216598699426770236e-01
1.216389796696367709e-01
1.216179824114492630e-01
1.215968788805201900e-01
1.215756431379724500e-01
1.215542933587213104e-01
1.215328282221384837e-01
1.215112462848387115e-01
1.214895459746167944e-01
1.214677255769984893e-01
1.214457832212499505e-01
1.214237168633219011e-01
1.214015242694189006e-01
1.213792030015200113e-01
1.213567504054928053e-01
1.213341636057450323e-01
1.213114695393019415e-01
1.212886301368577835e-01
1.212656441650769024e-01
1.212425133973214775e-01
1.212192185159059327e-01
1.211957730502972591e-01
1.211721726257899701e-01
1.211484168969709369e-01
1.211244715079819456e-01
1.211003588604136899e-01
1.210760924236857911e-01
1.210516244774706152e-01
1.210269725573321770e-01
1.210021289022644581e-01
1.209770861381673224e-01
1.209518526860902665e-01
1.209264269906388800e-01
1.209007533691533604e-01
1.208748867042782615e-01
1.208487805804805831e-01
1.208224301875085588e-01
1.207958313678510337e-01
1.207689769926586776e-01
1.207418589309196266e-01
1.207144718584688137e-01
1.206868121904494245e-01
1.206588323599086660e-01
1.206305576560478404e-01
1.206019790012997500e-01
1.205730873878698706e-01
1.205438578899125784e-01
1.205142968902096906e-01
1.204843964381272226e-01
1.204541488339144067e-01
1.204235466709637492e-01
1.203925828762709982e-01
1.203612507496847339e-01
1.203295439993226773e-01
1.202974709320318997e-01
1.202650104703761463e-01
1.202321576754348947e-01
1.201989082820399818e-01
1.201652588220145090e-01
1.201312269032478453e-01
1.200967894807926512e-01
1.200619479089017894e-01
1.200267024748819383e-01
1.199910324240412440e-01
1.199549596342854851e-01
1.199184862673409735e-01
1.198816142740567192e-01
1.198443453925785718e-01
1.198066811061943709e-01
1.197686231659626926e-01
1.197302163361597949e-01
1.196914280363367972e-01
1.196522659574501962e-01
1.196127372156549767e-01
1.195728496712063771e-01
1.195325653915819825e-01
1.194919329203440461e-01
1.194509571744834797e-01
1.194096430338973808e-01
1.193679956468469555e-01
1.193260204087370629e-01
1.192837229545361533e-01
1.192411089990320083e-01
1.191981839620853689e-01
1.191549526785807139e-01
1.191114194127462084e-01
1.190675878995588188e-01
1.190234611106670143e-01
1.189790410473371834e-01
1.189343287762104073e-01
1.188893088019681160e-01
1.188439945094283412e-01
1.187983847510044599e-01
1.187524776766591128e-01
1.187062707139158318e-01
1.186597605541970940e-01
1.186129431447899701e-01
1.185658136885950342e-01
1.185183666483428239e-01
1.184705957545048455e-01
1.184224940154364886e-01
1.183740537257128994e-01
1.183252664718827396e-01
1.182761231351143472e-01
1.182266138893674490e-01
1.181767281991347451e-01
1.181264548201526182e-01
1.180757942689252271e-01
1.180247189267193964e-01
1.179732159323741286e-01
1.179212726051720589e-01
1.178688761020904585e-01
1.178160128163597276e-01
1.177626690047073460e-01
1.177088312730595193e-01
1.176544859284970462e-01
1.175996025952585899e-01
1.175441806324709210e-01
1.174882234090443567e-01
1.174316991934476612e-01
1.173745945827033565e-01
1.173168969065248313e-01
1.172585943129000885e-01
1.171996759036005864e-01
1.171401318322120438e-01
1.170799533923939373e-01
1.170191331204527424e-01
1.169576481537283608e-01
1.168955116074799211e-01
1.168327210583182674e-01
1.167692757568216250e-01
1.167051766315398975e-01
1.166404362378010845e-01
1.165750477152522196e-01
1.165090172397894308e-01
1.164423525694904538e-01
1.163750629468334463e-01
1.163071590004918360e-01
1.162386526348971189e-01
1.161695569020530922e-01
1.160998858575531256e-01
1.160296543974110306e-01
1.159588780770053479e-01
1.158875729140704247e-01
1.158157551759854409e-01
1.157434411477974157e-01
1.156706468870728616e-01
1.155973879600251525e-01
1.155236687982496291e-01
1.154495124702978881e-01
1.153749313643817193e-01
1.152999363459730336e-01
1.152245365008906369e-01
1.151487388751821217e-01
1.150725482168459546e-01
1.149959667182352679e-01
1.149189937573844161e-01
1.148416256390863144e-01
1.147638553336884359e-01
1.146856722180707305e-01
1.146070618173263417e-01
1.145280055552296977e-01
1.144484805237635378e-01
1.143684592786609749e-01
1.142879096710491815e-01
1.142067947357877367e-01
1.141250726384894776e-01
1.140426966932177044e-01
1.139596154426909674e-01
1.138757728061944308e-01
1.137911083278440316e-01
1.137055614893254518e-01
1.136190601731262573e-01
1.135315295752211961e-01
1.134429004196346596e-01
1.133530974185381068e-01
1.132620417905194216e-01
1.131696526706479911e-01
1.130758527963965088e-01
1.129805651131148420e-01
1.128837160137638879e-01
1.127852354647731342e-01
1.126850574194805110e-01
1.125831200745949501e-01
1.124793447703177629e-01
1.123736689527684990e-01
1.122660290797606736e-01
1.121563954615415609e-01
1.120446904096185081e-01
1.119308508876573766e-01
1.118148551550445235e-01
1.116966517599589787e-01
1.115761986555871416e-01
1.114534725663335057e-01
1.113284651721387214e-01
1.112011449109372857e-01
1.110714956078722448e-01
1.109395412992754681e-01
1.108052591795263692e-01
1.106686612778154943e-01
1.105297862748974014e-01
1.103886504594310536e-01
1.102453128864198800e-01
1.100998468700369187e-01
1.099522903556820197e-01
1.098027512676562206e-01
1.096512597753286355e-01
1.094979341998717631e-01
1.093428516106124959e-01
1.091861342000058493e-01
1.090278901646585391e-01
1.088682280578398415e-01
1.087072662618763230e-01
1.085451089492336096e-01
1.083818995804127078e-01
1.082176802019261946e-01
1.080526464294200295e-01
1.078869491016109378e-01
1.077206496905031979e-01
1.075538685377845222e-01
1.073867118016496452e-01
1.072192846948752665e-01
1.070516833534596590e-01
1.068840021752435060e-01
1.067163175884099230e-01
1.065487327556300934e-01
1.063813303098941343e-01
1.062141886162235316e-01
1.060473820605471462e-01
1.058809812485634883e-01
1.057150532334592274e-01
1.055496617991148883e-01
1.053848677036765408e-01
1.052207287974970540e-01
1.050573000146339253e-01
1.048946332531747877e-01
1.047327771501874588e-01
1.045717767712012608e-01
1.044116732730136221e-01
1.042525035871894601e-01
1.040943001541266705e-01
1.039370907254707488e-01
1.037808982372826483e-01
1.036257407602019925e-01
1.034716315257135089e-01
1.033185790243358743e-01
1.031665871478911339e-01
1.030156553267388142e-01
1.028657786698339988e-01
1.027169483706468350e-01
1.025691529215062153e-01
1.024223811296428172e-01
1.022766168612161963e-01
1.021318437754479141e-01
1.019880464641460260e-01
1.018452101709731716e-01
1.017033206146014529e-01
1.015623641117897880e-01
1.014223278422375640e-01
1.012832000450011177e-01
1.011449700911081495e-01
1.010076285155694364e-01
1.008711669657385152e-01
1.007355773532502274e-01
1.006008488420329500e-01
1.004669730702580088e-01
1.003339364468543438e-01
1.002017251767165495e-01
1.000703258053488309e-01
9.993972408342814695e-02
9.980990547299653515e-02
9.968085448816599303e-02
9.955254608349435597e-02
9.942495904328089995e-02
9.929806465649615443e-02
9.917185833762628966e-02
9.904630897736114992e-02
9.892138870443177578e-02
9.879706793473531923e-02
9.867333156508960312e-02
9.855014348100225863e-02
9.842747447744099043e-02
9.830529391481998558e-02
9.818356989945230262e-02
9.806226955746895346e-02
9.794135938125514418e-02
9.782080564460700345e-02
9.770057488339231599e-02
9.758063441749934008e-02
9.746095287052493339e-02
9.734150062365284906e-02
9.722225012060284333e-02
9.710317599013618128e-02
9.698425497715923438e-02
9.686546570898349473e-02
9.674678834746239242e-02
9.662820417905751413e-02
9.650969520472198193e-02
9.639124374270607865e-02
9.627283210300777161e-02
9.615444233092554360e-02
9.603605600849701718e-02
9.591765409763712558e-02
9.579921680681358076e-02
9.568072345804810863e-02
9.556215234529855107e-02
9.544348058602297735e-02
9.532468398970642132e-02
9.520574496114471430e-02
9.508662541712842309e-02
9.496729645984408608e-02
9.484772950842071393e-02
9.472789467252190621e-02
9.460776240793067338e-02
9.448730430600807417e-02
9.436649389047276071e-02
9.424530736932307251e-02
9.412372431653617810e-02
9.400172825656746833e-02
9.387930709950610686e-02
9.375645336157459320e-02
9.363316414722891445e-02
9.350944079929825181e-02
9.338528885733814178e-02
9.326071713362375781e-02
9.313573742950830014e-02
9.301036414001762065e-02
9.288461397815671317e-02
9.275850582842025405e-02
9.263206070362432765e-02
9.250530176234333934e-02
9.237825433141605425e-02
9.225094587401191926e-02
9.212340585176458096e-02
9.199566544653055289e-02
9.186775713506808994e-02
9.173971412170350836e-02
9.161156966519179434e-02
9.148335634743691436e-02
9.135510537276195220e-02
9.122684591138950638e-02
9.109860460224693257e-02
9.097041074914430370e-02
9.084227901740608846e-02
9.071422734753271933e-02
9.058627105238842292e-02
9.045842317573404845e-02
9.033069489327898161e-02
9.020309588962602265e-02
9.007563465625871568e-02
8.994831864009254774e-02
8.982115425286164856e-02
8.969414672867108418e-02
8.956729985004989458e-02
8.944061559510543824e-02
8.931409375482911306e-02
8.918773158114481903e-02
8.906151894781079437e-02
8.893545267220821782e-02
8.880952124028147765e-02
8.868371029411656337e-02
8.855800290350600290e-02
8.843237994571165328e-02
8.830682056622846110e-02
8.818130267723764404e-02
8.805580347331369573e-02
8.793029993324449900e-02
8.780476930457600804e-02
8.767918957338827202e-02
8.755353992696339460e-02
8.742780122792868924e-02
8.730195649099496691e-02
8.717599137478004856e-02
8.704989467003122761e-02
8.692365876470678487e-02
8.679728002539044418e-02
8.667075908783004878e-02
8.654410099749773599e-02
8.641731517571979437e-02
8.629041518811060574e-02
8.616341831454782385e-02
8.603634493440801001e-02
8.590921777270875415e-02
8.578206102363421237e-02
8.565489945052344456e-02
8.552775751075541999e-02
8.540065856637289732e-02
8.527362425658407963e-02
8.514667401452023776e-02
8.501982482446954204e-02
8.489309113417584096e-02
8.476648494903755993e-02
8.464001605225372760e-02
8.451369229237096214e-02
8.438751992117399237e-02
8.426150389484508840e-02
8.413564815480224779e-02
8.400995590862900264e-02
8.388442949834720719e-02
8.375907088360415309e-02
8.363388152257807129e-02
8.350886241974854463e-02
8.338401427390493281e-02
8.325933788732257923e-02
8.313483489828525641e-02
8.301050814402212430e-02
8.288636027403589734e-02
8.276238270200260427e-02
8.263857683854458624e-02
8.251494194907374458e-02
8.239147654675693655e-02
8.226818100555520485e-02
8.214505736043364870e-02
8.202210870234620532e-02
8.189933908228871906e-02
8.177675347365452596e-02
8.165435758646863440e-02
8.153215752914599879e-02
8.141015936764632588e-02
8.128836863971339310e-02
8.116678988928595351e-02
8.104542627044303282e-02
8.092427926810746852e-02
8.080334859022278438e-02
8.068263226073631167e-02
8.056212692385118779e-02
8.044182830686136265e-02
8.032173177168465406e-02
8.020183286280420376e-02
8.008212776539586075e-02
7.996261359980025296e-02
7.984328850650031228e-02
7.972415146550509979e-02
7.960520173464410987e-02
7.948643772939600893e-02
7.936785639604757026e-02
7.924945463290758441e-02
7.913122785248261071e-02
7.901316444162490016e-02
7.889526060355317449e-02
7.877751159901660860e-02
7.865991137663626287e-02
7.854245406060374191e-02
7.842513567133850561e-02
7.830795510269819570e-02
7.819091483051897329e-02
7.807402109076612418e-02
7.795728360259591982e-02
7.784071489385600839e-02
7.772432932865937227e-02
7.760814189932510598e-02
7.749216690261180596e-02
7.737641661245082958e-02
7.726090005938819616e-02
7.714562201228006288e-02
7.703058218538481883e-02
7.691577516141123727e-02
7.680119048767940215e-02
7.668681414214734149e-02
7.657263136873247722e-02
7.645862734096467439e-02
7.634477026469811689e-02
7.623103993046648208e-02
7.611741262490723248e-02
7.600386930010206987e-02
7.589039545625170247e-02
7.577698049885216169e-02
7.566361842306337793e-02
7.555029970337689971e-02
7.543703736541212956e-02
7.532383616117317715e-02
7.521070712330366059e-02
7.509766544368487451e-02
7.498472826272012393e-02
7.487191394468555028e-02
7.475924170678320546e-02
7.464673120208049906e-02
7.453440210125598930e-02
7.442227375449299298e-02
7.431036496986120898e-02
7.419869390439308432e-02
7.408727803881061391e-02
7.397613423882840045e-02
7.386527889678283498e-02
7.375472810527811118e-02
7.364449787820927240e-02
7.353460437955529339e-02
7.342506412772019375e-02
7.331589414782684055e-02
7.320711202422747199e-02
7.309873580629162870e-02
7.299078373181464019e-02
7.288327377961562048e-02
7.277622326865929026e-02
7.266964863450031675e-02
7.256357662887591431e-02
7.245801236560016345e-02
7.235296766102738975e-02
7.224845155477389869e-02
7.214446989472858562e-02
7.204102507282049428e-02
7.193811586913086142e-02
7.183573741319761174e-02
7.173388121448608101e-02
7.163253528984440954e-02
7.153168443646455710e-02
7.143131067954046343e-02
7.133139383371102371e-02
7.123191206343719439e-02
7.113284239590197955e-02
7.103416123488549838e-02
7.093584488734229476e-02
7.083787011284456425e-02
7.074021466213172016e-02
7.064285777317491632e-02
7.054578061617745866e-02
7.044896665896151211e-02
7.035240193506064887e-02
7.025607519407900403e-02
7.015997792519609866e-02
7.006410424262675407e-02
6.996845064063199338e-02
6.987301563252551473e-02
6.977779931762205512e-02
6.968280290582583303e-02
6.958802825704597794e-02
6.949347746973150164e-02
6.939915255236053793e-02
6.930505519040451590e-02
6.921118660684542900e-02
6.911754749852765112e-02
6.902413800401120680e-02
6.893095768636259280e-02
6.883800551214046270e-02
6.874528423007203459e-02
6.865278528385811152e-02
6.856050625717173552e-02
6.846844423033053573e-02
6.837659585316020749e-02
6.828495738690212868e-02
6.819352502629627555e-02
6.810229504359581465e-02
6.801126406543885061e-02
6.792042256910418851e-02
6.782977134609777248e-02
6.773930891344280558e-02
6.764903486400444810e-02
6.755894981631489771e-02
6.746905558159893568e-02
6.737935536578298912e-02
6.728985373707296880e-02
6.720055640916353101e-02
6.711146997260145075e-02
6.702260161682174755e-02
6.693395882773355010e-02
6.684554905469777819e-02
6.675737934657272055e-02
6.666945597382169242e-02
6.658178406990629405e-02
6.649436730750903080e-02
6.640720763687880945e-02
6.632030509962144604e-02
6.623365772491664194e-02
6.614726151767290341e-02
6.606111053992302917e-02
6.597519707498757102e-02
6.588951185633946939e-02
6.580404433518179108e-02
6.571878297142451364e-02
6.563371552905887529e-02
6.554882936832995277e-02
6.546411170792522383e-02
6.537954985562675903e-02
6.529513136658651740e-02
6.521084410206412496e-02
6.512667623172474496e-02
6.504261637491207115e-02
6.495865396872828323e-02
6.487477941817419713e-02
6.479098628093925283e-02
6.470725855234900348e-02
6.462358944587902332e-02
6.453997244731474181e-02
6.445640148196409014e-02
6.437287077863257378e-02
6.428937490471203775e-02
6.420590886281557497e-02
6.412246820344977283e-02
6.403904911485457097e-02
6.395564848374654665e-02
6.387226393546228953e-02
6.378889386207126089e-02
6.370553744565791987e-02
6.362219451379039215e-02
6.353886596731253555e-02
6.345555352932941151e-02
6.337225985953148788e-02
6.328898859497046614e-02
6.320574437570739001e-02
6.312253285188598739e-02
6.303936066270240945e-02
6.295623538085441673e-02
6.287316542388754481e-02
6.279015993896695791e-02
6.270723063642379136e-02
6.262438593055504044e-02
6.254163629352235687e-02
6.245899235525815413e-02
6.237646479214319778e-02
6.229406424209930210e-02
6.221180125047234832e-02
6.212968623401300683e-02
6.204772946194747618e-02
6.196594104431910749e-02
6.188433091432390953e-02
6.180290879686245464e-02
6.172168415829631938e-02
6.164066613627974811e-02
6.155986345268237014e-02
6.147928431138331012e-02
6.139893629198781705e-02
6.131882624543996685e-02
6.123896019897476228e-02
6.115934327510719193e-02
6.107997962651249418e-02
6.100087238950880481e-02
6.092202365778447842e-02
6.084343447206972538e-02
6.076510482009107872e-02
6.068703365843838848e-02
6.060921894906601964e-02
6.053165771473868750e-02
6.045434611486739246e-02
6.037727954580001527e-02
6.030045276054378511e-02
6.022386001604310840e-02
6.014749522128753911e-02
6.007135210574753720e-02
5.999542437500236802e-02
5.991970585886700201e-02
5.984419063354184248e-02
5.976887311358294874e-02
5.969374604153480923e-02
5.961880684944028536e-02
5.954405113942681099e-02
5.946947485531949712e-02
5.939507421015923633e-02
5.932084559720213895e-02
5.924678549070462596e-02
5.917289035674647146e-02
5.909915655607694135e-02
5.902558027005744973e-02
5.895215743915676460e-02
5.887888371683304423e-02
5.880575444074522679e-02
5.873276461902036255e-02
5.865990893379361554e-02
5.858718175607218609e-02
5.851457717635302758e-02
5.844208904791063641e-02
5.836971104257379639e-02
5.829743672320129161e-02
5.822525961978203268e-02
5.815317331496331482e-02
5.808117154449862762e-02
5.800924828910545422e-02
5.793739787135273461e-02
5.786561504178500820e-02
5.779389505724993881e-02
5.772223373822839981e-02
5.765062751195534213e-02
5.757907342818213009e-02
5.750756915811549436e-02
5.743611296459810722e-02
5.736470365054494036e-02
5.729334049102805665e-02
5.722202314822642105e-02
5.715075157270095574e-02
5.707952589686021011e-02
5.700834632951936459e-02
5.693721306870559024e-02
5.686612624383938219e-02
5.679508594182836045e-02
5.672409228089853039e-02
5.665314541774083695e-02
5.658224538581509144e-02
5.651139187172740663e-02
5.644058413730484308e-02
5.636982109720593825e-02
5.629910144612575162e-02
5.622842377439897510e-02
