1.983168249000000216e+00
2.146278789000000131e+00
2.172431843000000029e+00
2.091185427000000097e+00
2.097819134999999946e+00
2.215234284000000109e+00
2.079658983000000294e+00
2.110577077000000301e+00
2.083505806000000238e+00
1.941689871000000123e+00
2.056161279000000341e+00
2.092276807000000183e+00
1.951684494000000214e+00
2.021655922999999966e+00
2.016569475999999916e+00
2.054123392000000159e+00
2.169336488999999979e+00
2.141762468000000030e+00
2.102237941000000276e+00
2.148144428000000161e+00
2.186412406000000086e+00
1.924345125000000101e+00
2.046262776999999922e+00
1.996126822000000134e+00
2.039822256000000333e+00
1.998573957000000068e+00
1.996046420000000099e+00
2.142265907000000080e+00
2.051976731000000331e+00
2.205103486000000057e+00
2.038725327000000309e+00
1.945093531000000153e+00
2.124855739000000021e+00
1.982907098000000090e+00
1.931580015000000206e+00
2.155661274000000294e+00
1.977668938000000098e+00
2.041777737000000315e+00
2.102470530000000171e+00
2.120941004000000074e+00
2.066542802000000290e+00
2.084093739000000056e+00
2.036684302000000280e+00
1.983662886000000070e+00
1.972110860000000132e+00
2.140973436000000341e+00
1.961641238000000120e+00
1.999096062000000229e+00
2.156248371000000219e+00
2.093375120000000145e+00
2.090574173000000258e+00
2.075346169999999990e+00
2.040987973000000011e+00
1.933795381000000146e+00
2.041337046000000210e+00
2.047417849000000345e+00
1.910906833000000082e+00
2.136109618000000321e+00
2.078747697999999922e+00
2.217564585000000310e+00
2.119814582000000058e+00
1.892900316000000194e+00
2.019385769000000330e+00
1.983525392000000220e+00
2.060711159000000237e+00
1.995381839000000213e+00
1.998036881000000209e+00
2.042093573999999911e+00
2.087899127000000021e+00
2.193160050999999999e+00
2.139131244000000098e+00
2.157668179999999936e+00
2.247488243000000274e+00
2.160287515000000269e+00
2.152056410000000142e+00
2.250639356000000202e+00
2.159507354000000046e+00
2.170866806000000260e+00
1.312526234000000125e+00
1.277039682000000065e+00
1.328024854000000143e+00
1.325360185000000079e+00
1.306732889000000064e+00
1.822848583000000078e+00
1.991326532000000205e+00
1.991331200000000079e+00
2.012692611000000298e+00
2.001284775000000238e+00
2.019883631999999984e+00
1.976876283000000178e+00
2.019502169000000347e+00
1.991492419000000069e+00
2.007442307000000259e+00
2.034102991000000138e+00
2.149525692000000099e+00
1.915682328000000156e+00
2.109788819000000260e+00
2.020648725000000034e+00
2.214308141000000063e+00
2.098025577000000030e+00
2.016278674000000048e+00
2.027206733999999955e+00
1.972105257000000167e+00
2.058448201000000033e+00
1.976385131000000017e+00
2.160832262000000004e+00
2.106319025000000345e+00
2.151541326000000254e+00
2.001573598000000231e+00
2.121933003000000095e+00
1.914095934000000110e+00
2.032520075000000315e+00
2.032989485999999957e+00
1.965327870000000088e+00
2.065410888000000167e+00
2.187021441000000177e+00
2.067365126999999969e+00
1.991018832000000183e+00
2.034566021999999919e+00
1.975517227000000098e+00
2.129329273000000189e+00
1.909118327000000059e+00
2.060340812000000188e+00
2.135114426000000343e+00
2.153153512000000269e+00
2.096395221000000308e+00
2.006257553000000193e+00
1.904966315000000021e+00
1.997438156000000076e+00
2.021670133000000202e+00
1.910848321000000016e+00
2.132128314000000024e+00
2.148678691000000196e+00
2.069795613000000145e+00
2.047005874000000336e+00
2.039526766000000269e+00
1.918262205000000220e+00
2.182490551000000334e+00
1.916566838000000050e+00
1.970674140000000074e+00
2.152377410000000157e+00
2.156093387999999944e+00
2.141374785000000003e+00
2.053883311999999961e+00
1.946243974000000154e+00
2.126331525000000333e+00
2.013479726999999997e+00
1.966469352000000059e+00
2.163514865000000231e+00
2.177720175000000147e+00
2.038483279000000259e+00
2.059663073999999927e+00
1.988011577000000196e+00
1.972225771000000183e+00
2.100888947000000062e+00
1.902357550000000064e+00
2.133523319000000029e+00
2.074457286000000344e+00
2.032047173000000040e+00
2.124750372000000276e+00
2.067730722999999937e+00
1.946015903000000158e+00
2.120724952000000219e+00
1.975352875000000230e+00
2.141064593000000293e+00
2.136778711999999913e+00
2.098546428000000130e+00
2.132723053999999951e+00
2.041343611000000280e+00
1.947821769000000147e+00
2.083549937999999990e+00
1.982797470000000173e+00
2.038166096000000316e+00
2.052091048000000306e+00
2.126750901000000304e+00
2.155655424999999958e+00
1.968403492000000199e+00
2.083732729000000283e+00
1.953719660000000191e+00
2.150961725000000158e+00
1.991640107000000048e+00
2.061252429000000053e+00
2.162128963000000237e+00
2.079559886000000191e+00
1.945703323000000040e+00
2.048792716000000347e+00
1.932359884000000028e+00
2.141358689000000037e+00
1.915284277000000035e+00
2.106955241000000090e+00
2.060170789000000280e+00
2.193074520000000138e+00
2.103431445000000011e+00
2.113253634000000325e+00
1.997954642000000058e+00
2.051952491000000212e+00
1.960815931000000178e+00
2.040453348000000222e+00
2.094828480000000326e+00
2.183406018000000337e+00
2.048618183000000315e+00
2.070447012000000253e+00
1.924434835000000010e+00
2.082992153000000179e+00
2.007118350000000273e+00
1.978829807000000107e+00
2.120124174999999944e+00
2.135230106000000294e+00
2.152500765000000094e+00
1.986187386000000110e+00
2.060982023000000218e+00
1.982053542000000057e+00
2.046407303000000066e+00
1.996002219000000188e+00
2.057594844000000034e+00
2.110114294000000168e+00
2.098715214000000273e+00
2.063794950000000128e+00
2.153305526000000025e+00
2.003605900000000162e+00
2.063464844999999936e+00
2.001115632999999949e+00
1.966814919000000161e+00
2.160190118000000048e+00
2.136555777000000322e+00
2.088253574999999973e+00
2.071758512000000163e+00
1.919406345000000069e+00
2.119733327000000056e+00
1.952365492000000202e+00
1.957241323000000088e+00
2.128929786000000046e+00
2.116177796000000111e+00
2.149378822000000078e+00
2.023201432000000022e+00
2.001016697000000288e+00
2.119900796000000032e+00
1.990759472000000141e+00
1.954330937000000157e+00
2.120693705999999956e+00
2.106313602000000174e+00
2.136803356000000154e+00
2.042268187999999984e+00
2.054081782999999994e+00
1.997636283000000068e+00
2.072008552000000225e+00
2.015878848000000279e+00
2.055135393000000033e+00
2.076944501999999915e+00
2.250448027000000017e+00
2.034766897999999991e+00
1.989125040000000233e+00
1.933277226000000182e+00
1.918481746000000099e+00
2.163227795000000064e+00
1.924174409000000141e+00
2.124461522000000269e+00
2.084018613000000020e+00
2.115901188000000044e+00
2.144287627000000196e+00
1.988550468000000127e+00
1.996216932000000055e+00
2.057814345000000156e+00
2.069862415000000233e+00
1.997915995000000056e+00
2.076832104000000179e+00
2.171669375000000013e+00
2.084186861000000057e+00
1.957163208000000099e+00
2.091569491000000003e+00
1.912510789000000155e+00
2.122633274000000014e+00
1.947363517000000099e+00
1.963891224000000157e+00
2.164458372999999991e+00
2.176803967000000117e+00
2.127668090000000234e+00
1.964495596000000122e+00
1.938448883000000178e+00
2.059605921000000173e+00
2.020168523000000160e+00
1.965653033000000161e+00
2.096782897000000201e+00
2.049261894000000250e+00
2.105072849999999995e+00
2.045280741000000013e+00
2.128523912999999990e+00
1.941078215000000107e+00
2.046390517999999936e+00
1.982598562000000175e+00
1.977558217000000118e+00
2.140545216000000028e+00
2.145226540000000348e+00
1.994423678000000200e+00
2.072250456999999990e+00
1.925446765000000227e+00
2.017425590000000213e+00
1.972049584000000078e+00
2.038658488000000268e+00
1.988513849000000056e+00
2.045319824000000342e+00
2.117375593000000222e+00
2.092246199000000306e+00
2.054992342000000249e+00
2.166563287000000226e+00
2.024030196000000004e+00
2.153006210000000031e+00
1.922542963000000160e+00
1.999277352000000230e+00
2.148147999000000308e+00
2.154491047000000048e+00
2.115223156000000326e+00
1.946654020000000207e+00
1.993834919000000205e+00
2.010929323000000046e+00
2.051833644000000234e+00
1.999173231000000106e+00
2.055984392000000049e+00
2.191288663000000358e+00
2.144350751000000166e+00
2.048325286000000300e+00
2.039732507000000084e+00
1.924051585000000175e+00
2.154182107000000013e+00
1.940192806000000214e+00
2.118004390000000292e+00
2.043656208000000252e+00
2.080403850000000165e+00
2.150616169000000077e+00
2.049467225000000337e+00
1.999183052000000016e+00
2.084826309000000322e+00
1.999430749000000063e+00
2.131064100000000128e+00
2.063032529000000004e+00
2.228910414000000006e+00
2.073624337000000040e+00
2.021542492000000024e+00
1.992687571000000046e+00
2.072152294999999977e+00
2.040258861000000312e+00
1.981104138000000070e+00
2.062797251000000109e+00
2.237436524000000038e+00
2.081104360000000320e+00
2.030304965000000017e+00
2.004551074000000099e+00
2.076068436000000350e+00
2.060142470000000170e+00
1.945211229000000097e+00
2.168177757000000039e+00
2.163497679000000229e+00
2.121134902000000100e+00
1.907812764000000216e+00
2.014253399000000222e+00
1.985313930000000227e+00
2.051082720000000137e+00
1.981594076000000149e+00
2.070065763000000114e+00
2.146478915000000320e+00
2.162262607000000170e+00
2.119928362000000011e+00
2.178633207999999932e+00
1.915452381000000148e+00
2.084484253000000287e+00
1.952372198000000170e+00
1.925797840000000205e+00
2.154355418000000189e+00
2.100388882999999929e+00
2.139084745000000343e+00
2.019962324000000198e+00
2.087485132000000299e+00
1.981655021000000128e+00
2.060543447000000139e+00
1.976019250000000227e+00
2.057209417000000151e+00
2.100666606999999964e+00
2.239231530000000081e+00
2.096138956999999969e+00
1.957086430000000155e+00
2.069193806999999996e+00
1.968627515000000106e+00
2.155760726000000016e+00
1.934135430000000211e+00
2.071407812000000348e+00
2.077586456000000137e+00
2.123586183000000016e+00
2.147850769000000160e+00
1.974353726000000142e+00
2.176727764000000231e+00
2.001450348000000101e+00
2.118137160000000296e+00
2.017836605999999922e+00
2.023229280000000241e+00
2.134308445999999915e+00
2.112922973999999954e+00
2.246874680999999985e+00
2.231744751000000360e+00
2.015235072000000294e+00
2.168732145000000333e+00
1.945141798000000088e+00
2.006290491000000120e+00
2.141977295000000225e+00
2.178505424999999995e+00
2.101591906000000343e+00
2.105516655000000181e+00
2.136391038000000187e+00
1.917745186000000102e+00
2.141612037000000246e+00
1.938709715000000111e+00
2.087544279999999919e+00
2.086333091000000195e+00
2.141706314999999972e+00
2.153071558000000163e+00
1.964319037000000101e+00
2.078560942000000189e+00
1.980880158000000169e+00
2.111156789000000256e+00
1.954330731000000210e+00
2.109661975999999939e+00
2.115359332000000148e+00
2.253197923000000102e+00
2.148076305000000019e+00
1.963209779000000044e+00
1.932896437000000134e+00
1.298217428000000062e+00
1.312821737000000155e+00
1.315240967000000039e+00
1.372729856000000082e+00
1.288250110000000115e+00
1.269220984000000163e+00
1.309239709000000085e+00
1.968933330000000037e+00
2.176861283000000036e+00
2.031171164999999945e+00
2.038127975000000092e+00
1.921240194000000123e+00
1.957966135000000163e+00
2.135068214999999991e+00
1.949169150000000128e+00
2.181917499000000316e+00
2.087019082999999942e+00
2.134004189000000107e+00
2.130091930000000300e+00
1.925016996000000091e+00
2.054307431000000239e+00
1.996735215000000174e+00
2.066074401999999921e+00
2.031730178000000109e+00
2.077327738000000146e+00
2.041462832000000116e+00
2.202145745000000154e+00
2.072686789000000029e+00
1.983478569000000080e+00
1.442267211000000104e+00
1.273057506000000005e+00
1.351643926000000162e+00
1.366986369000000145e+00
1.309727478000000112e+00
1.271168690000000101e+00
1.317686423000000051e+00
2.300346229000000076e+00
2.198567586000000240e+00
2.228274057000000141e+00
2.250237559000000331e+00
2.161020692000000132e+00
2.254390593000000109e+00
2.046994205000000289e+00
2.253308382000000165e+00
2.150407576000000098e+00
2.007910536000000246e+00
2.273164047000000298e+00
2.162288425999999930e+00
1.364471718000000111e+00
1.350187263000000026e+00
1.748497439000000098e+00
2.139880600000000133e+00
2.094299014000000181e+00
2.131181926000000004e+00
2.257747713000000100e+00
2.039063137999999942e+00
2.178660991000000102e+00
2.294122669000000059e+00
2.210651449000000213e+00
2.239268912000000000e+00
2.194545202000000028e+00
2.025960019000000223e+00
2.307098231000000332e+00
2.043036768000000336e+00
2.101805138000000017e+00
2.202245940000000068e+00
2.156981615000000296e+00
2.322921905000000287e+00
2.101022858000000326e+00
2.305741833999999990e+00
2.025358906000000125e+00
2.218280959000000330e+00
2.123168875000000178e+00
2.089444633999999912e+00
2.275295575000000348e+00
2.263104546000000106e+00
2.177502147000000221e+00
2.268753293000000060e+00
2.195738976999999981e+00
2.079487709999999989e+00
2.155381220000000209e+00
2.065970506000000206e+00
2.147358968000000257e+00
2.217041861000000225e+00
2.306137405999999945e+00
2.134257475000000071e+00
2.075752403000000079e+00
2.282760045000000293e+00
2.025047666000000302e+00
2.308012595000000111e+00
2.026145126000000296e+00
2.123787196000000321e+00
2.313891087000000013e+00
2.194411611000000040e+00
2.365947253000000305e+00
2.176552979000000221e+00
2.206219857000000228e+00
2.117959428000000255e+00
2.200604924000000295e+00
2.124931920000000307e+00
2.111717459999999935e+00
2.279533332000000190e+00
2.245323490000000088e+00
2.224584573000000010e+00
2.130531223000000196e+00
2.017936168000000308e+00
2.223533790999999926e+00
2.115172347000000119e+00
2.117649620000000343e+00
2.230404143000000339e+00
2.231866344000000169e+00
2.367862209000000107e+00
2.185857858000000320e+00
2.157860241000000290e+00
2.082544836999999927e+00
2.083620577000000029e+00
2.257813866000000225e+00
2.028716596000000205e+00
2.330602600000000191e+00
2.206716826000000076e+00
2.293792833000000364e+00
2.086007045000000115e+00
2.199666895000000011e+00
2.105143824000000219e+00
2.235508918999999928e+00
2.137331373999999951e+00
2.178067149000000313e+00
2.279083195000000117e+00
2.232734806000000294e+00
2.174107916000000085e+00
2.173640282000000035e+00
2.055879607000000053e+00
2.220030182999999990e+00
2.105937187999999960e+00
2.062784698000000194e+00
2.280020264000000019e+00
2.266732693000000243e+00
2.322300554999999989e+00
2.097300710000000290e+00
2.229607206999999924e+00
2.099171618000000183e+00
2.296955650000000126e+00
1.970743711000000120e+00
2.193035352000000326e+00
2.217814485000000335e+00
2.283836962000000081e+00
2.252782414999999983e+00
2.177219592000000148e+00
2.105814324000000237e+00
2.147530936999999973e+00
2.106487245000000286e+00
2.196531600000000140e+00
2.230176168000000292e+00
2.405770379000000236e+00
2.188468886999999974e+00
2.156635008999999936e+00
2.055885860000000065e+00
2.184642736000000252e+00
2.130878517000000194e+00
2.084301344000000000e+00
2.212348228000000194e+00
2.195552913000000217e+00
2.317253033000000073e+00
2.090740456000000247e+00
2.243341832000000036e+00
2.113312255999999945e+00
2.271736912000000164e+00
2.104457911000000347e+00
2.180146898999999916e+00
2.279304243000000341e+00
2.228913230999999939e+00
2.302458011000000138e+00
2.211936298000000356e+00
2.114458777999999928e+00
2.178681371000000144e+00
2.036496570000000172e+00
2.169919026000000084e+00
2.184532369000000251e+00
2.331318186999999931e+00
2.287198975000000356e+00
2.293084626000000181e+00
2.009133258000000311e+00
2.265930995000000170e+00
2.056216784000000075e+00
2.120246260000000049e+00
2.205661584000000008e+00
2.248993090000000361e+00
2.266113806999999980e+00
2.028282354000000343e+00
2.124397925000000242e+00
2.046522563999999988e+00
2.269613765999999977e+00
2.053385884999999966e+00
2.249619170999999973e+00
2.294817521000000138e+00
2.265931581000000250e+00
2.246606701000000150e+00
2.135317444000000009e+00
2.210205823999999986e+00
2.124272852000000267e+00
2.176712968999999998e+00
2.097016199000000025e+00
2.182195684000000302e+00
2.179288219000000026e+00
2.391419500000000031e+00
2.191770436000000100e+00
2.168710107999999970e+00
2.054412675000000021e+00
2.228954938000000219e+00
2.181451435000000050e+00
2.031226376000000222e+00
2.260491721000000176e+00
2.148648211000000252e+00
2.285700654000000220e+00
2.150437286000000281e+00
2.103206827000000168e+00
2.103703889000000160e+00
2.161754877000000352e+00
2.201706551000000012e+00
2.063003713000000072e+00
2.264778316000000125e+00
2.279918440000000324e+00
2.189449790999999923e+00
2.205639350000000221e+00
2.240713034000000103e+00
2.048558757000000341e+00
2.285095595000000035e+00
2.048628914000000023e+00
2.050233227000000102e+00
2.233185688999999918e+00
2.186335204000000143e+00
2.250184906999999956e+00
2.099671449000000134e+00
2.262730518000000135e+00
1.977382648000000076e+00
2.278042713000000052e+00
1.946305576000000093e+00
2.202920790999999934e+00
2.276918683000000332e+00
2.244950227999999992e+00
2.290040985000000084e+00
2.024428251000000234e+00
2.013727843999999934e+00
2.178888517000000302e+00
2.145179442000000325e+00
2.122338513999999954e+00
2.157277995999999920e+00
2.155113953000000304e+00
2.364401017000000049e+00
2.190425240000000162e+00
2.185728781999999981e+00
2.028097586999999979e+00
2.177401569000000148e+00
2.266460672000000010e+00
2.006181220000000209e+00
2.273612793000000298e+00
2.141334560000000220e+00
2.226695460000000182e+00
2.161907403000000283e+00
2.256832541000000081e+00
2.031560252000000233e+00
2.208886200000000244e+00
2.121611944000000083e+00
2.045759106000000216e+00
2.222692958000000107e+00
2.247421001000000196e+00
2.102704834000000300e+00
2.136590040000000190e+00
2.153231519000000205e+00
2.118648352000000123e+00
2.191484326000000316e+00
2.033851864999999925e+00
2.278029816000000096e+00
2.210584218000000156e+00
2.367904547000000193e+00
2.214675447999999935e+00
2.157775696999999937e+00
2.097350009000000348e+00
2.102185313000000111e+00
2.182239936000000213e+00
2.009478475000000319e+00
2.270429775000000205e+00
2.175295914000000330e+00
2.223304496000000352e+00
2.218221372000000358e+00
2.123293894000000126e+00
2.061324985000000165e+00
2.121623449999999966e+00
2.199940669000000071e+00
2.075943097000000126e+00
2.180409688000000124e+00
2.237372005000000108e+00
2.282255607000000186e+00
2.206729624999999917e+00
2.176939737000000097e+00
2.031526298000000175e+00
2.108129826000000318e+00
2.259009080000000225e+00
1.997247467000000221e+00
2.303921837000000306e+00
2.156998220000000188e+00
2.260466768000000126e+00
2.203512890999999918e+00
2.097360392000000129e+00
2.061206134000000301e+00
2.153276078000000204e+00
2.216312398000000350e+00
2.016729457999999919e+00
2.296990045000000258e+00
2.243630063999999980e+00
2.201708639000000023e+00
2.173876456999999984e+00
2.114008902000000134e+00
2.130282750000000114e+00
2.161118866000000249e+00
2.025788085000000294e+00
2.271441573000000158e+00
2.184609283000000346e+00
2.280281544000000160e+00
2.243652384000000222e+00
2.098393306000000180e+00
2.135746152000000286e+00
2.097291890000000159e+00
2.166724561000000104e+00
2.091561436000000107e+00
2.197573273000000160e+00
2.234696739000000321e+00
2.375790260000000043e+00
2.187992488999999985e+00
2.014311538999999929e+00
2.122361034999999951e+00
2.177721587000000181e+00
2.114773016000000005e+00
2.123971629000000139e+00
2.202259946000000301e+00
2.232214794999999974e+00
2.218575895999999936e+00
1.971637898000000222e+00
2.192703453000000025e+00
2.032188069000000041e+00
2.168468127000000134e+00
2.094326376000000156e+00
2.183067376000000337e+00
2.171303269000000036e+00
2.217044688000000097e+00
2.166372342999999923e+00
2.312062298000000293e+00
2.006939389000000240e+00
2.096494596000000321e+00
2.192559869000000106e+00
2.036893883999999932e+00
2.237015299999999929e+00
2.280458659000000221e+00
2.222666688999999973e+00
2.220657238000000255e+00
2.284965306000000140e+00
2.085428995000000008e+00
2.133899973000000116e+00
2.188509516999999960e+00
2.045492354999999929e+00
2.302253193999999947e+00
2.224457711000000337e+00
2.176268534000000088e+00
2.097538811000000170e+00
2.048287553000000205e+00
2.165169880000000102e+00
2.109029661000000111e+00
2.017844263000000193e+00
2.303246137999999998e+00
2.243511897000000310e+00
2.334290554999999934e+00
2.176738322000000281e+00
2.070517546000000042e+00
2.182891249000000311e+00
2.131370647000000229e+00
2.030770173000000067e+00
2.283099331000000287e+00
2.180537182000000129e+00
2.221407703000000122e+00
2.224040586000000097e+00
2.181643113000000245e+00
2.090516120000000200e+00
2.220783732000000121e+00
2.073213888000000171e+00
2.111321225000000190e+00
2.268583335000000201e+00
2.191160404000000117e+00
2.265765760000000295e+00
2.133835316999999954e+00
2.207465614000000187e+00
2.075824274999999997e+00
2.176164218000000261e+00
2.025492596999999950e+00
2.129082727000000119e+00
2.194057664000000241e+00
2.339085416000000084e+00
2.239957572000000230e+00
2.229895459000000191e+00
2.054321330000000057e+00
2.233981605000000314e+00
2.114288539999999994e+00
2.028886952000000132e+00
2.227817449000000227e+00
2.374325154000000104e+00
2.170819542000000268e+00
2.060136870000000009e+00
2.117245513999999940e+00
2.126154700999999925e+00
2.281865215000000280e+00
2.081742806000000279e+00
2.198879649000000214e+00
2.254149308000000129e+00
2.275282006000000301e+00
2.216015032000000051e+00
2.180702507000000345e+00
2.072172646000000285e+00
2.038370597000000117e+00
2.294753974000000252e+00
2.025454362000000064e+00
2.264137879000000186e+00
2.259807299000000214e+00
2.206890534000000237e+00
2.235405913000000133e+00
2.223958942999999966e+00
2.016039179999999931e+00
2.347382987000000032e+00
2.021097346999999989e+00
2.088963902000000150e+00
2.288975245000000047e+00
2.331204533000000190e+00
2.178339588000000049e+00
2.133914741000000337e+00
2.040276621000000290e+00
2.190433260000000271e+00
2.097432115000000152e+00
2.082697605999999979e+00
2.305454353000000012e+00
2.234523994999999985e+00
2.305957492000000109e+00
2.092063942000000232e+00
2.116474885000000139e+00
2.170767469999999921e+00
2.203814633000000356e+00
2.096923807000000028e+00
2.257996027999999988e+00
2.206229834000000167e+00
2.279180209000000179e+00
2.215771012000000262e+00
2.203953773000000282e+00
2.147874929999999960e+00
2.075488535999999939e+00
2.082436144999999961e+00
2.104811635999999986e+00
2.227031870000000247e+00
2.127348444000000338e+00
2.300509815999999930e+00
2.202866994999999939e+00
2.132262075000000312e+00
2.144190045000000211e+00
2.194609510000000263e+00
2.096647101999999929e+00
2.130976442000000137e+00
2.256763579000000242e+00
2.243740521999999959e+00
2.014832215000000204e+00
2.013566192000000310e+00
2.255039111999999957e+00
2.032263321000000289e+00
2.220035504000000159e+00
2.100054188000000099e+00
2.177822600000000275e+00
2.242613587000000130e+00
2.244515327000000227e+00
2.138724456000000274e+00
2.317113117999999972e+00
2.075310555000000168e+00
2.206110436999999980e+00
2.066362480000000001e+00
2.093754307000000203e+00
2.214146765000000183e+00
2.260709010000000241e+00
2.178347878999999931e+00
2.229249341000000051e+00
2.235888928000000053e+00
2.008793022999999955e+00
2.235244302000000349e+00
2.023983411000000121e+00
2.038226639000000340e+00
2.366153700000000359e+00
2.230605618000000234e+00
2.159134166000000299e+00
2.188393899000000253e+00
2.158095111000000177e+00
1.998946151000000171e+00
2.261883679000000313e+00
2.045302766000000272e+00
2.093211292000000334e+00
2.304791719000000239e+00
2.272088359000000057e+00
2.210764032000000157e+00
2.218237251000000132e+00
2.235580049000000180e+00
2.096361351000000095e+00
2.354627860999999989e+00
2.015531689999999987e+00
2.189880687000000048e+00
2.188069013000000229e+00
2.227220315999999922e+00
2.329879759000000217e+00
2.101354708000000127e+00
2.065164075000000210e+00
2.263996774000000212e+00
2.051379295999999908e+00
2.164147317999999931e+00
2.274109343000000116e+00
2.218929877999999967e+00
2.332894846000000300e+00
2.217448532000000139e+00
2.238268496999999968e+00
2.084808986000000086e+00
2.208362861000000343e+00
2.062079569000000223e+00
2.176307192999999973e+00
2.140327641000000281e+00
2.330780387000000342e+00
2.169886670000000350e+00
2.097828972999999930e+00
2.180391370000000162e+00
2.074577668999999958e+00
2.202494943000000038e+00
1.994625950000000092e+00
2.306568443000000190e+00
2.256844252000000051e+00
2.219615431000000250e+00
2.167590268000000098e+00
2.213441541999999984e+00
2.065777793000000084e+00
2.198863499000000221e+00
2.090249470999999915e+00
2.204357267000000231e+00
2.278005786000000032e+00
2.210212893000000012e+00
2.161960081000000145e+00
2.130421372000000257e+00
2.013507198000000109e+00
2.209451993000000058e+00
2.187847297000000246e+00
2.083074950999999952e+00
2.325376670000000257e+00
2.239838846000000050e+00
2.265833159000000041e+00
2.168031900000000345e+00
2.238529095000000080e+00
2.092971160000000275e+00
2.140970703000000253e+00
2.002419254000000315e+00
2.276677763999999993e+00
2.141553342999999998e+00
2.337886366000000216e+00
2.165936183999999987e+00
2.104050578000000282e+00
2.079184689999999947e+00
2.081104309000000097e+00
2.196112292000000021e+00
2.020611775000000332e+00
2.310168374999999941e+00
2.213255398000000262e+00
2.232706287000000067e+00
2.109142391000000227e+00
2.101723404999999989e+00
2.139203592999999959e+00
2.165228252999999992e+00
2.115980522000000086e+00
2.237804244000000331e+00
2.188965229000000345e+00
2.260863100000000347e+00
2.137387604000000163e+00
2.306766462000000129e+00
2.011820896000000136e+00
2.265999336000000142e+00
2.071007746000000260e+00
2.088994693000000069e+00
2.290154441000000318e+00
2.278546369000000293e+00
2.237952398000000009e+00
2.170489818000000071e+00
2.105198011000000147e+00
2.182235703999999998e+00
2.136077090000000123e+00
2.173755445999999925e+00
2.318180831000000275e+00
2.285825997000000331e+00
2.258501639999999977e+00
2.080792723000000066e+00
2.099326548000000070e+00
2.113123172000000327e+00
2.179311321000000135e+00
2.075286365000000188e+00
2.225108556000000348e+00
2.314236979999999999e+00
2.226559030000000217e+00
2.190196722000000040e+00
2.097161804000000185e+00
2.296165500000000304e+00
2.002083256000000144e+00
2.124384470000000302e+00
2.209248644000000095e+00
2.277828235999999951e+00
2.302475849000000352e+00
2.043838601000000033e+00
2.256169604000000106e+00
2.059759268000000088e+00
2.156315441000000277e+00
2.079678347000000205e+00
2.183340899000000057e+00
2.244701448000000266e+00
2.169472220000000284e+00
2.217126476000000235e+00
2.288932899000000187e+00
2.041977786999999989e+00
2.294065606000000201e+00
2.039304984000000154e+00
2.121317504999999937e+00
2.214279898000000024e+00
2.184382897000000323e+00
2.201629789000000059e+00
2.042774547000000052e+00
2.160738516000000331e+00
2.153808630999999973e+00
2.225498369000000309e+00
2.038112583000000200e+00
2.195684605000000289e+00
2.373918589000000079e+00
2.162136333999999938e+00
2.118081372000000240e+00
2.059393503000000347e+00
2.074461863000000239e+00
2.273126951000000062e+00
2.014581817999999913e+00
2.310087411000000035e+00
2.223225444000000106e+00
2.294248940000000125e+00
2.136472775000000102e+00
2.201740336999999936e+00
2.122890358000000255e+00
2.162040066999999954e+00
2.152593371000000033e+00
2.088821137000000050e+00
2.221080696000000021e+00
2.301313726000000059e+00
2.192459978000000032e+00
2.179675467000000033e+00
2.117908665999999940e+00
2.218838606000000269e+00
2.191261357000000132e+00
2.032662917000000125e+00
2.254178642000000288e+00
2.212431515000000015e+00
2.293179497000000122e+00
2.054834435000000070e+00
2.225985870000000144e+00
2.047919445000000227e+00
2.164292867999999981e+00
2.101506622000000046e+00
2.134910521000000116e+00
2.272069496000000299e+00
2.193798522000000251e+00
2.200998541000000142e+00
2.199407852000000219e+00
2.085577645999999952e+00
2.212568695999999946e+00
2.030825747000000181e+00
2.304282066999999934e+00
2.226187283000000239e+00
2.250333683000000029e+00
2.280575907000000235e+00
1.976634664000000097e+00
2.281092282999999998e+00
2.082783513000000308e+00
2.226228902000000343e+00
2.085327130000000029e+00
2.176541931000000041e+00
2.245226222000000327e+00
2.278064880000000070e+00
2.271022839000000015e+00
2.007156388999999930e+00
2.094157336999999952e+00
2.156726250000000178e+00
2.181131763000000223e+00
2.133840479999999928e+00
2.260466160000000002e+00
2.306207893999999925e+00
2.189606112000000326e+00
2.071118149000000130e+00
2.153720773999999949e+00
2.074246614000000211e+00
2.289505756000000058e+00
2.013895154000000076e+00
2.251279489999999939e+00
2.201692931000000186e+00
2.334945251000000166e+00
2.235595368000000249e+00
2.137988830999999923e+00
2.158954035000000271e+00
2.117478093999999977e+00
2.244530974999999984e+00
2.057107535000000098e+00
2.184053668000000226e+00
2.200539014000000293e+00
2.238825865000000359e+00
2.197915752000000111e+00
2.166068135000000172e+00
2.042998413000000291e+00
2.288750905000000113e+00
2.010953106000000101e+00
2.274412186000000169e+00
2.166141700000000281e+00
2.247224926999999983e+00
2.149112915000000346e+00
2.194984484999999985e+00
1.997473649000000018e+00
2.139976182000000282e+00
2.116981840000000226e+00
2.181533227000000075e+00
2.275940762000000284e+00
2.190637147999999979e+00
2.161018029000000062e+00
2.218033848000000141e+00
2.094935899000000212e+00
2.299876248000000345e+00
2.023968275000000094e+00
2.316079117000000132e+00
2.191031102000000175e+00
2.253525012000000327e+00
2.295178781000000168e+00
2.027215210000000045e+00
2.104083537000000170e+00
2.108022314999999924e+00
2.172953237000000204e+00
2.145739879000000183e+00
2.259991762999999931e+00
2.241316870999999988e+00
2.241402859000000358e+00
2.167735111000000270e+00
2.299684916999999995e+00
2.030903197000000215e+00
2.329716987000000294e+00
2.089962787000000155e+00
2.092167204999999974e+00
2.261708667000000172e+00
2.254257611000000328e+00
2.291197154000000236e+00
2.074858638000000255e+00
2.145935359000000098e+00
2.158419100000000146e+00
2.080630279000000193e+00
2.014546525000000088e+00
2.243140864000000345e+00
2.267757444999999983e+00
2.157395353000000071e+00
2.268457610000000013e+00
2.173536541000000266e+00
2.090176841999999979e+00
2.189602290999999923e+00
2.164504568000000351e+00
2.094007604000000189e+00
2.263795754000000215e+00
2.234184106000000281e+00
2.363499167000000067e+00
2.196710280000000015e+00
2.177617126999999986e+00
2.036534319000000259e+00
2.271051933000000300e+00
2.070460173999999931e+00
2.117335272000000046e+00
2.278444775000000089e+00
2.318723315000000174e+00
2.315421961000000195e+00
2.163292132000000034e+00
2.134683192000000229e+00
2.114524457999999996e+00
2.157733171000000283e+00
2.057534081000000015e+00
2.192610235000000074e+00
2.395623116000000330e+00
2.183007476000000224e+00
2.147143408000000253e+00
2.082836769000000032e+00
2.060490929000000193e+00
2.259952388000000312e+00
2.025408945000000127e+00
