-3.326121495775226358e-10
1.089805711290680652e-12
1.434221949663536466e-09
2.789568600485541664e-09
3.988970523930225812e-09
1.690271716991042847e-09
-8.301207718570268662e-09
-2.983827453351590463e-08
-7.108794116552840153e-08
-1.402690138631470520e-07
-2.468605395709486177e-07
-4.026329449275895772e-07
-6.174924751148339877e-07
-9.034094312674844434e-07
-1.271742398637242257e-06
-1.729665017675098367e-06
-2.288392877599219773e-06
-2.957647872108478531e-06
-3.742372507163009646e-06
-4.650461977620296857e-06
-5.687527279969543271e-06
-6.855809179897130729e-06
-8.158137926909670625e-06
-9.596810249061588164e-06
-1.117247027094279353e-05
-1.288583035628037886e-05
-1.473919841860356458e-05
-1.673152186571079768e-05
-1.886312866291977092e-05
-2.113668200575983541e-05
-2.355044531216925996e-05
-2.610605529973692414e-05
-2.880626148029963012e-05
-3.165057434462393372e-05
-3.464083007197954950e-05
-3.777767355767084131e-05
-4.106018179143543088e-05
-4.448768315983789317e-05
-4.805785774041155200e-05
-5.176750738513074407e-05
-5.561193535251293836e-05
-5.958547473347238811e-05
-6.368049492108749775e-05
-6.788724692634607867e-05
-7.219623033848740371e-05
-7.659533446882911913e-05
-8.107180693050232672e-05
-8.561319486266567120e-05
-9.020499288260221810e-05
-9.483359362786629638e-05
-9.948472274538168870e-05
-1.041438847262117208e-04
-1.087981188313876527e-04
-1.134339283606759682e-04
-1.180392161378936334e-04
-1.226028094009757165e-04
-1.271138272430024664e-04
-1.315630548299949422e-04
-1.359415440114015376e-04
-1.402417050665273124e-04
-1.444571481731242045e-04
-1.485821008673564813e-04
-1.526124252732706955e-04
-1.565444113693586592e-04
-1.603758493092391837e-04
-1.641054917078719035e-04
-1.677326401150218871e-04
-1.712585517209004441e-04
-1.746847258369579306e-04
-1.780137475753202562e-04
-1.812492351327803783e-04
-1.843945133627077819e-04
-1.874536734973639672e-04
-1.904303052372132224e-04
-1.933273013631612333e-04
-1.961469908103207133e-04
-1.988900130628965370e-04
-2.015556529015588713e-04
-2.041411310418116479e-04
-2.066416653691928505e-04
-2.090506344680856398e-04
-2.113590858788362895e-04
-2.135566850906176449e-04
-2.156314385081572582e-04
-2.175700746283850610e-04
-2.193589388300107854e-04
-2.209836986337381361e-04
-2.224305085204996855e-04
-2.236862846239221002e-04
-2.247388723783321320e-04
-2.255779406414296551e-04
-2.261945216575100587e-04
-2.265812804709383625e-04
-2.267320752676994864e-04
-2.266410710218741192e-04
-2.263022648397616419e-04
-2.257078304966723405e-04
-2.248469385789114315e-04
-2.237039449730151305e-04
-2.222559882169570285e-04
-2.204708212675653015e-04
-2.183035086106506798e-04
-2.156935131074965513e-04
-2.125617661470915695e-04
-2.088081068069243859e-04
-2.043108099320144146e-04
-1.989276408692269100e-04
-1.925001108468364739e-04
-1.848607105455766294e-04
-1.758421389882151983e-04
-1.652884838081852804e-04
-1.530656762715780158e-04
-1.390704010736255457e-04
-1.232363661144934689e-04
-1.055367982502631587e-04
-8.598412289957369197e-05
-6.462628961150193607e-05
-4.154057328751204517e-05
-1.682538430127391478e-05
9.409939330418920947e-06
3.705540934826985006e-05
6.601004162537961603e-05
9.618906930218769672e-05
1.275272831020557690e-04
1.599789841775524888e-04
1.935142185890180791e-04
2.281128249050869876e-04
2.637573216266298859e-04
3.004248725000394299e-04
3.380795308771002822e-04
3.766646788116074802e-04
4.160969369359764167e-04
4.562629312210325530e-04
4.970194116294713053e-04
5.381976259432319498e-04
5.796106949135858104e-04
6.210628361477133754e-04
6.623592937819575881e-04
7.033152226097216016e-04
7.437631761371717295e-04
7.835580768017098028e-04
8.225791201287640728e-04
8.607287092089766509e-04
8.979280442833060660e-04
9.341105307858824092e-04
9.692140628658497134e-04
1.003173727373494551e-03
1.035916956852930013e-03
1.067361823444873663e-03
1.097419275172589661e-03
1.125998927989459815e-03
1.153017287884110969e-03
1.178407506941199544e-03
1.202128790912437330e-03
1.224174080857407323e-03
1.244574524053870855e-03
1.263399401133631422e-03
1.280751482563240564e-03
1.296757960292474390e-03
1.311558292164341976e-03
1.325290839355724483e-03
1.338080122701857961e-03
1.350026996775679838e-03
1.361202992061858819e-03
1.371649551282381248e-03
1.381382153943569056e-03
1.390398155371082257e-03
1.398687070773988253e-03
1.406241316704270579e-03
1.413065519346195630e-03
1.419183014330107490e-03
1.424638378404605383e-03
1.429496001588075743e-03
1.433835224479561516e-03
1.437743211566668488e-03
1.441307323130380054e-03
1.444608368965008506e-03
1.447716067619545313e-03
1.450687254476085587e-03
1.453566602172822343e-03
1.456389269641883682e-03
1.459184203956743510e-03
1.461976965123174552e-03
1.464791104982429227e-03
1.467647480563661440e-03
1.470561752179055373e-03
1.473540678123297712e-03
1.476578432529130876e-03
1.479654366255569661e-03
1.482733315036948102e-03
1.485769294076617073e-03
1.488712474225766620e-03
1.491518596093024170e-03
1.494159334171650099e-03
1.496631548791750761e-03
1.498963557676258980e-03
1.501216823450822815e-03
1.503482241084235253e-03
1.505871250129829598e-03
1.508502794026452768e-03
1.511484128596143938e-03
1.514898210330818500e-03
1.518795166034130973e-03
1.523176415628032642e-03
1.527997864594908377e-03
1.533180441926491585e-03
1.538611034280289603e-03
1.544158643071911596e-03
1.549698786112720670e-03
1.555122132624776540e-03
1.560333793288293247e-03
1.565260480958126582e-03
1.569838057769770137e-03
1.573968878788573403e-03
1.577506924756406871e-03
1.580253311672297776e-03
1.581947342083535324e-03
1.582337755680218120e-03
1.581286632628562273e-03
1.578853268903777137e-03
1.575392455803728206e-03
1.571581335389722134e-03
1.568341900380230665e-03
1.566716657412401759e-03
1.567699409543539361e-03
1.572044180029839866e-03
1.580110903645183659e-03
1.591769449120693149e-03
1.606337949638053089e-03
1.622602491080006636e-03
1.638948129913601675e-03
1.653548702820782385e-03
1.664647441991310307e-03
1.670876692497622572e-03
1.671507615122492249e-03
1.666618039731992138e-03
1.657118781189421269e-03
1.644626235040871041e-03
1.631239267074673614e-03
1.619252051128643047e-03
1.610852067184537738e-03
1.607841112716363848e-03
1.611406091743824466e-03
1.621956594137927577e-03
1.639043678753062403e-03
1.661391401140974297e-03
1.687027100054671594e-03
1.713501558933498529e-03
1.738175197072192989e-03
1.758505344744048030e-03
1.772319973675156625e-03
1.778042523512922109e-03
1.774855031630981784e-03
1.762820409663457899e-03
1.742936052271268528e-03
1.717121355525225851e-03
1.688123196622665773e-03
1.659309066042247280e-03
1.634365963687676136e-03
1.616915210895994480e-03
1.610081151408601771e-03
1.616069390124113495e-03
1.635799417345751555e-03
1.668646638022228557e-03
1.712330384635118649e-03
1.762992932638498449e-03
1.815488703238286048e-03
1.863874990280517483e-03
1.902090176934371829e-03
1.924730581693734994e-03
1.927832199546533143e-03
1.909552608211107687e-03
1.870623479925074368e-03
1.814506179940143533e-03
1.747201901342982982e-03
1.676708171056278144e-03
1.612176707150157979e-03
1.562849567125098238e-03
1.536891308057604464e-03
1.540258234882730098e-03
1.575751933854496788e-03
1.642397641510345580e-03
1.735248922782253820e-03
1.845683264132657242e-03
1.962179594707679029e-03
2.071508625892780429e-03
2.160226126338776580e-03
2.216295188944499873e-03
2.230663445247514556e-03
2.198609804172111520e-03
2.120677126402785006e-03
2.003060113203940229e-03
1.857348506889217434e-03
1.699597938239361811e-03
1.548783622252543086e-03
1.424760708185625986e-03
1.345934425430508766e-03
1.326892204053885423e-03
1.376274914451919382e-03
1.495163358860793169e-03
1.676219028508561890e-03
1.903762359719425503e-03
2.154873211115015084e-03
2.401492361490705288e-03
2.613377791648450847e-03
2.761631109964477696e-03
2.822422042393992175e-03
2.780458301374409344e-03
2.631736036088844124e-03
2.385160928764312738e-03
2.062714597994344794e-03
1.697999399590518609e-03
1.333181459213756553e-03
1.014552151539943083e-03
7.871356292188030424e-04
6.889334154532729924e-04
7.454935395901544177e-04
9.655122281968415987e-04
1.338110011986177886e-03
1.832283893813630837e-03
2.398822135772154911e-03
2.974700978523578399e-03
3.489658768993094979e-03
3.874315174022889552e-03
4.068947775570585894e-03
4.031869114373832878e-03
3.746336298977217833e-03
3.225028371720220152e-03
2.511310370289452851e-03
1.676794784760584538e-03
8.151013154133931451e-04
3.221181034893090902e-05
-5.656437675763398417e-04
-8.852021223195883498e-04
-8.589063664242655967e-04
-4.556210310006781196e-04
3.120398859616411395e-04
1.384903338181684308e-03
2.659812487079121074e-03
3.998030141714169552e-03
5.239178824408123950e-03
6.219453773713522725e-03
6.791952967863380125e-03
6.846534484499133995e-03
6.326797359762049468e-03
5.242237599855378329e-03
3.673916594245563508e-03
1.772039510671737095e-03
-2.558047492131099469e-04
-2.165709488576551649e-03
-3.705698248729037692e-03
-4.647164875778713941e-03
-4.814980641658423398e-03
-4.112749075134944886e-03
-2.541270067327958300e-03
-2.088572403023879155e-04
2.668855336882237743e-03
5.783117979870359276e-03
8.762544199944493836e-03
1.121756990638072063e-02
1.279111070731016667e-02
1.320559293016274581e-02
1.230009178152977750e-02
1.005747811050346913e-02
6.623488793151569021e-03
2.313585113140176428e-03
-2.404060664372612878e-03
-6.958349432136200913e-03
-1.075199493721115673e-02
-1.324538092199406027e-02
-1.402618794361554753e-02
-1.285436117972399775e-02
-9.689784383707959400e-03
-4.719102171642010693e-03
1.619006627834048296e-03
8.637184401392482627e-03
1.546329905895352935e-02
2.117023591129355009e-02
2.493392764692616004e-02
2.615737728793838743e-02
2.451718092614998609e-02
1.996082149892914812e-02
1.273987903358019848e-02
3.490545992730935063e-03
-6.735447083291921412e-03
-1.658580304070747871e-02
-2.465782377296836178e-02
-2.978747922062649836e-02
-3.125178876609434331e-02
-2.876889954526477833e-02
-2.238037241847974992e-02
-1.246879254107270338e-02
8.232255039613096341e-05
1.375985999272558852e-02
2.652168303373851968e-02
3.627960802001847090e-02
4.154887386522272685e-02
4.177318611650083363e-02
3.707479711435186093e-02
2.791358427860074834e-02
1.511331464350464289e-02
4.388759286301903515e-05
-1.531563924758008212e-02
-2.862354089276001809e-02
-3.778408023278582994e-02
-4.158117222272737779e-02
-3.991590131617445830e-02
-3.345664270483553887e-02
-2.310950736389913440e-02
-9.963984421673746650e-03
4.497184071220084074e-03
1.842837569809797557e-02
2.999267369956002197e-02
3.767047718624599861e-02
4.055140929530794136e-02
3.869216392982436498e-02
3.286598834375734079e-02
2.403164678606116780e-02
1.312726042623477314e-02
1.139687479284144829e-03
-1.075319845504630993e-02
-2.131937466879730778e-02
-2.941427823144040360e-02
-3.405015455763561044e-02
-3.473562860243204625e-02
-3.172385010507414865e-02
-2.567052960858193233e-02
-1.725684127751768437e-02
-7.159584520820309710e-03
3.797774498141250760e-03
1.460856061031709681e-02
2.412014393717945571e-02
3.105275907071885708e-02
3.431506970615074564e-02
3.348701480277482129e-02
2.895867778146756985e-02
2.151981600625874416e-02
1.201432511583559216e-02
1.385485056229237731e-03
-9.255839661372665048e-03
-1.874751316793799721e-02
-2.596823805319930720e-02
-2.993173316195646069e-02
-3.009062052862953099e-02
-2.656065008731563551e-02
-1.999394881646477523e-02
-1.124354588713540742e-02
-1.239783852085508432e-03
8.969753797437600776e-03
1.825436510218295463e-02
2.557243813200058002e-02
3.010534521431331573e-02
3.130355742537001967e-02
2.905501930009261186e-02
2.371130125515972381e-02
1.593540527439563440e-02
6.547577828460453622e-03
-3.507774918514449357e-03
-1.314896894708776458e-02
-2.125231279479615140e-02
-2.684229196128432027e-02
-2.926318415363678496e-02
-2.825537487389182673e-02
-2.398388430573594049e-02
-1.694873792034368859e-02
-7.878788676070233934e-03
2.338090229719581165e-03
1.263819722043131068e-02
2.179393956404993352e-02
2.858438611762104814e-02
3.205795760398198052e-02
3.179617557002047817e-02
2.792797142844333919e-02
2.098127320877273688e-02
1.175441048438674585e-02
1.250144895332402960e-03
-9.384048643545148463e-03
-1.890665343930500800e-02
-2.609811375654595006e-02
-2.999435014363437471e-02
-3.011755771820944644e-02
-2.657041635489292009e-02
-1.987349824129438711e-02
-1.079717614249557991e-02
-3.041834651193531594e-04
1.046158998236551736e-02
2.026476458950645515e-02
2.790693708951707402e-02
3.238678436132733790e-02
3.315272688897531045e-02
3.020930635399404068e-02
2.401730330376584954e-02
1.530997377448460074e-02
5.004943174879211351e-03
-5.810200944114008066e-03
-1.591751062802455527e-02
-2.409954947706721001e-02
-2.932071370983669115e-02
-3.091895152731275256e-02
-2.877977099503413808e-02
-2.327243070770125197e-02
