-3.946420995554594140e-07
-1.282844101167354459e-06
-1.734225358924236752e-06
-1.947461787515927312e-06
-2.675856478198716010e-06
-3.122918997083361147e-06
-3.269494636108526750e-06
-3.836605712588993894e-06
-4.270484203828562972e-06
-4.396497979913484100e-06
-4.806528204605728385e-06
-5.220997832842421107e-06
-5.337044195327006613e-06
-5.614977117028023583e-06
-5.993301684582027295e-06
-6.102376072738572740e-06
-6.275573475064056150e-06
-6.602510226904883106e-06
-6.700207476977136616e-06
-6.798165663405154536e-06
-7.057192805279887647e-06
-7.140907407886563949e-06
-7.186905484714852345e-06
-7.363504895810626163e-06
-7.437811755812772730e-06
-7.437507082714715822e-06
-7.534199952526096866e-06
-7.596076611529620020e-06
-7.548941662782639370e-06
-7.581797368588763884e-06
-7.613448422694399646e-06
-7.530069125726998887e-06
-7.507036939351616645e-06
-7.494441276526540240e-06
-7.387083437299504839e-06
-7.307169959991802817e-06
-7.248878157935674550e-06
-7.118948607918231539e-06
-6.985186276927659717e-06
-6.881903745154907557e-06
-6.726367124326204513e-06
-6.544366842667436733e-06
-6.397043033410163473e-06
-6.211702204481850062e-06
-5.987851577155069587e-06
-5.798050462204130384e-06
-5.577784508197383568e-06
-5.321194048422278520e-06
-5.086538265367690780e-06
-4.832538242215042523e-06
-4.547705784920518465e-06
-4.267942775764559984e-06
-3.985179787091734545e-06
-3.670830365641703270e-06
-3.353217695969512491e-06
-3.042643118464413575e-06
-2.700255396709981946e-06
-2.353359374104201997e-06
-2.014532370617029457e-06
-1.649840618879649672e-06
-1.279670694257573401e-06
-9.154009416878667513e-07
-5.349780655445963514e-07
-1.467798743002601444e-07
2.366527679134603912e-07
6.266306153911628336e-07
1.026495049780702830e-06
1.420507720309636540e-06
1.813799327550394276e-06
2.217131414750160908e-06
2.611540939345171289e-06
3.001488212391759506e-06
3.397392311287720180e-06
3.782023671308383053e-06
4.159894950687686858e-06
4.535825504644960560e-06
4.901084836615523613e-06
5.254549363937564534e-06
5.599296354603092561e-06
5.933495972904279060e-06
6.249143665746366807e-06
6.551976431024928882e-06
6.840675051190849038e-06
7.105799067052471056e-06
7.353505321756259088e-06
7.581298420864256023e-06
7.781767395109816306e-06
7.958403844696349043e-06
8.108796848729425577e-06
8.228045807152519796e-06
8.316069486969912382e-06
8.372156427437127112e-06
8.393407176658857546e-06
8.376990968631537458e-06
8.325587498556799362e-06
8.236520985541834309e-06
8.107421904919218285e-06
7.943009423000606473e-06
7.740416609983982125e-06
7.499764613752954720e-06
7.224391290137801442e-06
6.912813184458763720e-06
6.565858711247856176e-06
6.184219412988666725e-06
5.768363577552214683e-06
5.317255941427334953e-06
4.830515232319672717e-06
4.309549862921128659e-06
3.752061202472380655e-06
3.158948039880940769e-06
2.532033804655263289e-06
1.870128051140818912e-06
1.175255645486307166e-06
4.486638781884917579e-07
-3.101086141239402601e-07
-1.100250062997567201e-06
-1.922005744207209733e-06
-2.775689775227617049e-06
-3.662274366645395953e-06
-4.582242081868450612e-06
-5.535753657368585890e-06
-6.524746524201962480e-06
-7.548903584933898853e-06
-8.608937553010665016e-06
-9.706348753574555856e-06
-1.084059858258763521e-05
-1.201270032348032167e-05
-1.322298855394866393e-05
-1.447142218661348125e-05
-1.575831167218032014e-05
-1.708344362399530198e-05
-1.844710170759234825e-05
-1.984866816946762429e-05
-2.128793563358086715e-05
-2.276482316359681305e-05
-2.427807832319336994e-05
-2.582735343379553101e-05
-2.741169839695376605e-05
-2.902949881903604010e-05
-3.067980245634775125e-05
-3.236081486311143021e-05
-3.407083318226581276e-05
-3.580809321680736746e-05
-3.757049598634821879e-05
-3.935621026100051252e-05
-4.116281685878864184e-05
-4.298836003511854895e-05
-4.483064774869259750e-05
-4.668706417513143828e-05
-4.855559406400897541e-05
-5.043346110128790592e-05
-5.231802138851311522e-05
-5.420674127929431778e-05
-5.609663221586783918e-05
-5.798511805210709939e-05
-5.986943078486844894e-05
-6.174707224729151340e-05
-6.361574331101388867e-05
-6.547314985549952508e-05
-6.731752719425345495e-05
-6.914691875753891162e-05
-7.095949565625575398e-05
-7.275354611078286974e-05
-7.452689331289166048e-05
-7.627750971815948713e-05
-7.800315581362197905e-05
-7.970142063377285021e-05
-8.137010507740916445e-05
-8.300684896266776846e-05
-8.460959135899400233e-05
-8.617634699676249657e-05
-8.770528123284257081e-05
-8.919492584161826932e-05
-9.064372863968292481e-05
-9.205047314618001954e-05
-9.341396509178356996e-05
-9.473293636750690187e-05
-9.600631458724724534e-05
-9.723283125610357610e-05
-9.841131580490795764e-05
-9.954065318306274464e-05
-1.006197234932779220e-04
-1.016476313068192101e-04
-1.026234606846010726e-04
-1.035464683712715911e-04
-1.044160106785827852e-04
-1.052314277159207959e-04
-1.059922385914500884e-04
-1.066978645723916505e-04
-1.073477321057171553e-04
-1.079413180740207781e-04
-1.084780376738600581e-04
-1.089575308899628711e-04
-1.093796036070195348e-04
-1.097443393255664092e-04
-1.100521766640419525e-04
-1.103037326881537236e-04
-1.104999018206424550e-04
-1.106416261589429059e-04
-1.107298508651562488e-04
-1.111640382343141335e-04
-1.120450333918189209e-04
-1.124376034186122720e-04
-1.125460261942690603e-04
-1.131273252335629438e-04
-1.133803982210938654e-04
-1.132921457490719492e-04
-1.135841137365964371e-04
-1.137001198895087607e-04
-1.134686717882342721e-04
-1.134756115088394492e-04
-1.134365409132782014e-04
-1.130407664844289479e-04
-1.127315808116472194e-04
-1.124328593129632039e-04
-1.117613103214748049e-04
-1.110442491491405034e-04
-1.103815056300872644e-04
-1.094215134384323086e-04
-1.084402494203182328e-04
-1.076506487299883763e-04
-1.067738609565442733e-04
-1.059895540728228919e-04
-1.054885153638908081e-04
-1.050503061247205625e-04
-1.046932266843935685e-04
-1.045668259021071496e-04
-1.045161500293249283e-04
-1.044385156342691746e-04
-1.044940316937356412e-04
-1.045779242574022464e-04
-1.045573814961857655e-04
-1.045889576613349395e-04
-1.046107821550599067e-04
-1.045150785680305517e-04
-1.044215784462635939e-04
-1.043305281251716591e-04
-1.041627572287747160e-04
-1.039965059737093400e-04
-1.038791673801262922e-04
-1.037411742488195647e-04
-1.036150291224567416e-04
-1.035656984947570585e-04
-1.035227573155182143e-04
-1.034846176563225322e-04
-1.035175623037517569e-04
-1.035513194698162815e-04
-1.035713257336480367e-04
-1.036207157137422602e-04
-1.036455629247863758e-04
-1.036210219809780350e-04
-1.035695894356789606e-04
-1.034778758119869648e-04
-1.033185418361326046e-04
-1.031274569290564172e-04
-1.029300138081459028e-04
-1.027073644338686665e-04
-1.025058326783351596e-04
-1.023529802014246781e-04
-1.022263291108191027e-04
-1.021499690559462599e-04
-1.021338721592837781e-04
-1.021555070724122441e-04
-1.022209464539768303e-04
-1.023399656215614404e-04
-1.024968899546656824e-04
-1.026747664406076895e-04
-1.028638716320430123e-04
-1.030224657425175681e-04
-1.030977379884720285e-04
-1.030714209075731755e-04
-1.029208320669203528e-04
-1.026466166082708642e-04
-1.023043858066968129e-04
-1.019481792272244181e-04
-1.016343778621910907e-04
-1.014146597469282331e-04
-1.013053501391517151e-04
-1.012906876690872156e-04
-1.013443760933210072e-04
-1.014513963857674455e-04
-1.016039897183498603e-04
-1.018247160195253747e-04
-1.021522222666172009e-04
-1.025914047131350692e-04
-1.031106077376590328e-04
-1.036262047964692934e-04
-1.040038071923468990e-04
-1.041149143917295564e-04
-1.038859572658378449e-04
-1.033349281577623823e-04
-1.025862633079385327e-04
-1.018402822683744328e-04
-1.013031315031045912e-04
-1.011029379987175120e-04
-1.012467644347651890e-04
-1.016133383625374966e-04
-1.020060750896893616e-04
-1.022656714883404062e-04
-1.023542279165721335e-04
-1.023968863774581258e-04
-1.026448014225709270e-04
-1.033451118726871334e-04
-1.045885743508301834e-04
-1.061974648385234670e-04
-1.077282204531446267e-04
-1.086098294380983398e-04
-1.083849529639648854e-04
-1.069604130675551692e-04
-1.047269429335304103e-04
-1.024817633102504392e-04
-1.011425107359997317e-04
-1.013434845100322690e-04
-1.031087890379472872e-04
-1.057648641585306483e-04
-1.081809819200136663e-04
-1.092829664317095226e-04
-1.086224272686193070e-04
-1.067260812604587376e-04
-1.049982848803569210e-04
-1.051415039805014579e-04
-1.082961573042019125e-04
-1.142818195631550247e-04
-1.213676965614499776e-04
-1.267933774593318745e-04
-1.279347623263097289e-04
-1.236637406786838980e-04
-1.152418407399114766e-04
-1.062077187752185655e-04
-1.011056588916709891e-04
-1.034602528843355174e-04
-1.138697986642930155e-04
-1.291956586651449941e-04
-1.434683392996751914e-04
-1.503771350430026731e-04
-1.463995137853579462e-04
-1.331266140811357261e-04
-1.174433396921316082e-04
-1.090337811009244712e-04
-1.159262211746293528e-04
-1.399590927289987344e-04
-1.745042443403971668e-04
-2.060848013440993542e-04
-2.198466672112313011e-04
-2.068802605289075816e-04
-1.700709435958080193e-04
-1.252104338127430004e-04
-9.576872425064072427e-05
-1.026334573987051251e-04
-1.530577960949454266e-04
-2.343607833827571272e-04
-3.164955939749240126e-04
-3.638005937864596784e-04
-3.517956675938573269e-04
-2.817342905126593491e-04
-1.852481298523781710e-04
-1.145259449505573016e-04
-1.196550952891027586e-04
-2.220950343065871736e-04
-3.977554607580844801e-04
-5.806204445973924379e-04
-6.884632201137892270e-04
-6.613631233487856026e-04
-4.967928787121652289e-04
-2.637018597320774961e-04
-8.308671464443856695e-05
-7.606061736271785951e-05
-3.003011880428038184e-04
-7.087275476894621751e-04
-1.155911851034922356e-03
-1.453457424176041093e-03
-1.453938354249150518e-03
-1.130775427602660841e-03
-6.169866494914109890e-04
-1.727824786706863537e-04
-7.668688417369337118e-05
-4.788728805502764441e-04
-1.296584839881787313e-03
-2.222293812092790335e-03
-2.849728234130379304e-03
-2.859024190335607892e-03
-2.182744602099850363e-03
-1.091169197756585102e-03
-1.377097448260425773e-04
7.865937276624189900e-05
-7.507096823882207027e-04
-2.429905741556914831e-03
-4.314310104746098967e-03
-5.595520097334117857e-03
-5.664097806178565626e-03
-4.399059884921741222e-03
-2.315875569940942322e-03
-4.520590482050226453e-04
1.047850491301569677e-04
-1.142797007171217480e-03
-3.712948307179433569e-03
-6.378003870257106106e-03
-7.880901731298968482e-03
-7.519468433824122097e-03
-5.395421148158770046e-03
-2.490701278511779724e-03
-2.755329357810690520e-04
8.757996915579154473e-05
-1.636839673327034712e-03
-4.597438322380852614e-03
-7.291605046412600807e-03
-8.455105597984565596e-03
-7.663661815726808581e-03
-5.348506280731850360e-03
-2.586173417245336576e-03
-6.169984535222810401e-04
-2.425134153617896141e-04
-1.499521452440830214e-03
-3.676326686833571080e-03
-5.627371520849283777e-03
-6.442041452155254991e-03
-5.890423554688586395e-03
-4.319012701407901056e-03
-2.373091854207487646e-03
-7.793815231734120335e-04
-1.409055743995491720e-04
-6.894868678203146381e-04
-2.189197062540658347e-03
-3.972895718257652732e-03
-5.219175613192378327e-03
-5.430405331924096843e-03
-4.616791825435270780e-03
-3.138178798827847334e-03
-1.536133832180531155e-03
-3.994250618860989660e-04
-1.812004910998462140e-04
-1.023782542552450006e-03
-2.615152544971027868e-03
-4.174197487753640579e-03
-4.887805653182340955e-03
-4.476845957858291078e-03
-3.223906661671422855e-03
-1.673919665870589627e-03
-4.472194774449163952e-04
-3.445941990650948941e-05
-6.024425894318936100e-04
-1.922028099985180613e-03
-3.405241526536926730e-03
-4.314357772704659373e-03
-4.216963965223416606e-03
-3.234507731192008163e-03
-1.845942309428526143e-03
-6.383922679692909585e-04
-1.112728670731759822e-04
-4.706411800740525615e-04
-1.556340979951045247e-03
-2.914445612350915951e-03
-3.934214590942925784e-03
-4.130922044771593964e-03
-3.436679119954606353e-03
-2.181802695669407110e-03
-8.924582058776201268e-04
-1.069735501284048196e-04
-1.729291518695153060e-04
-1.070444268066811627e-03
-2.424612694267077023e-03
-3.649540593070028146e-03
-4.184951499099345308e-03
-3.789961597887302712e-03
-2.663451645898274808e-03
-1.304483648019411296e-03
-2.962032984304842462e-04
-1.054795485380031849e-04
-8.796361218327762273e-04
-2.314678651848105576e-03
-3.754467103393483059e-03
-4.509723347813192514e-03
-4.226926790904380823e-03
-3.064711748684437707e-03
-1.564716974220692466e-03
-3.728631600117194482e-04
-3.936210904732693939e-06
-6.452688007745358218e-04
-2.034028908188412720e-03
-3.530878332053695185e-03
-4.426289914588470847e-03
-4.308082373593281715e-03
-3.259538849393700966e-03
-1.783401237836054450e-03
-5.417144917742931602e-04
-7.791370633269246006e-05
-6.220491052729317091e-04
-1.975201012979055110e-03
-3.540536566495220902e-03
-4.585003349514447588e-03
-4.626507605532881838e-03
-3.673497959358455484e-03
-2.169256233558781305e-03
-7.586812730350296803e-04
-3.563475298019135306e-05
-3.146661910362216850e-04
-1.492485645916989158e-03
-3.051760639114764299e-03
-4.269287344506619494e-03
-4.578797321059819257e-03
-3.861503923682830814e-03
