3.504205382986881334e-01
1.076401283163824329e+00
1.833170819430653520e+00
2.662781945404728567e+00
3.538536251073722383e+00
4.407346447503604381e+00
5.353402802937290872e+00
6.321152454649380026e+00
7.287963524754779598e+00
8.319007799564376526e+00
9.358928775058007687e+00
1.041674940825775231e+01
1.150797689260650714e+01
1.261841483733787683e+01
1.375076042556980838e+01
1.489234139450301164e+01
1.607151963415132911e+01
1.725946831668363046e+01
1.845394476058768873e+01
1.969107846704584475e+01
2.092457223777843467e+01
2.217495742739061626e+01
2.345526941271981869e+01
2.473491123979295381e+01
2.603616992069689218e+01
2.735137588595295099e+01
2.867987557282953048e+01
3.002211409322861257e+01
3.137345393581131958e+01
3.274833800894607805e+01
3.412530643165207778e+01
3.551809330275524701e+01
3.693244325353902013e+01
3.834633280638530550e+01
3.978263734857186762e+01
4.123257688170522783e+01
4.269018229557330812e+01
4.416867208428854497e+01
4.565784329240406691e+01
4.716482219200659642e+01
4.868600050832061754e+01
5.022367522934798956e+01
5.178309267888958090e+01
5.335379904433703047e+01
5.494976219674749984e+01
5.656588242090548135e+01
5.819836582239310019e+01
5.986073323326768048e+01
6.154277924587312043e+01
6.325063539639770482e+01
6.498766663996391912e+01
6.675000183321584757e+01
6.854491406343876747e+01
7.036851744902583050e+01
7.222661018535758615e+01
7.411951801266755524e+01
7.604512749931399185e+01
7.801256644987628874e+01
8.001586900805550329e+01
8.205944404468613129e+01
8.414767097231657544e+01
8.627551325687966255e+01
8.845013761611090786e+01
9.066975096250000377e+01
9.293518020253802092e+01
9.524954941984657353e+01
9.760996855603109168e+01
1.000207729670020171e+02
1.024789525181878957e+02
1.049849419554082459e+02
1.075407810251842875e+02
1.101409489562524868e+02
1.127884107372090909e+02
1.154801244589345828e+02
1.182127609952454748e+02
1.209876314377922455e+02
1.237993974380396480e+02
1.266479172694712645e+02
1.295306955797018418e+02
1.324446968986061108e+02
1.353903497517865162e+02
1.383633638088587929e+02
1.413643702477243949e+02
1.443917967880745721e+02
1.474429631656255140e+02
1.505195639373666268e+02
1.536183764296716276e+02
1.567394145545636661e+02
1.598825475236717750e+02
1.630452176720107502e+02
1.662284337444286848e+02
1.694300050516435192e+02
1.726495879569388876e+02
1.758869711284404502e+02
1.791400768016438860e+02
1.824100355241066609e+02
1.856951320652607933e+02
1.889951907905526411e+02
1.923108784598989018e+02
1.956404719377989352e+02
1.989851101893956411e+02
2.023440217630615905e+02
2.057166542916153276e+02
2.091035645858157466e+02
2.125031768742176439e+02
2.159157979261426021e+02
2.193403303309968919e+02
2.227756969737217219e+02
2.262219293273696792e+02
2.296772109091464245e+02
2.331415769616118041e+02
2.366142784031596022e+02
2.400941924798845548e+02
2.435815344358846914e+02
2.470747978963507876e+02
2.505734944851232058e+02
2.540767091893305007e+02
2.575828129752866857e+02
2.610912311729889552e+02
2.646000679929828721e+02
2.681082093424831783e+02
2.716143812686972296e+02
2.751166096200382754e+02
2.786140228696687018e+02
2.821046705405905186e+02
2.855871304662670127e+02
2.890601742217675678e+02
2.925218248808097314e+02
2.959710555229137299e+02
2.994061300612168566e+02
3.028255655522677330e+02
3.062281734926789909e+02
3.096121089798032813e+02
3.129762925139298773e+02
3.163191124422398843e+02
3.196390580248234983e+02
3.229349991054273232e+02
3.262051558796366635e+02
3.294483872241660265e+02
3.326632258224361181e+02
3.358481349956115878e+02
3.390019990876967313e+02
3.421231634926321021e+02
3.452104295536288419e+02
3.482624269119492624e+02
3.512776535584206954e+02
3.542550001101940325e+02
3.571929024433766244e+02
3.600901411411108484e+02
3.629454274381407117e+02
3.657572747895671910e+02
3.685245825813114493e+02
3.712458843747477317e+02
3.739199392727559257e+02
3.765455393674758398e+02
3.791212661370320802e+02
3.816460349032895465e+02
3.841184988373526039e+02
3.865374550315650595e+02
3.889017814311516759e+02
3.912101513116640490e+02
3.934615293353853076e+02
3.956546879281731890e+02
3.977884748755064379e+02
3.998618642698044710e+02
4.018736338531556953e+02
4.038228030290538300e+02
4.057082742727211553e+02
4.075289722932329823e+02
4.092839640291056185e+02
4.109721493905618672e+02
4.125926195147276303e+02
4.141443967604886325e+02
4.156264933578863179e+02
4.170380641745196044e+02
4.183781184319259410e+02
4.196458121458310870e+02
4.208402759569383420e+02
4.219606046529563628e+02
4.230060341970439026e+02
4.239756891272057828e+02
4.248688028173336306e+02
4.256846202878951999e+02
4.264223444688105360e+02
4.270813105045035627e+02
4.276607729160714371e+02
4.281600689866170910e+02
4.285785719372129279e+02
4.289156123714391242e+02
4.291706453201949216e+02
4.293430778348333661e+02
4.294323815758006617e+02
4.294380908524492497e+02
4.293597096348320292e+02
4.291968599517787197e+02
4.289491488499569414e+02
4.286162364448255744e+02
4.281978592521460882e+02
4.276937333263176129e+02
4.271036813071193023e+02
4.267798506660289490e+02
4.267580109331448739e+02
4.267093239487750793e+02
4.266905088438819575e+02
4.266907435928529821e+02
4.266677252385384804e+02
4.267122030006742079e+02
4.267732439660369437e+02
4.268283258612343616e+02
4.269433415081386443e+02
4.270625380780147680e+02
4.271945425320978416e+02
4.273572783197588478e+02
4.275397344752859681e+02
4.277505424749826943e+02
4.279823933517712931e+02
4.282664126783003553e+02
4.285734761266787132e+02
4.288935712974564467e+02
4.292500222949253157e+02
4.295804348414681613e+02
4.298876059582585185e+02
4.301707427645096118e+02
4.303904170906030231e+02
4.305661310244253741e+02
4.306935354622099794e+02
4.307792072186246628e+02
4.308335181793422635e+02
4.308616963169976088e+02
4.308871356336790086e+02
4.308958253802102831e+02
4.309059559407025972e+02
4.309263657200195894e+02
4.309366088073750802e+02
4.309594335005899666e+02
4.309859577971720341e+02
4.310095426466109529e+02
4.310424017434210668e+02
4.310735979079768754e+02
4.311093062687671704e+02
4.311450590330644559e+02
4.311821053464894362e+02
4.312246655541445648e+02
4.312613079540747094e+02
4.313044908472899124e+02
4.313479287328726741e+02
4.313864538711273440e+02
4.314317698811429977e+02
4.314723390220239025e+02
4.315126079467446516e+02
4.315542018731187568e+02
4.315918255251175992e+02
4.316310721195247879e+02
4.316666122386475877e+02
4.317027680464590844e+02
4.317384831259199700e+02
4.317704360942902326e+02
4.318063143147369374e+02
4.318391132255993057e+02
4.318720464113719686e+02
4.319081641551029520e+02
4.319414889449242878e+02
4.319778187200545858e+02
4.320140997177966256e+02
4.320499725449797097e+02
4.320871173483405414e+02
4.321215620132257413e+02
4.321566202926212554e+02
4.321887538533996462e+02
4.322184657955729108e+02
4.322482830333889297e+02
4.322740820881601849e+02
4.323004548037302470e+02
4.323263758561972168e+02
4.323509269630520748e+02
4.323775916804992789e+02
4.324035487912418034e+02
4.324311332051219665e+02
4.324602322349694532e+02
4.324902911662203451e+02
4.325236707093583846e+02
4.325576447248747627e+02
4.325936361567749486e+02
4.326300878363954325e+02
4.326640584552035875e+02
4.326966108850174919e+02
4.327243980769096083e+02
4.327479811825517118e+02
4.327683883022562554e+02
4.327851137788390474e+02
4.328012965245590067e+02
4.328168007922854486e+02
4.328329668438888689e+02
4.328506152977192301e+02
4.328686361502803379e+02
4.328891023005260195e+02
4.329117214213897000e+02
4.329382498820647243e+02
4.329711057440904369e+02
4.330097392043506375e+02
4.330547344487214332e+02
4.331026798804408031e+02
4.331487140358185570e+02
4.331882220966299428e+02
4.332156281536225606e+02
4.332298950520085441e+02
4.332321647670711968e+02
4.332269658118214011e+02
4.332213237708556335e+02
4.332196552196708126e+02
4.332252456800721347e+02
4.332369264224618064e+02
4.332509290300143334e+02
4.332650706790689128e+02
4.332788592865995838e+02
4.332976659289004147e+02
4.333300402167276957e+02
4.333838324321754953e+02
4.334626140938664776e+02
4.335593835482796976e+02
4.336580485070010127e+02
4.337364673836457314e+02
4.337740368878349386e+02
4.337620372908273794e+02
4.337070374311992396e+02
4.336315483668065554e+02
4.335655625670259496e+02
4.335335129967498915e+02
4.335445126703847336e+02
4.335861995734183552e+02
4.336313858951197062e+02
4.336525002856960214e+02
4.336379300507087464e+02
4.336043994542890232e+02
4.335938149705838782e+02
4.336576797126174370e+02
4.338315102076522862e+02
4.341091760192149422e+02
4.344331146930613841e+02
4.347059575606576232e+02
4.348270202792755867e+02
4.347388639023152450e+02
4.344606498399343195e+02
4.340925410297295457e+02
4.337818817202399941e+02
4.336629111672679073e+02
4.337918744395106501e+02
4.341072803983668109e+02
4.344467177471381092e+02
4.346221473698929572e+02
4.345222636011280315e+02
4.341874513963995810e+02
4.338150810108466544e+02
4.336917504095703180e+02
4.340710764552463274e+02
4.350331984631465048e+02
4.363831163531067432e+02
4.376647084549803139e+02
4.383366574849559925e+02
4.380411107985678427e+02
4.368092127209224600e+02
4.350909595530716842e+02
4.336123761441216971e+02
4.331166739545830069e+02
4.340203528116626899e+02
4.360821484047008880e+02
4.383616554605722513e+02
4.396757873433010104e+02
4.393031587236874316e+02
4.374010648187869492e+02
4.349223451150657525e+02
4.332484709479967933e+02
4.337543308435048743e+02
4.372436492737197682e+02
4.432055290946098012e+02
4.494905298904135975e+02
4.531966994652676703e+02
4.524290603111747942e+02
4.474627340376774214e+02
4.404325252788753460e+02
4.342871075975073154e+02
4.322341864469112807e+02
4.369468211111000073e+02
4.479194244746895492e+02
4.598416861320454814e+02
4.658357060626679527e+02
4.629713138209507974e+02
4.538544374558970844e+02
4.435166355626722634e+02
4.365573048466946489e+02
4.376423812833628517e+02
4.507625279791453181e+02
4.732694139878728947e+02
4.938163888856277026e+02
4.997835028785477789e+02
4.895062599479073242e+02
4.719884930093619460e+02
4.547991329264611977e+02
4.442465494149137726e+02
4.487019953283613631e+02
4.688753105210824970e+02
4.917888310785116914e+02
5.021898095915407794e+02
4.941499673780825788e+02
4.766557091936493293e+02
4.615994499965036653e+02
4.523432026788468079e+02
4.537349283124057706e+02
4.644337543472377661e+02
4.805816713046305608e+02
4.923176847342579094e+02
4.919264426891886615e+02
4.802054232405195648e+02
4.653071867332791953e+02
4.538592764103141803e+02
4.491096913190198165e+02
4.501005656835205855e+02
4.547739119787345885e+02
4.609001287692583446e+02
4.668630026607309560e+02
4.687471256783107378e+02
4.637192949891149851e+02
4.551506376465493418e+02
4.461830336026212649e+02
4.399667226904834934e+02
4.377347981348534631e+02
4.394981045510165814e+02
4.446966482209426204e+02
4.521338956542718392e+02
4.599334318364200271e+02
4.649147289873104683e+02
4.637996806419906761e+02
4.572310422733091855e+02
4.471763719501381615e+02
4.400711924735250591e+02
4.392093423148132274e+02
4.435458668464054313e+02
4.505528264147154118e+02
4.576705583087542664e+02
4.609211880466260141e+02
4.587846236282208565e+02
4.516119578399915326e+02
4.433013631186227599e+02
4.361924209980318210e+02
4.350958916346551746e+02
4.389984617122212853e+02
4.457948400926249519e+02
4.532572168123692222e+02
4.587579372696905011e+02
4.588662507889055746e+02
4.544881644330455401e+02
4.469296818295374578e+02
4.397260511280773585e+02
4.360109418482180104e+02
4.377879114894471968e+02
4.431630591189885422e+02
4.501951450600791418e+02
4.563139182832520078e+02
4.584785954308075020e+02
4.545268584868707080e+02
4.477567377869596044e+02
4.398076479590667986e+02
4.342611812656589336e+02
4.338582690943854345e+02
4.389026768330447226e+02
4.469237984028859501e+02
4.557626011202663108e+02
4.615725892597872075e+02
4.617580659058507990e+02
4.554014052362401230e+02
4.466293522985453706e+02
4.390968258065703367e+02
4.371451262716646511e+02
4.416656993181892403e+02
4.501266637500832530e+02
4.581858666654583772e+02
4.631181867390329217e+02
4.611409707208142663e+02
4.536749388276363106e+02
4.440126694941517371e+02
4.368072216766311726e+02
4.348887746713360229e+02
4.392105721227978279e+02
4.476684347176818051e+02
4.569481005653173042e+02
4.629302001758351253e+02
4.637427148704844058e+02
4.579805153865827378e+02
4.490214755670729687e+02
4.407583336580411242e+02
4.375248577645728005e+02
4.403388885240865989e+02
4.477624862162087993e+02
4.561507819441304150e+02
4.624298934472826659e+02
4.625063943688156201e+02
4.568066153785543406e+02
4.475599082807306104e+02
4.391322869031491223e+02
4.347728402972601884e+02
4.365542842601896609e+02
