-6.000997151494186221e-04
-9.294914971038625850e-04
-1.887770312445108400e-03
-3.061556004229637473e-03
-3.662222785020041727e-03
-5.619704912819656339e-03
-7.076397309445314754e-03
-8.760752770069157869e-03
-1.138215298799649666e-02
-1.343793603858833841e-02
-1.600714048980411697e-02
-1.861217138172066576e-02
-2.142801029363505805e-02
-2.433081041969464842e-02
-2.681037029358113166e-02
-2.999311218233491338e-02
-3.241621837869712586e-02
-3.470606326908542982e-02
-3.748368233314547382e-02
-3.920113654994050734e-02
-4.138874287723637302e-02
-4.353404824363082959e-02
-4.498269827278278399e-02
-4.695115529703408619e-02
-4.858494990674655511e-02
-5.020205185445547613e-02
-5.194279801388734796e-02
-5.367224794454772407e-02
-5.574189559419950868e-02
-5.759567887460370628e-02
-5.984728038490594315e-02
-6.219712787092523953e-02
-6.437010869780257494e-02
-6.706967062768365295e-02
-6.951464214443214829e-02
-7.205360072845001795e-02
-7.483645787992410092e-02
-7.722235441284341917e-02
-7.977004933960341049e-02
-8.210701168364309410e-02
-8.421820386644185419e-02
-8.634054904883070591e-02
-8.804007560171056568e-02
-8.974887990066182653e-02
-9.119231680383821370e-02
-9.233324161806866215e-02
-9.349013556719043549e-02
-9.428058397638849897e-02
-9.507306019902372896e-02
-9.574887833893797051e-02
-9.626671176850987166e-02
-9.690365777150855564e-02
-9.735540069133996610e-02
-9.791870926579715473e-02
-9.849219067913583814e-02
-9.899793296371406370e-02
-9.972447160832764723e-02
-1.003205997619902590e-01
-1.009729945475212887e-01
-1.016570237134422072e-01
-1.020901943708327764e-01
-1.024441247631306950e-01
-1.024134889259054049e-01
-1.018926500989731920e-01
-1.007436881727619138e-01
-9.857352843452193980e-02
-9.524657410076287078e-02
-9.027291023114525359e-02
-8.332531960234490498e-02
-7.402401690230764331e-02
-6.176590759122735363e-02
-4.628432886697186888e-02
-2.698698040288594058e-02
-3.444699492911595939e-03
2.462405887179119901e-02
5.772789034914271866e-02
9.601847735136370687e-02
1.397691545024519755e-01
1.891735725029937143e-01
2.442417949675999012e-01
3.051483114978585931e-01
3.718236295963563975e-01
4.442872870955740794e-01
5.225364970267607490e-01
6.064177081433728134e-01
6.959463091893285380e-01
7.909420755831062522e-01
8.912723845258838651e-01
9.968275273950482074e-01
1.107320044612152721e+00
1.222596894110820287e+00
1.342345554162852395e+00
1.466255931978979632e+00
1.594057033024607328e+00
1.725321508051048447e+00
1.859752015892222055e+00
1.996946186120031719e+00
2.136488036547240732e+00
2.278026398521079798e+00
2.421066936058075214e+00
2.565194970604596669e+00
2.709927963889236402e+00
2.854726871934117227e+00
2.999097209475575454e+00
3.142398111410681594e+00
3.283977034662599159e+00
3.423030058695079703e+00
3.558541015732904711e+00
3.689341234532373726e+00
3.813918121224079805e+00
3.930565575637864129e+00
4.037392229850981451e+00
4.132390701234307961e+00
4.213726276022896400e+00
4.279766187001936117e+00
4.329301956137117102e+00
4.361608894204677789e+00
4.376357351370156579e+00
4.373639182367879741e+00
4.353762491148290614e+00
4.317215038137086403e+00
4.264618307400157349e+00
4.196618767358577529e+00
4.113931242972935109e+00
4.017190257750195670e+00
3.906894793955390632e+00
3.783383291987488128e+00
3.646758510058669245e+00
3.497011489359756364e+00
3.334068173078795549e+00
3.157886762150893034e+00
2.968586922380822557e+00
2.766454999883843247e+00
2.552037422417711809e+00
2.326156653296113319e+00
2.089917376744414135e+00
1.844759997625118775e+00
1.592387043582148554e+00
1.334721974106086506e+00
1.073796132906462475e+00
8.115889854259488168e-01
5.499526210509473323e-01
2.904993858537898710e-01
3.458140553439603693e-02
-2.166933239236392694e-01
-4.624600955181059625e-01
-7.020149099979566820e-01
-9.347726139745411444e-01
-1.160189193794478157e+00
-1.377663099256534629e+00
-1.586497811558154503e+00
-1.785839341122663626e+00
-1.974695944075105292e+00
-2.152005069180511487e+00
-2.316712648518936657e+00
-2.467916287788530560e+00
-2.604956657033899337e+00
-2.727497022984016084e+00
-2.835574526820940910e+00
-2.929576940273395103e+00
-3.010216454898229532e+00
-3.078434745990594745e+00
-3.135285739470246913e+00
-3.181823836528556271e+00
-3.218966249658864687e+00
-3.247415442896261162e+00
-3.267608364434360979e+00
-3.279718300167502321e+00
-3.283729441839818186e+00
-3.279517207973703385e+00
-3.266966098117294326e+00
-3.246068471727482585e+00
-3.216987101085212242e+00
-3.180099849339955931e+00
-3.135976494526149239e+00
-3.085333038863367516e+00
-3.028956246730134971e+00
-2.967605152785364631e+00
-2.901941571995942937e+00
-2.832468221795671148e+00
-2.759516528626798859e+00
-2.683280710564136307e+00
-2.603873549309209334e+00
-2.521418043953545407e+00
-2.436119641140491066e+00
-2.348316767158014073e+00
-2.258496625760484822e+00
-2.167252034080825229e+00
-2.075214882708981357e+00
-1.982956915757506877e+00
-1.890889632630955663e+00
-1.799194249693374381e+00
-1.707779469161137875e+00
-1.616304166240678963e+00
-1.524248180509482076e+00
-1.431024090075700528e+00
-1.336119964096259327e+00
-1.239224678132125668e+00
-1.140328044770126503e+00
-1.039763252267686067e+00
-9.394708319664912821e-01
-8.394358772035026561e-01
-7.406969440822566142e-01
-6.448993357917078839e-01
-5.512839981547150714e-01
-4.619907598056798292e-01
-3.773512451865630446e-01
-2.959391140290410505e-01
-2.182624839377780290e-01
-1.432942131354413284e-01
-6.932696617602740474e-02
3.810309072162620936e-03
7.623687652638810874e-02
1.486815817816697916e-01
2.206357517662569379e-01
2.905821707931690590e-01
3.585729879824199884e-01
4.238087590968397933e-01
4.867308381152883889e-01
5.523167683844407705e-01
6.260197914888410153e-01
7.155484817112984786e-01
8.289512992274881142e-01
9.676809828540040570e-01
1.127549649171033064e+00
1.297111073257312786e+00
1.458900942449880223e+00
1.596252331808809544e+00
1.696534042126782715e+00
1.754313829677157877e+00
1.772451481754715008e+00
1.760187909655313909e+00
1.730942211859258784e+00
1.700278197845454642e+00
1.685224077156484590e+00
1.701884867618731700e+00
1.763862709584678612e+00
1.880516867572487261e+00
2.052475486253551473e+00
2.272228621601115606e+00
2.525013676433538912e+00
2.790508910166055845e+00
3.049416954964464299e+00
3.285196337718873760e+00
3.486076470902042423e+00
3.646540028202684525e+00
3.764512028936118693e+00
3.841705034901990778e+00
3.883229187088873324e+00
3.897301955475785729e+00
3.895954592712687514e+00
3.893853339421954107e+00
3.907314398235705699e+00
3.951903644650472280e+00
4.041271849217683787e+00
4.186444804529045882e+00
4.394214310225255993e+00
4.667839453997975951e+00
5.004883584072777225e+00
5.395227070509537093e+00
5.821227448912980940e+00
6.256304586670742296e+00
6.667827280754798913e+00
7.021728579873144582e+00
7.286616963636812550e+00
7.440116838464923887e+00
7.472656605659982354e+00
7.389758157210035705e+00
7.213226541346799969e+00
6.979463900450304514e+00
6.736763314792376001e+00
6.539945941060213208e+00
6.443957691406970945e+00
6.496122566980753632e+00
6.727904939041523313e+00
7.149753294432662720e+00
7.747092871017204452e+00
8.480866485583060665e+00
9.292090866785896353e+00
1.010757710010158839e+01
1.084921923566920476e+01
1.144312489239466046e+01
1.182812013524564421e+01
1.196461381123971002e+01
1.184037746842290595e+01
1.147423682500908626e+01
1.091649812729137992e+01
1.024486254929834139e+01
9.557334654134615803e+00
8.961596872191947227e+00
8.563189402437558329e+00
8.452968727773534141e+00
8.695417077622677127e+00
9.319590818548929789e+00
1.031198755880410722e+01
1.161444057051451395e+01
1.312645940247657883e+01
1.471226147432041742e+01
1.621407883105860037e+01
1.746867967462237203e+01
1.832669735657659871e+01
1.867296981102559528e+01
1.844390393351764246e+01
1.764101605582875010e+01
1.633777255188949340e+01
1.467779812645725102e+01
1.286463247912579888e+01
1.114243472909180532e+01
9.769716064875233030e+00
8.987976367732661842e+00
8.989067969312991124e+00
9.885342759757321573e+00
1.168640715015102138e+01
1.428801880604753904e+01
1.747447173947319143e+01
2.093588012643285623e+01
2.429938148777930707e+01
2.716951813477535538e+01
2.917502133021088895e+01
3.001718870967579278e+01
2.951406682672288895e+01
2.763571297321836084e+01
2.452341343043753241e+01
2.048776204781941246e+01
1.598453276219266606e+01
1.157007755024577911e+01
7.841928664518736269e+00
5.370203910785874335e+00
4.625529536077267245e+00
5.909319338297058799e+00
9.295751858560201697e+00
1.459799372961381714e+01
2.136820873133505216e+01
2.893569624546175234e+01
3.647606085158702172e+01
4.309813852845853432e+01
4.793929619940531950e+01
5.026498655078094657e+01
4.957110017726812146e+01
4.568044704795256905e+01
3.880994302848280597e+01
2.958265752985511909e+01
1.897460363257463811e+01
8.210601396529098039e+00
-1.361160088929453948e+00
-8.398222276345043369e+00
-1.170439829644376317e+01
-1.039896199828837098e+01
-4.104023354605674356e+00
6.906253861568721675e+00
2.167175735161719530e+01
3.866624655648632114e+01
5.602195617404992589e+01
7.175230467186986516e+01
8.390182604762557617e+01
9.066382723633662977e+01
9.058284062098928757e+01
8.289237102685821412e+01
6.786109492387180353e+01
4.690834086935745262e+01
2.235436259426585437e+01
-3.050614986658722216e+00
-2.648577310427542031e+01
-4.511758938227441718e+01
-5.605001819649687889e+01
-5.659187014352924905e+01
-4.504380904918477313e+01
-2.166097953194624637e+01
1.095691718497790390e+01
4.855935698762060326e+01
8.667232163065202144e+01
1.216553497050030330e+02
1.504489227603177142e+02
1.694001014102451563e+02
1.739008967998090043e+02
1.600860065181127538e+02
1.276399711915193507e+02
8.113796321587642524e+01
2.814171437882339433e+01
-2.473304717555643606e+01
-7.403110945020748090e+01
-1.173012337875156845e+02
-1.488422171207993472e+02
-1.589734522790245990e+02
-1.389399271740147697e+02
-8.821060718781727417e+01
-1.765767207715727238e+01
5.579488510375858823e+01
1.205529322882698153e+02
1.774026189724833671e+02
2.319082965112228862e+02
2.789762522863215963e+02
2.988402879158070959e+02
2.717079907450349765e+02
1.980012592543563130e+02
1.024516243970565768e+02
1.537234888477972561e+01
-5.308899818766835210e+01
-1.152684113259411305e+02
-1.798450453970954754e+02
-2.293073325641926203e+02
-2.327729032252829313e+02
-1.784213193626889620e+02
-8.710724747539399004e+01
2.487522104279548785e+00
5.980087792980161510e+01
9.372972639931091976e+01
1.339444026775954910e+02
1.859778252294776451e+02
2.216753853341938907e+02
2.109191635638165963e+02
1.588838016000625544e+02
9.840378874232411022e+01
4.481550363009336024e+01
2.397372550532196556e+00
-2.451069098074613350e+01
-5.108257966430355168e+01
-8.358643635399464245e+01
-1.024433533088838004e+02
-9.068055353135409291e+01
-6.010418803781895036e+01
-3.234818130839619243e+01
-8.328824334685876352e+00
1.277100718715601602e+01
3.070565100182260210e+01
5.345163559903676287e+01
8.830349868808653468e+01
1.321401251697417649e+02
1.570275540669169061e+02
1.433892071428854535e+02
1.110535210976930642e+02
7.738514360141068948e+01
4.302297521010206793e+01
1.109750235857163148e+01
-1.941007366023039538e+01
-5.883534761872274998e+01
-1.108757088404946245e+02
-1.525830825484797231e+02
-1.525451304570141247e+02
-1.108039052444574395e+02
-5.678482205458443843e+01
-1.260106119627292287e+01
2.090826946981336221e+01
4.628202412135495081e+01
6.843790368186594719e+01
9.853673715040031311e+01
1.336799244924643233e+02
1.504232808827260328e+02
1.329908707155595380e+02
9.142187640560467798e+01
4.620742902054784906e+01
7.329583359357485506e+00
-2.642454743978747445e+01
-5.672559247336032939e+01
-8.459833272971032159e+01
-1.099640571590757645e+02
-1.260975635002861850e+02
-1.196433778728412989e+02
-8.779284037202057789e+01
-4.558080692371244425e+01
-6.527620954909664874e+00
2.747997433640347253e+01
5.992052796357543798e+01
9.481254747775935243e+01
1.290969703710420902e+02
1.525547568551037330e+02
1.544977999373337241e+02
1.289521881768558274e+02
8.426674405707248638e+01
3.691615842085146681e+01
-3.923907497136127631e+00
-4.115719808348556796e+01
-8.242015592673340052e+01
-1.259301708992410909e+02
-1.561311183465783756e+02
-1.560000880171997437e+02
-1.236438519106523586e+02
-7.264965887606015826e+01
-2.068252110379704334e+01
2.052545472712708374e+01
5.096732885617890929e+01
8.103613542486264976e+01
1.167887773522958241e+02
1.481953979836577275e+02
1.573743526968657420e+02
1.352323892865144614e+02
9.158411910471775741e+01
4.281733457339621651e+01
-8.005527750075316362e-01
-3.706431447874967944e+01
-7.102530104605858696e+01
-1.078232341910607772e+02
-1.404167383274905490e+02
-1.510958991081683394e+02
-1.305707084338411619e+02
-8.743147985295004787e+01
-3.849035704140980130e+01
3.728371511146789885e+00
3.672291083409220391e+01
6.721935128309989693e+01
1.015402123368320844e+02
