9.999946355598681169e-01
9.999866376516086675e-01
9.999821197932834416e-01
9.999750526462422018e-01
9.999687218069363004e-01
9.999633073356180013e-01
9.999559948651416397e-01
9.999508741160078040e-01
9.999439554369389249e-01
9.999377899700896410e-01
9.999323786739390263e-01
9.999249630810082001e-01
9.999198931273298729e-01
9.999133680629428422e-01
9.999067759177223680e-01
9.999016000424738593e-01
9.998945184471994541e-01
9.998889992514662373e-01
9.998828648118176510e-01
9.998763917147884817e-01
9.998710674824551337e-01
9.998643058822543894e-01
9.998588177382290443e-01
9.998528509720698843e-01
9.998464346447855089e-01
9.998412936689835551e-01
9.998347883814615589e-01
9.998292042492690213e-01
9.998236303960839066e-01
9.998173611982712483e-01
9.998122073798121345e-01
9.998021280904751951e-01
9.997815315265521363e-01
9.997598144522500396e-01
9.997369992281321949e-01
9.997130289180862217e-01
9.996879670927579786e-01
9.996617946059227489e-01
9.996345294823900662e-01
9.996062294973906415e-01
9.995768888385425655e-01
9.995465944645662848e-01
9.995153818894803033e-01
9.994833145867546564e-01
9.994504984425203187e-01
9.994169754108100934e-01
9.993828717591144439e-01
9.993482705573281111e-01
9.993132569214298044e-01
9.992779645796419086e-01
9.992424625254973103e-01
9.992068757611027863e-01
9.991712991471447536e-01
9.991358145392683632e-01
9.991005393880346697e-01
9.990655315509403556e-01
9.990308881993807955e-01
9.989966832209823400e-01
9.989629667416054515e-01
9.989298234907190155e-01
9.988972848336225008e-01
9.988654034809869575e-01
9.988342236050670175e-01
9.988037580872355381e-01
9.987740481058011710e-01
9.987450950975592656e-01
9.987169107131613766e-01
9.986895028630438098e-01
9.986628514369019216e-01
9.986369626315191317e-01
9.986118122724814139e-01
9.985873855462246151e-01
9.985636779742823599e-01
9.985406630672856165e-01
9.985183480473880380e-01
9.984967288292637688e-01
9.984758141099980833e-01
9.984556375917850168e-01
9.984362248269522677e-01
9.984176364503490886e-01
9.983999348571991339e-01
9.983831955327566732e-01
9.983675183462016323e-01
9.983529953451857342e-01
9.983397432894165480e-01
9.983278775909776304e-01
9.983175126902634755e-01
9.983087768882522584e-01
9.983017807081601136e-01
9.982966422417380858e-01
9.982934718335770841e-01
9.982923681989104292e-01
9.982934386672969174e-01
9.982967772614501634e-01
9.983024895472628613e-01
9.983106909153580677e-01
9.983215065751996908e-01
9.983350992083246389e-01
9.983516579061574303e-01
9.983714254583160308e-01
9.983947097807853721e-01
9.984218901496071386e-01
9.984534508891018678e-01
9.984899805083691238e-01
9.985321930110744315e-01
9.985809321716321296e-01
9.986371522362699205e-01
9.987019066328334249e-01
9.987762914705646811e-01
9.988613920918231193e-01
9.989582175805471476e-01
9.990676217356907474e-01
9.991249732379233750e-01
9.991666839189839999e-01
9.992163409432250898e-01
9.992739346267562883e-01
9.993392848019280184e-01
9.992486358168806149e-01
9.991330067384504021e-01
9.989978673288287814e-01
9.988586037654956229e-01
9.987032948117643416e-01
9.985315335692602767e-01
9.983551810897625112e-01
9.981477697736036436e-01
9.979356300182387063e-01
9.977165193532904208e-01
9.974694533707528787e-01
9.972176694764139926e-01
9.969616784689731004e-01
9.967020977597202958e-01
9.964227416230327927e-01
9.961351911836674455e-01
9.958455148838820659e-01
9.955548733002049788e-01
9.952645097500943949e-01
9.949756925246036054e-01
9.946896631785672183e-01
9.944075883540214322e-01
9.941305142959856456e-01
9.938593460514101308e-01
9.935948340249964872e-01
9.933375833860019766e-01
9.930880814379428045e-01
9.928467295392799929e-01
9.926138886947226680e-01
9.923899136877875060e-01
9.921751775907390325e-01
9.919700814986038839e-01
9.917750378240459685e-01
9.915904432286047898e-01
9.914166334630459820e-01
9.912538328272342270e-01
9.911021093266558779e-01
9.909613346019268132e-01
9.908311687053373840e-01
9.907110660228377608e-01
9.906003062679982207e-01
9.904980514188919116e-01
9.903998221151394388e-01
9.903077548079657344e-01
9.902219767691348151e-01
9.901418212909246508e-01
9.900668063038866595e-01
9.899966343670538738e-01
9.899311658214345888e-01
9.898703686643309796e-01
9.898142532487033129e-01
9.897628077156404025e-01
9.897159404620847756e-01
9.896734429508836639e-01
9.896349772482756491e-01
9.896000870030972063e-01
9.895682318033592884e-01
9.895388327679356388e-01
9.895113220065681059e-01
9.894851860093649698e-01
9.894599932271371800e-01
9.894354058174545941e-01
9.894111731032033674e-01
9.893871129254715457e-01
9.893630884835320494e-01
9.893389860836276917e-01
9.893147032074818270e-01
9.892901482554670167e-01
9.892652522764947554e-01
9.892399896413628380e-01
9.892143983068679702e-01
9.891885938189258765e-01
9.891627680626693397e-01
9.891371685041907558e-01
9.891120591676546558e-01
9.890876662837400080e-01
9.890641196638336741e-01
9.890414003642180596e-01
9.890193060839055361e-01
9.889954204181305997e-01
9.889705700364102015e-01
9.889446849367926617e-01
9.889171473987886651e-01
9.888876458816324710e-01
9.888557207424639728e-01
9.888210298152474431e-01
9.887839575458783337e-01
9.887446754236554058e-01
9.887037677753524045e-01
9.886620612319326762e-01
9.886201055239520752e-01
9.885788189568530671e-01
9.885387239957006411e-01
9.885002957422343028e-01
9.884640169324240278e-01
9.884300074782138568e-01
9.883987515173020544e-01
9.883706951705428789e-01
9.883465078786826119e-01
9.883272467548760432e-01
9.883136602000435200e-01
9.883063111296547243e-01
9.883047730544534115e-01
9.883072583256796717e-01
9.883106922158680918e-01
9.883105209709914796e-01
9.883016931138984829e-01
9.882792755198301915e-01
9.882394311397463271e-01
9.881805671937391455e-01
9.881035871382678470e-01
9.880125051557888671e-01
9.879140587367595261e-01
9.878168454269627974e-01
9.877303846582636826e-01
9.876632683290044179e-01
9.876218293981509078e-01
9.876088482642908506e-01
9.876227394635092027e-01
9.876577978039999817e-01
9.877047127657486714e-01
9.877520056094999390e-01
9.877876410488368730e-01
9.878005885348697390e-01
9.877825493214053010e-01
9.877289237235303831e-01
9.876395801303889943e-01
9.875189981474699064e-01
9.873756245642416607e-01
9.872210633995398554e-01
9.870685643507309814e-01
9.869315200702850621e-01
9.868220503503454255e-01
9.867495717830312429e-01
9.867199699977541316e-01
9.867348699009542701e-01
9.867913340012730572e-01
9.868819701720921156e-01
9.869951919474911906e-01
9.871160967492174088e-01
9.872275815907702867e-01
9.873118840945878105e-01
9.873525015739736954e-01
9.873360654465115349e-01
9.872543262083915971e-01
9.871057066196514684e-01
9.868963021982142259e-01
9.866402140796965980e-01
9.863587596079657072e-01
9.860787952803528045e-01
9.858299952422728829e-01
9.856413148036898830e-01
9.855371956408224277e-01
9.855337593799141649e-01
9.856357822168734240e-01
9.858348607728256718e-01
9.861091087654412224e-01
9.864247341016220139e-01
9.867392380761278448e-01
9.870061285099450687e-01
9.871805694408239962e-01
9.872252616597445574e-01
9.871159481010352010e-01
9.868456011238386782e-01
9.864267851795488484e-01
9.858917088086768254e-01
9.852897173011319065e-01
9.846825295625759589e-01
9.841375265070859690e-01
9.837198797863173638e-01
9.834844235741958540e-01
9.834681252166227461e-01
9.836841996396789023e-01
9.841185694127642103e-01
9.847292892126829900e-01
9.854492650710547919e-01
9.861921423480870530e-01
9.868610466810352477e-01
9.873321373152312841e-01
9.874237025719477812e-01
9.872685332700971150e-01
9.868539437943349979e-01
9.861976514147997586e-01
9.853194912235216929e-01
9.840945487305103878e-01
9.828047440060427853e-01
9.815945368033940355e-01
9.806125532154639224e-01
9.799339555125505807e-01
9.796884602673463505e-01
9.800375453357185185e-01
9.809879408954240709e-01
9.824327322188564082e-01
9.840868810039112846e-01
9.858752722670864888e-01
9.873534991164095720e-01
9.880619501248587566e-01
9.881528994153638834e-01
9.877013975365550591e-01
9.870164699451352552e-01
9.861033318800047631e-01
9.847701231144053713e-01
9.828682792755204511e-01
9.802124419859183924e-01
9.773853912941530275e-01
9.748333032426923506e-01
9.728293717419708164e-01
9.719701928587716200e-01
9.724632960797756631e-01
9.743676957933360416e-01
9.775725517064205450e-01
9.817944370265178078e-01
9.860613910646678359e-01
9.889060321445783952e-01
9.891860395582466881e-01
9.883814271487796344e-01
9.872484932615820385e-01
9.858844814259701828e-01
9.844250033466737104e-01
9.830309497406286567e-01
9.808315525251942724e-01
9.765956081099732566e-01
9.700082280173315530e-01
9.634151662883517764e-01
9.582634498965337810e-01
9.555927587766218645e-01
9.559629238564597564e-01
9.596124109539733160e-01
9.663997236080205111e-01
9.757813767133828309e-01
9.867367812979662700e-01
9.919777677894281442e-01
9.821751351009739839e-01
9.718967318752956830e-01
9.648221932695490999e-01
9.621828383957524711e-01
9.647616688416373876e-01
9.727394370474892193e-01
9.753713772802241611e-01
9.706451987780357893e-01
9.568794697447712272e-01
9.406729551276956647e-01
9.276840383385652755e-01
9.201227855588249849e-01
9.194037840943191098e-01
9.262411098728606795e-01
9.405283993972471945e-01
9.612591433156258969e-01
9.865001907224244526e-01
9.853419307881399192e-01
9.570142558238546870e-01
9.317307456120353937e-01
9.132077073008859625e-01
9.045143612867084792e-01
9.077311673890877675e-01
9.235926066315923721e-01
9.511952434082688868e-01
9.581129085022855874e-01
9.341794540242613909e-01
8.972534175470122664e-01
8.671819875513351317e-01
8.492434163228078647e-01
8.384489253297363609e-01
8.414939428552292711e-01
8.663711610916229322e-01
9.103508912333065917e-01
9.665088807780101154e-01
9.495556326475730335e-01
8.900570038124533401e-01
8.438142456204978936e-01
8.147198074565380477e-01
7.951855881578202556e-01
7.984173532737783852e-01
8.316112200444342184e-01
8.885594511178076527e-01
9.295895534254119408e-01
8.910149328035359417e-01
8.233271423533485844e-01
7.734358267348769855e-01
7.387675891482468060e-01
7.139563941575021166e-01
7.285223978963010216e-01
7.807581268529278917e-01
8.613408348195735753e-01
9.279790903983150541e-01
8.754675822481626790e-01
7.976093347795774058e-01
7.487630574572973208e-01
7.361005589236027102e-01
7.384407026613797331e-01
7.585386780759277858e-01
8.109959309941955352e-01
8.850833441166161553e-01
8.982293288900440320e-01
8.500335263109279893e-01
7.922050644321888546e-01
7.564706970312700118e-01
7.509232713885867216e-01
7.493907395695857954e-01
7.657011978723698986e-01
8.077966775071047101e-01
8.687051234795492016e-01
9.240635526042306758e-01
8.935974003716893321e-01
8.378549221457061158e-01
7.940487335762258514e-01
7.744306891497123591e-01
7.802718355679557627e-01
7.980897685113209628e-01
8.218022577694017450e-01
8.623546429600780217e-01
9.162544458733794528e-01
9.218226062988604808e-01
8.829778731574596806e-01
8.349550268474191794e-01
8.019530722822811875e-01
7.917166781437107170e-01
7.838632979101934906e-01
7.994029303642706807e-01
8.378045843266250792e-01
8.921631257919223623e-01
9.419937142877987668e-01
9.147614507289616448e-01
8.615455730570483750e-01
8.220198499212958421e-01
8.053313088545817067e-01
8.132569561464043639e-01
8.260909826702667047e-01
8.556638031512071585e-01
9.008643664230933101e-01
9.377136624188412428e-01
9.152718801909337509e-01
8.698419128584059523e-01
8.320332897291422558e-01
8.126800686787449823e-01
8.093128383261835035e-01
8.071454494966530113e-01
8.295923460416868567e-01
8.717928108344846772e-01
9.266148647131478011e-01
9.403218311924549377e-01
8.973995408694473985e-01
8.504323729699108103e-01
8.215873081637088404e-01
8.140544819215297379e-01
8.229667828328025569e-01
8.379736947618217080e-01
8.719079065006392071e-01
9.204436693902775524e-01
9.363129183802250122e-01
9.003905957981805930e-01
8.526174699423352266e-01
8.190351226260949025e-01
8.062486048204501321e-01
7.950202171682346775e-01
8.065215472615508974e-01
8.424994765401149222e-01
8.959951664594250076e-01
9.454517033753278010e-01
9.167137482394732695e-01
8.625470719071649528e-01
8.230433631928533167e-01
8.063184610017157805e-01
8.140269176359327119e-01
8.248928308831628975e-01
8.553503019317399980e-01
9.027280307062877096e-01
9.365622126603578845e-01
9.085981267979523768e-01
8.585614997113871771e-01
8.195010804048734609e-01
8.008973659548850321e-01
7.921236475216690831e-01
7.949988667761549443e-01
8.238296272998316683e-01
8.728353735657868873e-01
9.337862666940975886e-01
9.310832822438906975e-01
8.792234314671875106e-01
8.326170794823289922e-01
8.070955648933929583e-01
8.055374287893548590e-01
8.160789283859473109e-01
8.383396718060815989e-01
