7.424521316000000759e+00
4.362207791000000334e+00
4.266303979999999996e+00
4.895485904000000055e+00
5.231250511000000714e+00
4.630503746000000476e+00
4.972981553000000332e+00
4.685691644000000267e+00
4.542823794000000248e+00
5.084269703000000362e+00
4.759797582000000027e+00
7.889374565000000672e+00
8.142474866000000588e+00
8.438578911000000460e+00
7.882526302000000484e+00
8.001748507000000288e+00
7.881137619000000427e+00
7.963648330000000719e+00
8.211164720000001083e+00
8.428062146000000254e+00
7.936895563000000209e+00
7.986602447000000105e+00
8.087750839999999997e+00
7.797852648000000109e+00
8.486596543000000992e+00
8.269907388000000026e+00
8.189309728000001343e+00
8.574419790000000319e+00
8.241954955000000638e+00
8.778155650000000421e+00
8.707764843000001420e+00
8.151105367000001323e+00
8.423964480000000421e+00
8.374014159999999762e+00
8.735549223000001362e+00
8.372875886000000989e+00
8.130103066000000211e+00
8.410991502999999980e+00
8.372082004000001021e+00
9.048855069000000029e+00
8.623828502000000285e+00
8.767951736000000551e+00
8.793146793000000017e+00
8.636061334000000755e+00
5.489652139000000375e+00
5.643052740999999983e+00
6.773678971000000715e+00
8.511881509000000179e+00
8.403768280000001312e+00
8.590932861000000642e+00
8.470362826000000567e+00
8.440284673000000737e+00
8.595656663999999836e+00
8.949691230000000886e+00
9.248323202999999992e+00
9.047776991000000990e+00
8.891539982000001174e+00
9.160909424999999828e+00
9.443070352000001222e+00
9.124226080999999766e+00
8.907978063999999918e+00
8.888585624000000962e+00
9.305666027000000895e+00
9.021892411000001388e+00
9.072546519000001197e+00
8.732725800000000760e+00
9.411038873000000748e+00
9.400774966000000177e+00
8.801954586000000802e+00
8.974021183999999707e+00
9.107824034000000069e+00
9.451016604000001209e+00
9.083839948000001385e+00
9.151365514000000090e+00
8.827509170000000793e+00
9.448394306000000853e+00
9.343110291000000345e+00
9.034698858000000499e+00
9.123651108000000676e+00
9.736481942000001055e+00
9.714795050000001098e+00
9.370105918000000145e+00
9.189832796000001025e+00
9.776696500999999984e+00
9.789445744000000005e+00
9.326013657000000734e+00
9.416246189000000655e+00
9.886635500000000576e+00
9.653486990000001100e+00
9.241645713000000484e+00
9.298114060000001402e+00
9.492984424000001198e+00
9.786085274000001277e+00
9.497096559000000937e+00
9.610291059999999774e+00
9.434162907000001042e+00
9.775001554000001036e+00
9.282386858000000629e+00
9.450495306000000539e+00
9.397057592000001236e+00
9.959434159000000619e+00
9.611853849000000949e+00
9.370208126999999720e+00
9.394125612999999930e+00
9.753201644000000670e+00
9.540020423999999721e+00
9.316993912000000932e+00
9.346123012000001395e+00
1.000690307800000056e+01
9.663163149000000729e+00
9.245122897999999978e+00
9.145361624000001299e+00
9.846111526000001390e+00
9.857393923000000058e+00
9.531923458000001403e+00
9.278871360000000124e+00
9.600264310000000023e+00
9.618329985000000804e+00
9.263697888000001157e+00
9.310017393000000752e+00
9.565908601000000289e+00
9.924966595000000780e+00
9.479752398000000468e+00
9.456524808000001059e+00
9.536448699000001028e+00
1.002141990400000005e+01
9.348755925000000744e+00
9.355715706999999881e+00
9.510382700000000966e+00
9.936714799000000653e+00
9.581093425000000607e+00
9.129163501000000736e+00
9.212601711000001359e+00
9.654554936000000254e+00
9.687379595000001231e+00
9.260408761000000766e+00
9.557855127999999922e+00
9.506162375000000608e+00
9.937824446000000478e+00
9.388768971000001073e+00
9.411224441999999968e+00
9.177960135000001074e+00
9.943855580000001027e+00
9.862045922000000076e+00
9.440142021999999855e+00
9.166839695000000177e+00
9.552844120000001382e+00
9.787002876000000740e+00
9.286421862000000971e+00
9.419633885000001428e+00
9.710408271000000369e+00
9.591203638999999725e+00
9.330135093000000879e+00
9.295518551000000684e+00
9.189541356000001215e+00
9.726896170999999924e+00
9.725636201000000369e+00
9.508392179000001221e+00
9.298562768000000034e+00
9.486196098000000632e+00
9.873064032000000267e+00
9.186840321000000031e+00
9.432814533000000168e+00
9.545686816999999991e+00
9.977123138000001390e+00
9.369010099000000480e+00
9.482959962000000687e+00
9.363233891000000142e+00
9.732537603000000814e+00
9.536217181000001375e+00
9.511286832000001468e+00
9.518095770000000400e+00
9.899846497000000412e+00
9.413598589000001127e+00
9.355767360999999838e+00
9.244151523000001092e+00
9.780055358000000254e+00
9.747676433000000529e+00
9.486046594000001164e+00
9.305934350000001132e+00
9.734389004000000511e+00
9.718357716999999951e+00
8.957252726000000109e+00
8.909559404000001237e+00
9.409370662000000607e+00
9.769194414000001103e+00
8.938916288999999793e+00
9.083665080000001169e+00
9.206128227000000663e+00
9.513374339000000290e+00
9.060021345000000892e+00
9.145719921000001307e+00
9.072523418000001172e+00
9.366039534000000444e+00
8.823912609000000629e+00
8.607405887000000533e+00
8.555519896999999929e+00
8.785379154000001023e+00
8.801044763000000160e+00
8.065721328000000412e+00
4.740645565000000339e+00
4.907952059000000311e+00
4.699959519000000085e+00
4.808591091000000262e+00
5.010103201000000617e+00
4.903910533000000349e+00
5.278862217000000356e+00
8.293933781999999866e+00
8.054864634000001189e+00
8.150704719000000154e+00
8.347817551000000336e+00
8.287276362000000063e+00
4.548820717999999985e+00
4.982543210000000222e+00
4.588506901000000582e+00
5.030101357000000384e+00
4.901535521000000450e+00
8.285900939000001131e+00
8.067350257000001079e+00
8.157107927000000203e+00
7.912517615000000504e+00
8.985749046000000462e+00
8.017354359000000485e+00
5.678203032999999955e+00
5.112353208000000038e+00
3.174634120000000337e+00
4.960893826000000395e+00
6.297992920000000439e+00
8.561763686000000817e+00
8.248581311000000582e+00
8.547185615000000070e+00
8.612742544999999694e+00
8.523623659000000075e+00
8.090545690000000789e+00
4.848309783000000373e+00
8.091683813000001280e+00
8.484200616000000750e+00
8.574331817000000910e+00
8.405411107000000825e+00
5.448112688000000148e+00
5.503083139000000124e+00
5.158389650000000159e+00
7.521067273000000775e+00
5.142044967000000355e+00
9.239576074000000361e+00
9.040396780000000021e+00
8.713792407999999767e+00
8.466164732000001081e+00
9.208925088000000869e+00
5.426691594000000229e+00
8.335418648000000985e+00
8.158943114000001273e+00
8.299730912000001126e+00
9.056793616000000213e+00
8.919389082000000357e+00
8.905822296000000193e+00
9.181868099000000782e+00
9.289352785000000168e+00
9.678492692000000730e+00
9.144996389000001003e+00
8.832462644999999668e+00
8.277197250000000395e+00
8.861523904000000229e+00
9.222351759000000371e+00
9.031452062000001391e+00
9.026692093000001194e+00
9.340182807999999781e+00
9.383448839999999791e+00
9.115981107000001415e+00
9.178070604000000188e+00
8.083319588000000167e+00
9.199118806000001314e+00
9.687427333000000473e+00
9.019263954000001249e+00
9.451924511999999723e+00
9.702616387000000842e+00
9.789899640999999875e+00
9.320418511999999822e+00
9.296595456000000368e+00
8.919241747000000942e+00
9.264049804000000776e+00
9.308845728000001429e+00
9.300126833000000204e+00
9.437125110000000205e+00
9.945052137000001125e+00
9.924133870000000357e+00
9.561827758999999816e+00
9.335053382999999982e+00
9.469922324000000557e+00
8.996911886000001246e+00
9.430170316999999969e+00
9.566337138999999823e+00
9.635425330000000343e+00
1.066323842100000086e+01
9.968859739000000886e+00
9.544172134000000085e+00
9.455725954000000044e+00
9.595513219000000760e+00
8.853066636000001211e+00
9.554252070000000430e+00
9.531517887000001465e+00
1.042645072800000072e+01
1.008122834700000148e+01
9.809569581999999954e+00
9.780055936000000116e+00
1.021488344100000134e+01
9.831805082000000695e+00
8.544989357000000396e+00
9.576388814000001304e+00
1.027632355800000141e+01
1.019624614800000018e+01
9.867397840000000642e+00
9.749864803000001245e+00
1.005061339600000103e+01
1.060344687100000094e+01
1.007655472700000132e+01
9.061429634000001343e+00
9.637351953000001359e+00
1.031689885800000006e+01
1.304229766800000156e+01
1.331498450000000133e+01
1.379441444300000086e+01
1.320945748400000141e+01
1.329554480000000005e+01
1.024330822400000152e+01
9.737833719000001054e+00
9.965214457000000081e+00
1.325873398500000100e+01
1.362871446800000008e+01
1.318142712700000097e+01
1.343011118600000131e+01
1.385271330200000151e+01
1.344080617100000019e+01
1.322165813600000028e+01
1.001625200600000021e+01
9.830855673000000294e+00
1.284880431800000089e+01
1.405369505500000038e+01
1.359785997600000051e+01
1.352114792900000140e+01
1.387500334800000168e+01
1.369534749700000020e+01
1.330476715400000032e+01
1.009812696100000018e+01
1.040265124700000143e+01
1.332386566600000144e+01
1.362153184699999997e+01
1.409413094900000019e+01
1.351751521700000147e+01
1.375630348700000027e+01
1.393832670600000156e+01
1.348698295900000055e+01
1.348697253900000170e+01
1.014172377300000072e+01
1.331827962100000029e+01
1.688929119600000206e+01
1.726418000600000013e+01
1.750215329400000286e+01
1.436250491900000092e+01
1.385999735000000044e+01
1.432602853200000048e+01
1.438065299400000008e+01
9.766451836999999969e+00
1.348429463100000092e+01
1.750452157900000216e+01
1.667563286300000058e+01
1.813972224800000177e+01
1.421280502700000170e+01
1.394274892900000040e+01
1.441943589500000122e+01
1.343271138000000064e+01
9.712374039000000181e+00
1.434394734300000174e+01
1.738308997700000091e+01
1.784008984200000114e+01
1.806606996400000043e+01
1.471847419400000057e+01
1.475338924300000087e+01
1.418739693300000049e+01
1.437512627800000153e+01
1.038845205700000029e+01
1.373765062100000023e+01
1.784993278199999978e+01
2.122456112600000111e+01
1.887676647900000049e+01
1.802949757400000053e+01
1.441880246200000038e+01
1.485433250200000010e+01
1.389949624200000144e+01
1.351237038200000029e+01
1.432040048600000048e+01
2.136093837800000017e+01
2.166602044700000107e+01
1.875279752700000202e+01
1.878635147399999994e+01
2.168608479800000310e+01
1.473736872300000122e+01
1.422299857600000017e+01
1.417286128800000000e+01
1.431243342300000165e+01
2.175518095099999982e+01
2.153922509800000284e+01
2.157353902200000206e+01
1.805366041100000274e+01
1.827352516200000210e+01
1.404033747700000134e+01
1.444691610300000129e+01
1.469984554100000018e+01
1.464716832700000104e+01
2.123683157500000007e+01
2.093150122000000124e+01
2.234170414100000102e+01
2.110170991700000087e+01
2.181542950800000114e+01
1.418466234000000092e+01
1.492836038400000120e+01
1.396172825000000017e+01
1.439935002900000072e+01
1.870936709300000089e+01
1.744348940700000128e+01
1.870571519099999946e+01
1.817326573800000133e+01
1.490828939500000061e+01
1.472719188200000140e+01
1.406692792200000142e+01
1.411476192900000015e+01
1.386871783100000144e+01
1.460380454500000091e+01
1.852717399300000167e+01
1.740892347700000187e+01
1.893255272500000075e+01
1.805811660100000182e+01
1.503077123700000151e+01
1.443295190700000141e+01
1.398798509900000120e+01
1.433314520300000083e+01
1.427117395500000008e+01
1.802222524700000150e+01
1.801361388600000168e+01
1.486859133400000132e+01
1.536874761300000181e+01
1.467191089000000126e+01
1.444481517200000020e+01
1.478241035400000136e+01
1.355644468100000033e+01
1.464226201900000035e+01
1.784800240000000215e+01
1.791801611200000011e+01
1.815146780200000265e+01
1.809688560400000057e+01
1.490963259100000116e+01
1.473046067600000164e+01
1.480097955200000115e+01
1.363774621200000148e+01
1.385382155200000120e+01
1.507774338600000164e+01
1.762962139500000092e+01
1.801692120300000255e+01
1.489403370000000137e+01
1.481232724000000012e+01
1.494874151000000140e+01
1.446592916200000012e+01
1.402512380100000122e+01
1.410486675100000120e+01
1.429117878200000114e+01
1.819204564300000015e+01
1.776174467100000243e+01
1.821610332700000257e+01
1.815508719099999979e+01
1.489417728500000138e+01
1.506654337600000026e+01
1.401404100300000088e+01
1.344344974900000089e+01
1.484936022900000019e+01
1.792798336799999959e+01
1.831240451200000052e+01
1.481094269700000154e+01
1.485539568200000105e+01
1.526133426000000171e+01
1.413101589100000055e+01
1.427691663200000072e+01
1.399393723200000039e+01
1.422013566000000040e+01
1.850143964600000146e+01
1.749370001600000180e+01
1.877918996300000032e+01
1.831494673200000278e+01
1.486198551200000040e+01
1.485375293300000088e+01
1.414845195300000036e+01
1.383966086500000081e+01
1.419089410100000137e+01
1.715042918500000013e+01
1.822101428999999939e+01
1.483528200800000008e+01
1.481447438200000022e+01
1.528253899900000157e+01
1.427058412100000062e+01
1.480282159100000072e+01
1.370696805100000049e+01
1.389613945500000014e+01
