4.353087762700000241e+01
2.558352523400000322e+01
2.582924362700000032e+01
2.636476710100000176e+01
2.543627638800000312e+01
2.538708479699999998e+01
2.596821301900000023e+01
2.525855467600000281e+01
2.588913655700000049e+01
2.585466331400000328e+01
2.549690416600000020e+01
2.571399816500000313e+01
2.638637790200000310e+01
2.529904764100000136e+01
2.571403182300000267e+01
2.594273859100000124e+01
2.569356731000000238e+01
2.586417144700000037e+01
2.637767652300000165e+01
2.615620981800000067e+01
2.724374951000000067e+01
2.727089838800000265e+01
2.619821569700000197e+01
2.674819782400000179e+01
2.697734055100000106e+01
2.670859184000000042e+01
2.640841070900000176e+01
2.698407597200000296e+01
2.705154412900000338e+01
2.653834102600000122e+01
2.658389046600000327e+01
2.701774292500000030e+01
2.673284563900000066e+01
2.652943572100000225e+01
2.725644991200000078e+01
2.683594800600000241e+01
2.671335689200000019e+01
2.701259589000000005e+01
2.680430626800000127e+01
2.652969117300000335e+01
2.712103427999999994e+01
2.687709322300000281e+01
2.626703629400000040e+01
2.695282913600000185e+01
2.705995303100000271e+01
2.648063233200000255e+01
2.687581350000000313e+01
2.703002682500000020e+01
2.652716798800000220e+01
2.658331307000000265e+01
2.660272929500000316e+01
2.692576072000000309e+01
2.643527437200000207e+01
2.701070142100000027e+01
2.675236036000000084e+01
2.653848789900000327e+01
2.671284543000000156e+01
2.702950331400000294e+01
2.733085180000000136e+01
2.634941187900000159e+01
2.689263280300000147e+01
2.636879188600000035e+01
2.632582910200000015e+01
2.668333561800000098e+01
2.691804084700000033e+01
2.649710750300000228e+01
2.674184444600000177e+01
2.697047398900000204e+01
2.649064049600000104e+01
2.681351922800000054e+01
2.694735123700000301e+01
2.649410665000000265e+01
2.650677278700000272e+01
2.660115433600000046e+01
2.695048631700000286e+01
2.707675487900000277e+01
2.659767345300000230e+01
2.692753532000000050e+01
2.697103507700000335e+01
2.679570735800000136e+01
2.656580376500000185e+01
2.697495026500000037e+01
2.677653405400000253e+01
2.666215010200000179e+01
2.636912535700000149e+01
2.694584880200000043e+01
2.671840476900000283e+01
2.652089843900000332e+01
2.693165459100000092e+01
2.690948425500000241e+01
2.723302360200000294e+01
2.627431991999999994e+01
2.697689253500000106e+01
2.688190463200000124e+01
2.698024223200000193e+01
2.637851384100000018e+01
2.655113870600000325e+01
2.679490062200000011e+01
2.642492027000000121e+01
2.673065735500000173e+01
2.686246048200000303e+01
2.678341306900000163e+01
2.589471384400000176e+01
2.675325876500000177e+01
2.638252776900000285e+01
2.690989806900000048e+01
2.631447267500000109e+01
2.669413973900000059e+01
2.662790161400000244e+01
2.700455380600000055e+01
2.665053587900000309e+01
2.691613724800000185e+01
2.683456481300000007e+01
2.663415417600000268e+01
2.649575041700000000e+01
2.681761176900000265e+01
2.689814645800000292e+01
2.674451681500000078e+01
2.659029090500000336e+01
2.680548301100000330e+01
2.675263447400000061e+01
2.676429149500000193e+01
2.637238175300000265e+01
2.678399011000000129e+01
2.692880173300000024e+01
2.684852288600000136e+01
2.616217591800000264e+01
2.674900132700000199e+01
2.682643598300000320e+01
2.686468384800000209e+01
2.670589051299999994e+01
2.651824404900000332e+01
2.685834150200000181e+01
2.691294580700000338e+01
2.700727713900000282e+01
2.624624796000000160e+01
2.675776299600000030e+01
2.666432801900000271e+01
2.677173670200000188e+01
2.672000665600000247e+01
2.657862389200000308e+01
2.683703134100000298e+01
2.699806649000000291e+01
2.658280804000000330e+01
2.636283456900000033e+01
2.668765686900000134e+01
2.691864228600000075e+01
2.676834653700000288e+01
2.643731458500000286e+01
2.650171241700000024e+01
2.712219019300000156e+01
2.685998308000000279e+01
2.669249690200000202e+01
2.659374394300000333e+01
2.703836653800000178e+01
2.679111919400000019e+01
2.675482797300000115e+01
2.653791217800000268e+01
2.624013408900000144e+01
2.677370186600000324e+01
2.708639050300000051e+01
2.655462544000000236e+01
2.693156587300000027e+01
2.685026539000000056e+01
2.701179808100000201e+01
2.664446729800000213e+01
2.692583267600000241e+01
2.682588495200000267e+01
2.678646165299999993e+01
2.664795667899999998e+01
2.678552808300000265e+01
2.706700711900000300e+01
2.685436406800000242e+01
2.673069997600000036e+01
2.659680154000000130e+01
2.680484191800000104e+01
2.681736343600000083e+01
2.664028793300000331e+01
2.664107368200000181e+01
2.691948478800000188e+01
2.702273418200000066e+01
2.649825191700000104e+01
2.703814014700000001e+01
2.694936752999999996e+01
2.698883541700000066e+01
2.634012674300000256e+01
2.696763629000000151e+01
2.691182864000000308e+01
2.689058365400000028e+01
2.643158257800000044e+01
2.711198240700000284e+01
2.679480458000000098e+01
2.642021767800000021e+01
2.675628259700000200e+01
2.712798178400000282e+01
2.694455149200000221e+01
2.657980764500000248e+01
2.661346083100000115e+01
2.019142527900000061e+01
1.734235644900000040e+01
1.503842449800000125e+01
1.520719775900000137e+01
1.515444332700000096e+01
1.518398799800000099e+01
1.557062539000000179e+01
1.582921989300000121e+01
1.561918643800000162e+01
1.575294245800000148e+01
1.507110341300000123e+01
1.515316391600000046e+01
1.505066035800000179e+01
1.529490747000000184e+01
1.565535192200000125e+01
1.576989536800000025e+01
1.617862157000000067e+01
1.563242855400000053e+01
1.584161192200000023e+01
1.640544514200000137e+01
1.671746231600000243e+01
1.781057922900000179e+01
1.563715482200000118e+01
1.585073744300000165e+01
1.566160544800000132e+01
1.587065408700000013e+01
1.528241416600000058e+01
1.541822595300000032e+01
1.533027207500000166e+01
1.535812882500000143e+01
1.526485379500000050e+01
1.524433250800000117e+01
1.523188551100000154e+01
1.527824349300000151e+01
1.599774895600000058e+01
1.559194370500000026e+01
1.592497103000000180e+01
1.567728094000000105e+01
1.917506333000000041e+01
2.574810135500000285e+01
2.509177307800000278e+01
2.547527251300000017e+01
2.558280900400000135e+01
2.526020050700000041e+01
2.551010251400000328e+01
2.595807734800000333e+01
2.505196302500000272e+01
2.560572114600000049e+01
2.554754664700000077e+01
2.521016860500000334e+01
2.547350045399999985e+01
2.565388959100000221e+01
2.517236567200000152e+01
2.560779068300000105e+01
2.563064919400000008e+01
2.499123829000000185e+01
2.539950807600000005e+01
2.567927265900000222e+01
2.519730422300000328e+01
2.560727601000000320e+01
2.552471770600000056e+01
2.534286932800000258e+01
2.527618710100000143e+01
2.543563341000000122e+01
2.535692125000000274e+01
2.536785963800000232e+01
2.567834567300000259e+01
2.537009199100000245e+01
2.546339166899999995e+01
2.587800522100000222e+01
2.574573514400000107e+01
2.516936181300000186e+01
2.531576869300000254e+01
2.568707925900000077e+01
2.496322350700000214e+01
2.534942157200000068e+01
2.551775979800000016e+01
2.514766267500000296e+01
2.543875328400000058e+01
2.544417211800000089e+01
2.505578078899999994e+01
2.599672386000000301e+01
2.536293080900000163e+01
2.548177368200000004e+01
2.560924679600000076e+01
2.542893251600000326e+01
2.532507803000000024e+01
2.540861571800000007e+01
2.570044195000000187e+01
2.524042951800000267e+01
2.539519169900000151e+01
2.567136077900000046e+01
2.530124063100000242e+01
2.529339674200000232e+01
2.580730958100000194e+01
2.515713959300000013e+01
2.552074690000000246e+01
2.549978443600000233e+01
2.551279120700000291e+01
2.541028179500000306e+01
2.566360309900000303e+01
2.561113477600000010e+01
2.503771110400000310e+01
2.578583712000000006e+01
2.556875691000000117e+01
2.511942888300000121e+01
2.565913033800000065e+01
2.564499191900000241e+01
2.496558397800000151e+01
2.558977020400000058e+01
2.570195395000000005e+01
2.521633155900000034e+01
2.550028441200000273e+01
2.576475576700000047e+01
2.509953198200000202e+01
2.537105855400000110e+01
2.585173259700000159e+01
2.508358814600000031e+01
2.569468369700000210e+01
2.549572495100000324e+01
2.532113513100000191e+01
2.545051983600000156e+01
2.565652767400000300e+01
2.528757423600000109e+01
2.518999192200000081e+01
2.550441290200000211e+01
2.540014233200000149e+01
2.512024647500000185e+01
2.562670931500000293e+01
2.538490495400000313e+01
2.495001534500000062e+01
2.550471927900000324e+01
2.541408602100000280e+01
2.489413403400000036e+01
2.572920425700000280e+01
2.521966686900000099e+01
2.498077065000000019e+01
2.558821580800000106e+01
2.526597992499999989e+01
2.492052198700000076e+01
2.528219289700000161e+01
2.528323760600000014e+01
2.527411905800000014e+01
2.602671697500000292e+01
2.481227617500000093e+01
2.561004172300000192e+01
2.532183169600000028e+01
2.511582143000000045e+01
2.519167707200000095e+01
2.546603509200000204e+01
2.464414137400000016e+01
2.523637432599999997e+01
2.578142693500000249e+01
2.481640019600000002e+01
2.557601726300000067e+01
2.539090299000000073e+01
2.494149007100000048e+01
2.528786033600000138e+01
2.544125963900000187e+01
2.488019728300000111e+01
2.552676330300000274e+01
2.521550915200000276e+01
2.506252576300000001e+01
2.530866781100000296e+01
2.536502587800000086e+01
2.508199981200000295e+01
2.532040196900000240e+01
2.535129706200000044e+01
2.483917929000000058e+01
2.553774521100000072e+01
2.540801428900000047e+01
2.510500944900000064e+01
2.531471401800000010e+01
2.539818075900000238e+01
2.513291740400000052e+01
2.515929369400000226e+01
2.544027687400000204e+01
2.565345734500000319e+01
2.498183734600000250e+01
2.555522793200000109e+01
2.512810796800000190e+01
2.497093833200000290e+01
2.600216468900000066e+01
2.493345037400000308e+01
2.544093758700000052e+01
2.540933870200000300e+01
2.513103605800000295e+01
2.507237200100000152e+01
2.548770357700000133e+01
2.521237261600000323e+01
2.517848236200000045e+01
2.560518365100000082e+01
2.532261898500000186e+01
2.559336854900000091e+01
2.552713515300000324e+01
2.526137346600000200e+01
2.534437449700000045e+01
2.532217931100000285e+01
2.509794113900000312e+01
2.549176149000000180e+01
2.544535788499999995e+01
2.490938357500000322e+01
2.533175068800000318e+01
2.576802828900000009e+01
2.509773982400000136e+01
2.546213443000000254e+01
2.533190220100000190e+01
2.508998127400000300e+01
2.562463498199999989e+01
2.568472773000000231e+01
2.497296690400000330e+01
2.546367024800000323e+01
2.528507459500000110e+01
2.507211839600000047e+01
2.504738147800000192e+01
2.555388193300000310e+01
2.510072482200000010e+01
2.526614747600000044e+01
2.560700914800000305e+01
2.467958397499999990e+01
2.567907674000000284e+01
2.522898576200000065e+01
2.508196595900000148e+01
2.548391806300000084e+01
2.550646934500000285e+01
2.515609192200000166e+01
2.532420464800000204e+01
2.548680979900000310e+01
2.551315103300000331e+01
2.488921300600000208e+01
2.541005581800000002e+01
2.561869718200000179e+01
2.475441646100000170e+01
2.546198176000000046e+01
2.539561046800000099e+01
2.491032264600000090e+01
2.540717769700000161e+01
2.563638396600000036e+01
2.501771016000000003e+01
2.522531651200000269e+01
2.532487648700000094e+01
2.528642902600000042e+01
2.516719898200000216e+01
2.551193332500000110e+01
2.495080191000000269e+01
2.530104086000000052e+01
2.548597631200000180e+01
2.504850584500000110e+01
2.533380263600000148e+01
2.539735200000000148e+01
2.516794081600000155e+01
2.520963802900000061e+01
2.559151957500000307e+01
2.545488625000000127e+01
2.496344678400000205e+01
2.522161978300000129e+01
2.567162341800000291e+01
2.489066432200000278e+01
2.559360383799999994e+01
2.544715475900000001e+01
2.495348951100000079e+01
2.561386627400000293e+01
2.516383275300000122e+01
2.489484166000000087e+01
2.534572989400000154e+01
2.549622541900000172e+01
2.494216727700000291e+01
2.546900688900000276e+01
2.567958097800000061e+01
2.496353367000000034e+01
2.526569756399999989e+01
2.564372336899999993e+01
2.484179913300000209e+01
2.535099055900000309e+01
2.527543199600000179e+01
2.502952472700000186e+01
2.533758053000000032e+01
2.535379094000000322e+01
2.506956981300000109e+01
2.525102851000000115e+01
2.548863809000000202e+01
2.496060335100000316e+01
2.546716946000000092e+01
2.557831530400000020e+01
2.518424742900000268e+01
2.487040876400000045e+01
2.577523562400000046e+01
2.512467684000000290e+01
2.500090114700000044e+01
2.554366908800000147e+01
2.527165620300000271e+01
2.513119936200000026e+01
2.515901445100000089e+01
2.538588344100000072e+01
2.497737681999999992e+01
2.533002911600000218e+01
2.521431434400000171e+01
2.497198706800000068e+01
2.539219730800000008e+01
2.550925154100000114e+01
2.479705036000000007e+01
2.543400224600000215e+01
2.530742091400000149e+01
2.506348873900000029e+01
2.536006258900000176e+01
2.553148948600000168e+01
2.505458138000000190e+01
2.528495676400000036e+01
2.520064965900000331e+01
2.526796649799999983e+01
2.492263051400000151e+01
2.562858620400000120e+01
2.535038021900000160e+01
2.471530571400000298e+01
2.583865872600000202e+01
2.538485647900000330e+01
2.520420375100000143e+01
2.515220154800000074e+01
2.544827544300000000e+01
2.537232930900000127e+01
2.538710404600000103e+01
2.572361607600000255e+01
2.527074324700000219e+01
2.514827115599999985e+01
2.581607443600000096e+01
2.550097944500000224e+01
2.498541112400000230e+01
2.587129748600000312e+01
2.552648375500000100e+01
2.534876040400000008e+01
2.517740519500000218e+01
2.608278552400000194e+01
2.537170787500000202e+01
2.512455688800000075e+01
2.573645152899999999e+01
2.527072077900000124e+01
2.507422240400000035e+01
2.511520808900000290e+01
2.502951071000000027e+01
2.414225845300000017e+01
2.172519835399999977e+01
2.185081909300000191e+01
2.175159357400000104e+01
2.195550257300000041e+01
2.191051724000000078e+01
2.184512216000000251e+01
2.188720491800000190e+01
2.189792677700000212e+01
2.179860249100000047e+01
2.185273778400000211e+01
2.193451147800000101e+01
2.188745332700000290e+01
2.181598703200000244e+01
2.198704690499999970e+01
2.193404796200000106e+01
2.177394528000000307e+01
2.203342542500000079e+01
2.171347270700000109e+01
2.189553642400000300e+01
2.202413240000000272e+01
2.176205065400000294e+01
2.182282776000000268e+01
2.191855198600000065e+01
2.170935449000000261e+01
2.181106775000000297e+01
2.180838852600000166e+01
2.177335077700000099e+01
2.204463471000000041e+01
2.182269828600000139e+01
2.186761230100000120e+01
2.193290811500000004e+01
2.187083172900000250e+01
2.190390196100000253e+01
2.197409720799999988e+01
2.182707144900000173e+01
2.184951184800000235e+01
2.182813592500000155e+01
2.198820092600000109e+01
2.189427640799999963e+01
2.176796265700000177e+01
2.192823015100000106e+01
2.198420334500000095e+01
2.188368441800000141e+01
2.177000180699999987e+01
2.192201323300000126e+01
2.205276206300000297e+01
2.165473823600000003e+01
2.191495775400000312e+01
2.198172295200000192e+01
2.170924240100000091e+01
2.199472539000000282e+01
2.185711767400000127e+01
2.168107302299999972e+01
2.198233064700000128e+01
2.188270643400000282e+01
2.166975261800000041e+01
2.186592367900000156e+01
2.184907830400000250e+01
2.197190770799999981e+01
2.179578295199999971e+01
2.192807658999999987e+01
2.192558994600000233e+01
2.182161055000000260e+01
2.190584569199999976e+01
2.190235874100000046e+01
2.181263935200000148e+01
2.206655580700000030e+01
2.185331395400000076e+01
2.176587062000000117e+01
2.195606594500000242e+01
2.183994312800000159e+01
2.187236527299999977e+01
2.189257336600000059e+01
2.174924567300000078e+01
2.194555584900000156e+01
2.183586600900000008e+01
2.168673529100000152e+01
2.204900585500000076e+01
2.185766204300000126e+01
2.182180714500000107e+01
2.193622104199999967e+01
2.185127714400000087e+01
2.186008868600000099e+01
2.195165146100000086e+01
2.189283317299999965e+01
2.179321276599999990e+01
2.194162871700000039e+01
2.202425752999999986e+01
2.171734726400000071e+01
2.198464389900000171e+01
2.195573645600000035e+01
2.188204234600000220e+01
2.202415540200000166e+01
2.178810812300000066e+01
2.179379358699999969e+01
2.213854380400000110e+01
2.167845966900000221e+01
2.191371635800000206e+01
2.206471020500000080e+01
2.173233077600000129e+01
2.186705239300000159e+01
2.204169342500000184e+01
2.167552932200000271e+01
2.190843833499999960e+01
2.192455993300000117e+01
2.197102986900000232e+01
2.172184953900000082e+01
2.185301620899999975e+01
2.202030910100000227e+01
2.173943539200000075e+01
2.199808672800000053e+01
2.162390055400000222e+01
2.197613251200000306e+01
2.182157380700000004e+01
2.168104476100000255e+01
2.197162712900000159e+01
2.165155575300000024e+01
2.180178126300000230e+01
2.204551101500000243e+01
2.166528795900000048e+01
2.176868887400000219e+01
2.188038801800000144e+01
2.177400539300000304e+01
2.191531154700000172e+01
2.193622223600000254e+01
2.186455578900000063e+01
2.174332185200000112e+01
2.228339315700000256e+01
2.190859270900000055e+01
2.213079458700000046e+01
2.204591510100000207e+01
2.190778534000000022e+01
2.213828067100000041e+01
2.204992934700000262e+01
2.215612115200000076e+01
2.214196463600000087e+01
2.215687630000000041e+01
2.201614590300000174e+01
2.215782972800000294e+01
2.223395878700000239e+01
2.193976072700000302e+01
2.231930426799999978e+01
2.208768013000000252e+01
2.194400410100000087e+01
2.226223579500000227e+01
2.186617555800000190e+01
2.236363163100000051e+01
2.207879880400000161e+01
2.208788567800000280e+01
2.203971756800000037e+01
2.204985444200000089e+01
2.206112585400000015e+01
2.201372136400000201e+01
2.217123034300000128e+01
2.192575284400000157e+01
2.203822163100000253e+01
2.213303359800000081e+01
2.197043278700000002e+01
2.220910150799999982e+01
2.187850400499999992e+01
2.211221876500000150e+01
2.205293715900000251e+01
2.203705482400000193e+01
2.214769552000000274e+01
2.197081569100000209e+01
2.203289529000000257e+01
2.209315644300000159e+01
2.197823771600000242e+01
2.205625050400000120e+01
2.233579901400000267e+01
2.195425580100000218e+01
2.212994088000000303e+01
2.213688645000000221e+01
2.187347660800000071e+01
2.207178173900000218e+01
2.215462547899999990e+01
2.200300659500000222e+01
2.205380442300000254e+01
2.188003347100000084e+01
2.205312074400000100e+01
2.207627432199999973e+01
2.190895813700000261e+01
2.207675546300000136e+01
2.211892729700000260e+01
2.205836094800000069e+01
2.207521908000000010e+01
2.205525508500000242e+01
2.207115351200000219e+01
2.187087143400000144e+01
2.198423348100000041e+01
2.211737331900000214e+01
2.201519393700000293e+01
2.216934714699999986e+01
2.205984819300000055e+01
2.196571436400000010e+01
2.201919397700000047e+01
2.211722673300000253e+01
2.205899796000000279e+01
2.205627909200000047e+01
2.194766098800000265e+01
2.220218580800000296e+01
2.206263261600000192e+01
2.204144768800000165e+01
2.210531766800000142e+01
2.207579354699999996e+01
2.208269307700000184e+01
2.187040253600000028e+01
2.200314264200000025e+01
2.191892892899999978e+01
2.188955007700000266e+01
2.222359206300000167e+01
2.192375148700000054e+01
2.192298905600000225e+01
2.205989745100000121e+01
2.191669147500000037e+01
2.220956325500000261e+01
2.187306735700000004e+01
2.204102304100000254e+01
2.209305858100000108e+01
2.186846502100000222e+01
2.203318295900000123e+01
2.213984848000000127e+01
2.198961450500000225e+01
2.188010526300000080e+01
2.219078229300000160e+01
2.197844106900000227e+01
2.199739796000000069e+01
2.205773735000000002e+01
2.192282954900000291e+01
2.211060579500000145e+01
2.203671796400000105e+01
2.191320613700000308e+01
2.227123271500000001e+01
2.186769334200000259e+01
2.202297338300000007e+01
2.218007422800000228e+01
2.189821044600000022e+01
2.194323641600000130e+01
2.214770517400000216e+01
2.199956200900000169e+01
2.198874901200000309e+01
2.205041351800000271e+01
2.200722077200000015e+01
2.200242794700000104e+01
2.208791931000000019e+01
2.195252371000000124e+01
2.202997180000000199e+01
2.217484193100000311e+01
2.188128614900000102e+01
2.203042343999999986e+01
2.201762984000000145e+01
2.180571273099999985e+01
2.227756890800000278e+01
2.194228292200000041e+01
2.197769008600000262e+01
2.217522288700000033e+01
2.187806660300000061e+01
2.200981825200000230e+01
2.194725103800000099e+01
2.185819562800000071e+01
2.228376663800000301e+01
2.184916818000000305e+01
2.199396807900000184e+01
2.220456546100000139e+01
2.196515202100000153e+01
2.203795281900000091e+01
2.224650493800000106e+01
2.203941551800000198e+01
2.198193294400000042e+01
2.204294645800000296e+01
2.195613508499999966e+01
2.199069015600000299e+01
2.217109476700000315e+01
2.183202075000000164e+01
2.214784222200000130e+01
2.201556787300000195e+01
2.197778051400000265e+01
2.220740202400000030e+01
2.194059437900000020e+01
2.195162453000000014e+01
2.215253941699999984e+01
2.199395072200000101e+01
2.200397202500000304e+01
2.202071688200000210e+01
2.193837110300000148e+01
2.203802573500000150e+01
2.194944319500000063e+01
2.194492707400000242e+01
2.219250451400000301e+01
2.195000374800000031e+01
2.191191423200000088e+01
2.227736928000000205e+01
2.193798170200000186e+01
2.201598949999999988e+01
2.217861031500000024e+01
2.194721643000000100e+01
2.210212422100000040e+01
2.208406728000000285e+01
2.204967838600000007e+01
2.209579165500000286e+01
2.217184652700000314e+01
2.182558544200000128e+01
2.208161379100000232e+01
2.208741456599999964e+01
2.202973771100000278e+01
2.221244589200000163e+01
2.190190763100000026e+01
2.201208268700000303e+01
2.207061506800000217e+01
2.202812966700000175e+01
2.207560864200000239e+01
2.186007900000000248e+01
2.208156748500000077e+01
2.204992556000000192e+01
2.193366437400000279e+01
2.215051075600000274e+01
2.208598776200000202e+01
2.199503299400000245e+01
2.201101835000000051e+01
2.197124037400000063e+01
2.211946411300000292e+01
2.192165273500000211e+01
2.207549970200000189e+01
2.225371195099999966e+01
2.181412328000000045e+01
2.221867881800000077e+01
2.192579178400000117e+01
2.205145034999999964e+01
2.207176351200000042e+01
2.190744768200000081e+01
2.217414368400000058e+01
2.203257883800000272e+01
2.189462923199999977e+01
2.231611188800000178e+01
2.186841468900000152e+01
2.205132056900000137e+01
2.219234592800000172e+01
2.183628177699999995e+01
2.203332881400000076e+01
2.212720900400000090e+01
2.196926462600000107e+01
2.201737263400000089e+01
2.196701166400000105e+01
2.201338335200000174e+01
2.209109014300000240e+01
2.190079821800000204e+01
2.206054428200000217e+01
2.201206732099999996e+01
2.208440848300000070e+01
2.186639235500000211e+01
2.213988449800000069e+01
2.192109129400000000e+01
2.203188642300000311e+01
2.215843149300000192e+01
2.192051400600000122e+01
2.204111129500000033e+01
2.207114994700000210e+01
2.186361580200000176e+01
2.214212124600000209e+01
2.200209218900000252e+01
2.194606154200000248e+01
2.206372491900000199e+01
2.195943410399999962e+01
2.201757543500000125e+01
2.201427642900000237e+01
2.192941999000000308e+01
2.222873666999999998e+01
2.202748861000000247e+01
2.196279907799999975e+01
2.211515527100000256e+01
2.183763593100000122e+01
2.210202336200000062e+01
2.204969641400000313e+01
2.207114703100000241e+01
2.199360771300000295e+01
2.190727414100000203e+01
2.219570620100000014e+01
2.179587755000000016e+01
2.219618890699999980e+01
2.197128045300000210e+01
2.195007680700000208e+01
2.214532961700000158e+01
2.195266556300000005e+01
2.225021066600000097e+01
2.202888903000000198e+01
2.184456379000000226e+01
2.213196197100000262e+01
2.202262183300000231e+01
2.201641724799999977e+01
2.204629257800000275e+01
2.204172866900000116e+01
2.202518511999999973e+01
2.204630462100000088e+01
2.201309147999999993e+01
2.182518994200000151e+01
2.214062851100000273e+01
2.202098914800000173e+01
2.187985925300000289e+01
2.221200544500000262e+01
2.202206869000000111e+01
2.196385028699999964e+01
2.222077180600000190e+01
2.178721850400000193e+01
2.199704881600000306e+01
2.216831832300000116e+01
2.184091543500000299e+01
2.218864266699999988e+01
2.198203278100000091e+01
2.179083036900000181e+01
2.222723139500000045e+01
2.194213176999999959e+01
2.200775777700000191e+01
2.238637660000000196e+01
2.184219732100000044e+01
2.199712660900000216e+01
2.210862506500000180e+01
2.191667217300000203e+01
2.192928588100000198e+01
2.215959590200000306e+01
2.193714892700000263e+01
2.186370864000000225e+01
2.220438081300000022e+01
2.183061280300000107e+01
2.190666368900000194e+01
2.210627079500000036e+01
2.182888600500000109e+01
2.200597113799999960e+01
2.195268787900000262e+01
2.180113328300000219e+01
2.230975373500000103e+01
2.178444490100000053e+01
2.180440740300000257e+01
2.229143546999999970e+01
2.181370126700000256e+01
2.199290315200000023e+01
2.207621815700000312e+01
2.193443481699999964e+01
2.189633906600000302e+01
2.198471888899999982e+01
2.206712780700000209e+01
2.189156564199999977e+01
2.191400711600000051e+01
2.195708383800000263e+01
2.217276221200000208e+01
2.191412755300000015e+01
2.192237716600000041e+01
2.211590973400000237e+01
2.190653916200000140e+01
2.187672521500000045e+01
2.230107517800000139e+01
2.182668463999999986e+01
2.192161078900000248e+01
2.221330937200000122e+01
2.175916051800000162e+01
2.197127247000000239e+01
2.183643491000000125e+01
2.195799335300000266e+01
2.213344981600000239e+01
2.184320922100000217e+01
2.182791182300000088e+01
2.197037658200000010e+01
2.188545596200000176e+01
2.200981054700000072e+01
2.207107183500000147e+01
2.177888369900000143e+01
2.194181159300000061e+01
2.203531632400000007e+01
2.203385416800000129e+01
2.186131833399999991e+01
2.185197113500000299e+01
2.208802773600000080e+01
2.197449603900000170e+01
2.193494507800000193e+01
2.204769125099999982e+01
2.205906212600000060e+01
2.198124308300000251e+01
2.200352295700000127e+01
2.221588470600000065e+01
2.177924542600000279e+01
2.190562474100000045e+01
2.203511272000000076e+01
2.187820436200000174e+01
2.211535969900000254e+01
2.202542789000000312e+01
2.186728184000000041e+01
2.222119771700000257e+01
2.191813744899999961e+01
2.197816516500000006e+01
2.233112048100000280e+01
2.180640549299999975e+01
2.199988838600000207e+01
2.220182616800000019e+01
2.197272177400000004e+01
2.194022988000000041e+01
2.211077941899999999e+01
2.202824349200000142e+01
2.198912462700000248e+01
2.223692517100000288e+01
2.182129185800000215e+01
2.210812589200000033e+01
2.220736491100000265e+01
2.181938130300000012e+01
2.235378584300000071e+01
2.188609275399999987e+01
2.198370713899999984e+01
2.230677204100000210e+01
2.191035339100000101e+01
2.200186528000000052e+01
2.234329730700000027e+01
2.189187378900000169e+01
2.188278262600000090e+01
2.228461402000000291e+01
2.204136813300000242e+01
2.187820070500000114e+01
2.212007312000000070e+01
2.199614086100000065e+01
2.202760101400000181e+01
2.221221025500000223e+01
2.184319316400000233e+01
2.210505139500000027e+01
2.200720268300000271e+01
2.184390846100000161e+01
2.224078584700000150e+01
2.194767283400000224e+01
2.187208252900000005e+01
2.242220003000000261e+01
2.190714178300000015e+01
2.208199010800000295e+01
2.237391695500000210e+01
2.193333290900000065e+01
2.217091255500000102e+01
2.217125918200000001e+01
2.172742590100000015e+01
2.196730945400000223e+01
2.220287431000000211e+01
2.179934095600000177e+01
2.202208143500000048e+01
2.218541670600000160e+01
2.182852941000000158e+01
2.217452587700000066e+01
2.189276903000000019e+01
2.180668163400000026e+01
2.217907227800000314e+01
2.184038743500000024e+01
2.201978813300000226e+01
2.225380080800000115e+01
2.196897839800000085e+01
2.207880162300000038e+01
2.215002995600000091e+01
2.200758278900000064e+01
2.207289692100000167e+01
2.221674110300000038e+01
2.180876319400000085e+01
2.214469748800000204e+01
2.215709379800000178e+01
2.182426971800000004e+01
2.220117076300000036e+01
2.204237918300000132e+01
2.183079580400000097e+01
2.221062375900000063e+01
2.197729497899999984e+01
2.202632932000000210e+01
2.229661834300000223e+01
2.183837777500000144e+01
2.211206662000000023e+01
2.219570258100000260e+01
2.199615903600000166e+01
2.198395346300000242e+01
2.228517425100000082e+01
2.189630746500000313e+01
2.200718624499999976e+01
2.231815484100000191e+01
2.188213692500000107e+01
2.209678296700000288e+01
2.220004709500000217e+01
2.184401157900000001e+01
2.224890004300000257e+01
2.205468772700000102e+01
2.201824998700000080e+01
2.212074778300000233e+01
2.198562563900000200e+01
2.213772222900000131e+01
2.204695695300000224e+01
2.229105962400000251e+01
2.202609297700000113e+01
2.220286517799999970e+01
2.194772211300000109e+01
2.208518448999999961e+01
2.228267794100000287e+01
2.188286375200000222e+01
2.222196300700000293e+01
2.220602622500000223e+01
2.187931092100000185e+01
2.228529490400000057e+01
2.200450453100000203e+01
2.212897556600000115e+01
2.201820269100000260e+01
2.205503793200000118e+01
2.223533042900000112e+01
2.199959899300000288e+01
2.217119379100000032e+01
2.207291367000000193e+01
2.207481503300000014e+01
2.209497328100000146e+01
2.198503265300000109e+01
2.212613466300000198e+01
2.203323502000000289e+01
2.221620673400000001e+01
2.200579890300000230e+01
2.198657838600000147e+01
2.217711368200000166e+01
2.197007174300000187e+01
2.217188583900000154e+01
2.209469741900000272e+01
2.197509047000000137e+01
2.218908044100000154e+01
2.196818663900000246e+01
2.214672410300000038e+01
2.194090007900000217e+01
2.204946675400000089e+01
2.210172653800000120e+01
2.201246101899999985e+01
2.213481146300000191e+01
2.201022461100000172e+01
2.214846790200000015e+01
2.204206851800000067e+01
1.838150126900000103e+01
2.670342471400000051e+01
2.677682155600000158e+01
2.657706800300000083e+01
2.630245964100000222e+01
2.692575732500000285e+01
2.662584777100000011e+01
2.643033524500000198e+01
2.664017441900000094e+01
2.690296954000000085e+01
2.641820463000000174e+01
2.688708186500000252e+01
2.709214371500000240e+01
2.639958719900000261e+01
2.656315463200000337e+01
2.673290283200000061e+01
2.652461141500000252e+01
2.671325545100000198e+01
2.694145200100000181e+01
2.208007533900000041e+01
2.182078174100000112e+01
2.485053095000000312e+01
2.331889631399999985e+01
2.197954093899999961e+01
2.194125579299999984e+01
2.209600645400000118e+01
2.513811466800000005e+01
2.679566904200000010e+01
2.616148468300000118e+01
2.683925415900000289e+01
2.615811765200000139e+01
2.681602243300000055e+01
2.693813411700000060e+01
2.621421836100000036e+01
2.672301425500000249e+01
2.697222286200000241e+01
2.616881066800000255e+01
2.680673138000000222e+01
2.694235204200000311e+01
2.652980843000000277e+01
2.676264119000000008e+01
2.676864884700000147e+01
2.650545442400000340e+01
2.674799429100000125e+01
2.709625087800000287e+01
2.661793342500000037e+01
2.636756233400000227e+01
2.697531382700000080e+01
2.686339777700000298e+01
2.606568413200000123e+01
2.687829482100000078e+01
2.684621565400000165e+01
2.637855420300000020e+01
2.646451971500000155e+01
2.714446010900000061e+01
2.644269014400000017e+01
2.640736590600000255e+01
2.673933963800000058e+01
2.649965263100000001e+01
2.587486417300000241e+01
2.657870113800000311e+01
2.695051458200000027e+01
2.627821342700000073e+01
2.630071804300000338e+01
2.672183642300000272e+01
2.633786600200000194e+01
2.618945237400000181e+01
2.680880065400000234e+01
2.695193430500000176e+01
2.596671916600000074e+01
2.657665933100000188e+01
2.682039783100000108e+01
2.626672200700000204e+01
2.660683822500000062e+01
2.652303904000000045e+01
2.644401148500000076e+01
2.606339896700000125e+01
2.653989913500000242e+01
2.699228143000000202e+01
2.616602608300000199e+01
2.652272946200000092e+01
2.661369119400000116e+01
2.639237305500000019e+01
2.610988394200000329e+01
2.640706931500000110e+01
2.675777361000000099e+01
2.593168063000000245e+01
2.650894962200000293e+01
2.690770236100000190e+01
2.614641019700000157e+01
2.684864411500000259e+01
2.671043861400000097e+01
2.626981899100000106e+01
2.620535833799999992e+01
2.692953514600000275e+01
2.663336676000000125e+01
2.596875348900000091e+01
2.708126936400000062e+01
2.655953225100000026e+01
2.640333649900000168e+01
2.676891898700000283e+01
2.671606178100000051e+01
2.633671060700000055e+01
2.643143358500000062e+01
2.706646953400000299e+01
2.686523398900000004e+01
2.652353584200000114e+01
2.682882183000000254e+01
2.697132631100000211e+01
2.651289631200000230e+01
2.670565483900000103e+01
2.699557651699999994e+01
2.671837106999999989e+01
2.655028836200000342e+01
2.687235880900000140e+01
2.694331730600000085e+01
2.659038142300000018e+01
2.679100768000000343e+01
2.696373074600000308e+01
2.658843080700000172e+01
2.649751126300000337e+01
2.688377540100000118e+01
2.698118548700000119e+01
2.658764375400000191e+01
2.679603203200000294e+01
2.691324453500000047e+01
2.640589276200000057e+01
2.637698638600000223e+01
2.701807935900000146e+01
2.693686161400000145e+01
2.629258997300000189e+01
2.658766100400000099e+01
2.695138093300000293e+01
2.644978747300000066e+01
2.649332740100000194e+01
2.712361625200000148e+01
2.683436423800000270e+01
2.641647478500000190e+01
2.675969660300000186e+01
2.692969117200000184e+01
2.665945663100000118e+01
2.677726963200000299e+01
2.667009424100000103e+01
2.625233104500000181e+01
2.677580574999999996e+01
2.686195055900000028e+01
2.673081350100000009e+01
2.606803539800000280e+01
2.671263089000000335e+01
2.693647688500000115e+01
2.612638080900000048e+01
2.702944561800000045e+01
2.672341049700000326e+01
2.663544187300000132e+01
2.649119702300000156e+01
2.688892091600000001e+01
2.694504580300000285e+01
2.631887704800000094e+01
2.682777849200000020e+01
2.675436307500000055e+01
2.645134722000000238e+01
2.670160891600000141e+01
2.684023622600000181e+01
2.674171487200000286e+01
2.607344465400000288e+01
2.693735801300000077e+01
2.693525288200000034e+01
2.623740156700000270e+01
2.679273432900000174e+01
2.673988461900000146e+01
2.641778260300000269e+01
2.678123220900000234e+01
2.674839650200000207e+01
2.685623649300000082e+01
2.671195554000000172e+01
2.688847945100000203e+01
2.675239901500000173e+01
2.652281089300000261e+01
2.695125978700000147e+01
2.696907310400000313e+01
2.624996048800000281e+01
2.679072301400000100e+01
2.700409487200000314e+01
2.643282274800000309e+01
2.683731949700000285e+01
2.668218916800000073e+01
2.682074351400000012e+01
2.639233691400000126e+01
2.679362642200000266e+01
2.667451720900000112e+01
2.626649960400000339e+01
2.676549659200000164e+01
2.666711294100000273e+01
2.700032476200000175e+01
2.628209333900000289e+01
2.659126613900000180e+01
2.667536654900000315e+01
2.636293787700000024e+01
2.664844397000000242e+01
2.645947813600000131e+01
2.703551969400000132e+01
2.640134374200000167e+01
2.660944194400000029e+01
2.676560399800000312e+01
2.636551538700000208e+01
2.628042229800000129e+01
2.664219075600000153e+01
2.682889988100000167e+01
2.640725190600000261e+01
2.667604176000000038e+01
2.697689542500000215e+01
2.664154114800000173e+01
2.636753731800000011e+01
2.679870737900000321e+01
2.685865873200000209e+01
2.623872000400000104e+01
2.665812045900000271e+01
2.703796160900000345e+01
2.668579646700000296e+01
2.646791919400000026e+01
2.641306893500000186e+01
2.686047865200000118e+01
2.624124261900000121e+01
2.637726372400000230e+01
2.699632397000000239e+01
2.641893585300000069e+01
2.634334782800000241e+01
2.663472093700000087e+01
2.703614762700000185e+01
2.629082549600000007e+01
2.644156525300000027e+01
2.688235271400000315e+01
2.634694972800000201e+01
2.641484431400000332e+01
2.667114154900000145e+01
2.700480410300000145e+01
2.618902530600000134e+01
2.636190307800000099e+01
2.689999296500000270e+01
2.635211205500000275e+01
2.650135025600000205e+01
2.649710861000000151e+01
2.658836985700000000e+01
2.576964532300000243e+01
2.649160325300000096e+01
2.692459485500000227e+01
2.585773225000000153e+01
2.606836723400000011e+01
2.644014003800000268e+01
2.623434030800000016e+01
2.622408285400000238e+01
2.636852863100000022e+01
2.626430294900000106e+01
2.635685988200000196e+01
2.672142502200000180e+01
2.600990994100000009e+01
2.596452869900000238e+01
2.668884327300000336e+01
2.655029474300000203e+01
2.603178043200000147e+01
2.654104749400000074e+01
2.664724476800000019e+01
2.578423356200000072e+01
2.627732083200000091e+01
2.664661527600000213e+01
2.603682767300000123e+01
2.648416124100000246e+01
2.646003121100000044e+01
2.621981340600000010e+01
2.607967691300000013e+01
2.666300364700000003e+01
2.657939346300000238e+01
2.587376647200000335e+01
2.648076352300000025e+01
2.673034701400000301e+01
2.573002203500000107e+01
2.628738831000000076e+01
2.671789948400000014e+01
2.638181831600000038e+01
2.621626757400000329e+01
1.637689208800000173e+01
1.533734136400000025e+01
1.531893420700000163e+01
1.525745073400000074e+01
1.557303183700000027e+01
1.549355808000000145e+01
1.536460153300000009e+01
1.535879590300000075e+01
1.544906135800000158e+01
1.540586032500000080e+01
1.542428360600000126e+01
1.519341295800000147e+01
1.551752909200000019e+01
1.536645627100000056e+01
1.542893643300000051e+01
1.540552054900000023e+01
1.562725452300000129e+01
1.554926357800000147e+01
1.537070062000000092e+01
1.538731610200000155e+01
1.551121704700000059e+01
1.559554309000000138e+01
1.546864505400000134e+01
1.541941128100000036e+01
1.553483652600000120e+01
1.539591022200000126e+01
1.750563875199999941e+01
1.591362790000000160e+01
1.500222382100000118e+01
1.525292668700000043e+01
1.492290658800000180e+01
1.493404977500000008e+01
1.525809442100000091e+01
1.523769331400000127e+01
1.486390974400000076e+01
1.480179345600000040e+01
1.638002056200000212e+01
2.516314022100000258e+01
1.489146957600000043e+01
1.526755219800000063e+01
1.505722716900000080e+01
1.503206402400000030e+01
1.513723426100000147e+01
1.508978523300000063e+01
1.501263741100000182e+01
1.510905729300000111e+01
1.529519496700000047e+01
1.524406807500000127e+01
1.553954604100000125e+01
1.542035940500000102e+01
1.496988205300000097e+01
1.539256695400000119e+01
1.543596559500000076e+01
1.579284947000000017e+01
1.508285654900000061e+01
1.482122878100000030e+01
1.523569036000000132e+01
1.529961659600000168e+01
1.496423863500000095e+01
1.492831568900000150e+01
1.544403064300000139e+01
1.535345512600000184e+01
1.495654933400000175e+01
1.505713270100000045e+01
1.525923137600000068e+01
1.526740008500000023e+01
1.490669793200000015e+01
1.485726484900000166e+01
1.518662079700000156e+01
1.540756907400000131e+01
1.522000709200000124e+01
1.511285257200000132e+01
1.509972841200000104e+01
1.495587534400000074e+01
1.508402822000000043e+01
1.508835337500000051e+01
1.520464020600000055e+01
1.512897581700000060e+01
1.513266672100000143e+01
1.489119044400000114e+01
1.548582949600000092e+01
1.516651980300000169e+01
1.576642869200000163e+01
1.528028726000000148e+01
1.489688700900000029e+01
1.495752725400000038e+01
1.556695977100000050e+01
1.513312869600000177e+01
1.519812271700000039e+01
1.524348155700000085e+01
1.551057900700000047e+01
1.697743709300000248e+01
2.593273673100000210e+01
2.514991322700000254e+01
2.575472317400000222e+01
2.558163114600000299e+01
2.554873217100000105e+01
2.515793248200000320e+01
2.619411669500000173e+01
2.556364471200000210e+01
2.466748615900000274e+01
2.602779007000000178e+01
2.546552219300000175e+01
2.488475897800000070e+01
2.553431214400000115e+01
2.549200406200000302e+01
2.467915465100000105e+01
2.543545606200000009e+01
2.548097786700000000e+01
2.483476554400000325e+01
2.578378071800000271e+01
2.583690923800000050e+01
2.531713013400000278e+01
2.598096495100000070e+01
2.552735529300000294e+01
2.558232304200000229e+01
2.586525833900000038e+01
2.565713008400000206e+01
2.527854110900000251e+01
2.540381544500000288e+01
2.557369574900000231e+01
2.557285641200000015e+01
2.569033941500000040e+01
2.562036769700000249e+01
2.545406025800000194e+01
2.521753074800000149e+01
2.521841470400000063e+01
2.527131951400000176e+01
2.531823340300000069e+01
2.488411083000000090e+01
2.560597968100000088e+01
2.515763223300000107e+01
2.525091971000000157e+01
2.603724032100000230e+01
2.494007356200000203e+01
2.526849985700000190e+01
2.558532134000000013e+01
2.550060514500000153e+01
2.494576698000000192e+01
2.546075639500000065e+01
2.578683129400000240e+01
2.485425541200000055e+01
2.588026273400000221e+01
2.574287962700000065e+01
2.551112117800000334e+01
2.565337711000000098e+01
2.537973633800000073e+01
2.628730001300000296e+01
2.570197171900000299e+01
2.557828316500000199e+01
2.590275346399999989e+01
2.551866462200000285e+01
2.554775636500000147e+01
2.551330025300000059e+01
2.595369392100000283e+01
2.574592549000000119e+01
2.559725857900000179e+01
2.606734242300000304e+01
2.554823291300000321e+01
2.553797107200000127e+01
2.575080780500000088e+01
2.548771693800000193e+01
2.560533142100000248e+01
2.541034357000000199e+01
2.604922027600000334e+01
2.515263883200000095e+01
2.543814346899999990e+01
2.602068178800000098e+01
2.503460361700000192e+01
2.545980383400000235e+01
2.505646936900000199e+01
2.610405329800000018e+01
2.562958804900000231e+01
2.508217746500000089e+01
2.560404424500000076e+01
2.542174639899999988e+01
2.557240616500000030e+01
2.548124644900000035e+01
2.620750576400000043e+01
2.584633219100000190e+01
2.574724776600000098e+01
2.557105146200000334e+01
2.562316264600000082e+01
2.536279366900000198e+01
2.534493485500000176e+01
2.602403698300000201e+01
2.501415847400000203e+01
2.510604537000000036e+01
2.583135371000000191e+01
2.495875086000000209e+01
2.546557488100000199e+01
2.514043080000000074e+01
2.539600738600000085e+01
2.539475927600000205e+01
2.490684823700000194e+01
2.576138502800000296e+01
2.535221723600000132e+01
2.526469474499999990e+01
2.539751336900000211e+01
2.618104808400000039e+01
2.604325580900000148e+01
2.521653743700000305e+01
2.616714809600000180e+01
2.583490685300000322e+01
2.555991573300000042e+01
2.561830841100000100e+01
2.573270918400000085e+01
2.549979234000000261e+01
2.537157798900000216e+01
2.604505160200000091e+01
2.555446962600000305e+01
2.486512161799999987e+01
2.592232513800000149e+01
2.530821417800000006e+01
2.540970056900000174e+01
2.617065446600000200e+01
2.604640408300000232e+01
2.556675139700000088e+01
2.563707410900000028e+01
2.608417898100000087e+01
2.545938236000000288e+01
2.518769425700000042e+01
2.520554106200000177e+01
2.559292555400000069e+01
2.591367384300000154e+01
2.545987107900000268e+01
2.547856174900000070e+01
2.567188496200000003e+01
2.566160423800000245e+01
2.583063285700000122e+01
2.513673414000000150e+01
2.605871490300000204e+01
2.563025611700000184e+01
2.558541670299999993e+01
2.550020800300000090e+01
2.701509616400000269e+01
2.573610056700000115e+01
1.613292209900000174e+01
1.514828376900000073e+01
