-3.946421424086021094e-07
-1.282841207640334993e-06
-1.734219888315031873e-06
-1.947454855985944042e-06
-2.675842332471733506e-06
-3.122902051928207206e-06
-3.269474773174799294e-06
-3.836576229214089159e-06
-4.270451440362990943e-06
-4.396459055803588186e-06
-4.806481623731934294e-06
-5.220944606512704473e-06
-5.336982060469589598e-06
-5.614911218605174602e-06
-5.993223637542565835e-06
-6.102289498695152975e-06
-6.275483518973564448e-06
-6.602406346600370632e-06
-6.700095775605820035e-06
-6.798046473213093465e-06
-7.057065281792729986e-06
-7.140768292488677085e-06
-7.186755925220241750e-06
-7.363355271779356436e-06
-7.437643976845247419e-06
-7.437330543098666075e-06
-7.534027241017604120e-06
-7.595883649864400367e-06
-7.548742566931563309e-06
-7.581601592815955545e-06
-7.613239109099402389e-06
-7.529852077876703043e-06
-7.506823513593490490e-06
-7.494225837299145554e-06
-7.386856330264722506e-06
-7.306951332272083653e-06
-7.248668601238785865e-06
-7.118727106180183380e-06
-6.984981863247588575e-06
-6.881717786546252863e-06
-6.726178221940002179e-06
-6.544204276370852844e-06
-6.396909795261412753e-06
-6.211586320863849399e-06
-5.987770804761336136e-06
-5.798018538243778118e-06
-5.577796657617859959e-06
-5.321255071624082393e-06
-5.086678234972481456e-06
-4.832751897450002366e-06
-4.547995339489817601e-06
-4.268347006864589307e-06
-3.985694022770170142e-06
-3.671461929376582575e-06
-3.354002507599763997e-06
-3.043585884857717848e-06
-2.701366770595918633e-06
-2.354668568571660413e-06
-2.016058607765988349e-06
-1.651592734578327308e-06
-1.281674794347947358e-06
-9.176884975478172959e-07
-5.375542423387051573e-07
-1.496725641828967534e-07
2.334075080340468433e-07
6.230273608116358043e-07
1.022503382722906771e-06
1.416094185805430988e-06
1.808951227271158076e-06
2.211821226891487635e-06
2.605737962900258543e-06
2.995170192869446293e-06
3.390539667685549486e-06
3.774603613393367727e-06
4.151881004065347031e-06
4.527203776893073184e-06
4.891819542074771263e-06
5.244615908951665492e-06
5.588680351158386627e-06
5.922164756116371606e-06
6.237075304069472115e-06
6.539155141628973435e-06
6.827077135275888790e-06
7.091404599735448896e-06
7.338301695110097780e-06
7.565273386047355104e-06
7.764904648993584788e-06
7.940698843679028395e-06
8.090248211754273239e-06
8.208643721341915173e-06
8.295819338627041445e-06
8.351064098932803046e-06
8.371471990076986459e-06
8.354223957421911314e-06
8.301998729947564993e-06
8.212117795767367778e-06
8.082215015763828301e-06
7.917013230985589427e-06
7.713643816662666753e-06
7.472228049555207020e-06
7.196115592217365844e-06
6.883823655393193540e-06
6.536187517598747816e-06
6.153919074914245872e-06
5.737497270993532551e-06
5.285905880871723765e-06
4.798793024543243532e-06
4.277592473575689795e-06
3.720034234962905624e-06
3.127052564280172634e-06
2.500504386994147806e-06
1.839226295756454942e-06
1.145272107037673700e-06
4.199125633330806576e-07
-3.373059927402118889e-07
-1.125566702822371994e-06
-1.945118418096667127e-06
-2.796295911423037380e-06
-3.680095161628573675e-06
-4.597028114253230146e-06
-5.547295163402299727e-06
-6.532874704364819939e-06
-7.553488165346331367e-06
-8.609891207430070295e-06
-9.703627817685636054e-06
-1.083419781114833428e-05
-1.200265939180632544e-05
-1.320939722824201574e-05
-1.445442262210903024e-05
-1.573811032536135887e-05
-1.706032579141581018e-05
-1.842144290936487981e-05
-1.982095017698545607e-05
-2.125876824835654802e-05
-2.273495712773441232e-05
-2.424841909205792775e-05
-2.579897750386991390e-05
-2.738585691944618131e-05
-2.900762024424486882e-05
-3.066349404457898386e-05
-3.235185543184713883e-05
-3.407116354565402908e-05
-3.581980512388580474e-05
-3.759581812745114955e-05
-3.939748771625224054e-05
-4.122249038979285948e-05
-4.306894276234791302e-05
-4.493469011082397603e-05
-4.681712064171377098e-05
-4.871418513730665727e-05
-5.062302755307029184e-05
-5.254088498074764856e-05
-5.446506547878186903e-05
-5.639238943129298376e-05
-5.832006800134937431e-05
-6.024510873275832164e-05
-6.216479015689294226e-05
-6.407659665638123136e-05
-6.597803413695351533e-05
-6.786715489582806284e-05
-6.974182994652993969e-05
-7.160006777766270614e-05
-7.343999016484639535e-05
-7.525924135442458381e-05
-7.705559786892503531e-05
-7.882659894761902080e-05
-8.056959028992748671e-05
-8.228211032440620914e-05
-8.396152511484299781e-05
-8.560549958404003491e-05
-8.721178107093986189e-05
-8.877828670393619567e-05
-9.030332298575876335e-05
-9.178513971623451578e-05
-9.322235458551354878e-05
-9.461363665544182298e-05
-9.595761456256361591e-05
-9.725314715680499658e-05
-9.849893297871527168e-05
-9.969380982085368178e-05
-1.008367113717390434e-04
-1.019266075303827446e-04
-1.029627275187942393e-04
-1.039443034084676273e-04
-1.048707493079429270e-04
-1.057415666394623510e-04
-1.065562120486881527e-04
-1.073142771447932491e-04
-1.080152017729460500e-04
-1.086583815283935294e-04
-1.092432220806211158e-04
-1.097690477153291232e-04
-1.102354150648361837e-04
-1.106420798176574634e-04
-1.109891343115484053e-04
-1.112770998566648192e-04
-1.115067566553660752e-04
-1.116792368991313737e-04
-1.117957761233009451e-04
-1.118576466389690788e-04
-1.122647234997660058e-04
-1.131174552509135809e-04
-1.134806941211218993e-04
-1.135603673976003292e-04
-1.141127521133920007e-04
-1.143366128386009089e-04
-1.142205206779970972e-04
-1.144840277389949900e-04
-1.145714584670027902e-04
-1.143129765693407196e-04
-1.142915159895103902e-04
-1.142236143277510169e-04
-1.138000983388481337e-04
-1.134611840577576453e-04
-1.131312159929837914e-04
-1.124284400416923765e-04
-1.116775407846675973e-04
-1.109779949763301318e-04
-1.099809878736657373e-04
-1.089614806101634587e-04
-1.081323228985844447e-04
-1.072192753394636631e-04
-1.064020537337217928e-04
-1.058707453016356618e-04
-1.054088301198934021e-04
-1.050339914440309946e-04
-1.048936912367550908e-04
-1.048351464844861299e-04
-1.047548945756005743e-04
-1.048100078749801626e-04
-1.048961616995957772e-04
-1.048797975058264430e-04
-1.049134971053327579e-04
-1.049345800086842241e-04
-1.048353282641946844e-04
-1.047325993059225149e-04
-1.046273104846383653e-04
-1.044432909825400001e-04
-1.042590154674361621e-04
-1.041242644467423170e-04
-1.039734642732750868e-04
-1.038398300665654972e-04
-1.037890961575758849e-04
-1.037529970857909860e-04
-1.037298217922947728e-04
-1.037848990234588353e-04
-1.038488290560475672e-04
-1.039058651049623187e-04
-1.039952973076402814e-04
-1.040600432925347486e-04
-1.040697864738581075e-04
-1.040392937521694645e-04
-1.039499971955286562e-04
-1.037713557465567310e-04
-1.035381002540050865e-04
-1.032798095387125255e-04
-1.029857679250121172e-04
-1.027108713044827439e-04
-1.024916476308236759e-04
-1.023134058539133643e-04
-1.022035449718588292e-04
-1.021727774877246567e-04
-1.021990232491918395e-04
-1.022875473399325648e-04
-1.024477981872023855e-04
-1.026646333452176525e-04
-1.029182392617056420e-04
-1.031906803599842725e-04
-1.034265886073450430e-04
-1.035541393798871399e-04
-1.035349694587220148e-04
-1.033329142512500701e-04
-1.029469683640898698e-04
-1.024449210884587438e-04
-1.019060900791902513e-04
-1.014177543919774432e-04
-1.010577998500112614e-04
-1.008574340189949517e-04
-1.008012899053712199e-04
-1.008519709252595305e-04
-1.009818023381627201e-04
-1.011788725001852996e-04
-1.014746005531317718e-04
-1.019265191646258399e-04
-1.025565454706100447e-04
-1.033310837813545386e-04
-1.041333397155961221e-04
-1.047647723363491875e-04
-1.050167022449138973e-04
-1.047474124289021654e-04
-1.039494298751774505e-04
-1.027819652845000410e-04
-1.015359405609065940e-04
-1.005360044233624071e-04
-1.000133286735325019e-04
-1.000224161049867693e-04
-1.004166416158810125e-04
-1.009178695154662166e-04
-1.012759044443511952e-04
-1.014107596670390111e-04
-1.014933578585765922e-04
-1.019025575053982252e-04
-1.030377370560523907e-04
-1.050754886528064571e-04
-1.077733929062150227e-04
-1.104432416930035960e-04
-1.121456312412835596e-04
-1.120682182721108739e-04
-1.099435674866311061e-04
-1.062817966416645086e-04
-1.022853901958342758e-04
-9.942929499350108878e-05
-9.883977075837923297e-05
-1.007448229858786201e-04
-1.042696150405187728e-04
-1.077481801177139557e-04
-1.094889162642163883e-04
-1.086820663793706829e-04
-1.060165152384530543e-04
-1.036137910988799659e-04
-1.041768583336580555e-04
-1.096420245097157409e-04
-1.199348625221066146e-04
-1.317555330863819237e-04
-1.418640631959730948e-04
-1.349715299950206141e-04
-1.502521772938910456e-04
nan
nan
nan
nan
nan
nan
nan
nan
nan
nan
nan
nan
nan
nan
nan
nan
nan
nan
nan
nan
nan
nan
nan
nan
nan
nan
nan
nan
nan
nan
nan
nan
nan
nan
nan
nan
nan
nan
nan
nan
nan
nan
nan
nan
nan
nan
nan
nan
nan
nan
nan
nan
nan
nan
nan
nan
nan
nan
nan
nan
nan
nan
nan
nan
nan
nan
nan
nan
nan
nan
nan
nan
nan
nan
nan
nan
nan
nan
nan
nan
nan
nan
nan
nan
nan
nan
nan
nan
nan
nan
nan
nan
nan
nan
nan
nan
nan
nan
nan
nan
nan
nan
nan
nan
nan
nan
nan
nan
nan
nan
nan
nan
nan
nan
nan
nan
nan
nan
nan
nan
nan
nan
nan
nan
nan
nan
nan
nan
nan
nan
nan
nan
nan
nan
nan
nan
nan
nan
nan
nan
nan
nan
nan
nan
nan
nan
nan
nan
nan
nan
nan
nan
nan
nan
nan
nan
nan
nan
nan
nan
nan
nan
nan
nan
nan
nan
nan
nan
nan
nan
nan
nan
nan
nan
