-3.325491764314048240e-10
2.074885420475632284e-12
1.437953969515949298e-09
2.798512531323895526e-09
4.009050454529440923e-09
1.729795776091184053e-09
-8.235377835878616897e-09
-2.973578545655653891e-08
-7.093648721677665601e-08
-1.400642935473674939e-07
-2.466026567150357772e-07
-4.023295125159940022e-07
-6.171785217901572326e-07
-9.031514883598600239e-07
-1.271642572054728793e-06
-1.729887517565141739e-06
-2.289178948682686437e-06
-2.959316333944701820e-06
-3.745350401243299768e-06
-4.655311168143886323e-06
-5.694934647724583638e-06
-6.866621094629522621e-06
-8.173386600345647097e-06
-9.617695123719831931e-06
-1.120039125425385004e-05
-1.292240456345164376e-05
-1.478625484700089574e-05
-1.679111365575013083e-05
-1.893755510957459778e-05
-2.122850288232566997e-05
-2.366246083865182706e-05
-2.624136335367735484e-05
-2.896826555131602141e-05
-3.184296578598062589e-05
-3.486767410692803026e-05
-3.804340073606796082e-05
-4.136960232512338151e-05
-4.484605868445875856e-05
-4.847089941413326047e-05
-5.224141166955626261e-05
-5.615341919268389043e-05
-6.020180338585513064e-05
-6.437950493097629090e-05
-6.867734266738450514e-05
-7.308645003522014718e-05
-7.759531706449726150e-05
-8.219179361883706934e-05
-8.686409933187882299e-05
-9.159831365175398281e-05
-9.638146725486873264e-05
-1.011999254628135795e-04
-1.060397715631703478e-04
-1.108886784850997000e-04
-1.157337252620390490e-04
-1.205634063480140792e-04
-1.253671202824075770e-04
-1.301345253603278164e-04
-1.348569769002184722e-04
-1.395260042701273616e-04
-1.441345182526349792e-04
-1.486765957042401789e-04
-1.531468300980833703e-04
-1.575414829399210740e-04
-1.618571242817346489e-04
-1.660917625400484853e-04
-1.702443307933268989e-04
-1.743141581347756582e-04
-1.783024905467941318e-04
-1.822106789282225664e-04
-1.860410488716163517e-04
-1.897968796459129916e-04
-1.934809728977716740e-04
-1.970968419601240552e-04
-2.006473337602650091e-04
-2.041344605615863668e-04
-2.075596099861424712e-04
-2.109222746561039287e-04
-2.142205347842461756e-04
-2.174502710078677313e-04
-2.206052131737334325e-04
-2.236771981716539795e-04
-2.266555588824867079e-04
-2.295281872660396726e-04
-2.322812118936951704e-04
-2.348993681736798861e-04
-2.373669925588844519e-04
-2.396676260449897146e-04
-2.417852917121236984e-04
-2.437047674967860649e-04
-2.454117217762731475e-04
-2.468937417952107968e-04
-2.481397878489270247e-04
-2.491405398320206818e-04
-2.498879797292006145e-04
-2.503744307103462799e-04
-2.505921688942410971e-04
-2.505316504060810614e-04
-2.501803287290796222e-04
-2.495208077075192319e-04
-2.485282989870219654e-04
-2.471684821864289440e-04
-2.453940647767935911e-04
-2.431418392791081476e-04
-2.403297647922968843e-04
-2.368543250044567977e-04
-2.325901659981024919e-04
-2.273911663356486699e-04
-2.210947770615314615e-04
-2.135294135857902711e-04
-2.045237340998076010e-04
-1.939179948590488950e-04
-1.815745784474658367e-04
-1.673869625840366214e-04
-1.512860760381106915e-04
-1.332427315886092960e-04
-1.132672959574929945e-04
-9.140590048973178193e-05
-6.773406785944438102e-05
-4.234838248604398507e-05
-1.535603339805799067e-05
1.313565098282347244e-05
4.302905091876871741e-05
7.424366805507199630e-05
1.067195687050363843e-04
1.404174361288994277e-04
1.753148180498072923e-04
2.114001164920158377e-04
2.486653858863981581e-04
2.870981287347647726e-04
3.266733629021007662e-04
3.673458685931277486e-04
4.090438895397523439e-04
4.516657305962445469e-04
4.950796966495529805e-04
5.391282922349241316e-04
5.836354331975521486e-04
6.284154602846474258e-04
6.732828368408013894e-04
7.180607632832242430e-04
7.625883200025103002e-04
8.067250644144178086e-04
8.503525224040980272e-04
8.933726948340575029e-04
9.357032941804089513e-04
9.772708654113438503e-04
1.018002939933630984e-03
1.057820789475765041e-03
1.096634778433967653e-03
1.134343072628919485e-03
1.170834389602756461e-03
1.205994408878541431e-03
1.239714665295918884e-03
1.271902887290267620e-03
1.302492946643432625e-03
1.331452900969550381e-03
1.358789664760912119e-03
1.384549030939544656e-03
1.408810953910652431e-03
1.431680404612474663e-03
1.453275106063153235e-03
1.473712073134305321e-03
1.493094862213458981e-03
1.511503714016149786e-03
1.528989915887875436e-03
1.545575022265258634e-03
1.561254859566778199e-03
1.576007212078885198e-03
1.589801797429522216e-03
1.602610674480317056e-03
1.614417249126732633e-03
1.625222540248126568e-03
1.635047773987214964e-03
1.643933276568214277e-03
1.651934305628007795e-03
1.659114975048884026e-03
1.665541863410990907e-03
1.671278663639612014e-03
1.676382901528579135e-03
1.680905117285050928e-03
1.684890132298947057e-03
1.688379601292296821e-03
1.691414654184916332e-03
1.694037464878015440e-03
1.696290935673934637e-03
1.698216144650167066e-03
1.699847941210090325e-03
1.701209642992438775e-03
1.702308190186096939e-03
1.703131287106464994e-03
1.703647749435398913e-03
1.703811751551503060e-03
1.703570859291186120e-03
1.702876831418720415e-03
1.701697516342009142e-03
1.700027720601267247e-03
1.697896953653473635e-03
1.695372408147582249e-03
1.692556263779068908e-03
1.689577414020473770e-03
1.686578657720647686e-03
1.683702938208705199e-03
1.681070703379418515e-03
1.678767624505022411e-03
1.676843927442269377e-03
1.675292540309263143e-03
1.674063929714558535e-03
1.673085419580750072e-03
1.672244510561606695e-03
1.671422960657463399e-03
1.670514927843219253e-03
1.669405244396829704e-03
1.667992447310861831e-03
1.666184722286582348e-03
1.663847488514470828e-03
1.660801962486737173e-03
1.656828881212376453e-03
1.651649785180683101e-03
1.645011083759071987e-03
1.636808797813825433e-03
1.627158306778777371e-03
1.616500162023302642e-03
1.605643634629686824e-03
1.595653939982490110e-03
1.587726761656867809e-03
1.583017659955686818e-03
1.582408375455029688e-03
1.586356988645001506e-03
1.594786786320499545e-03
1.606993387972974847e-03
1.621676581536143523e-03
1.637066377847371619e-03
1.651117364585088804e-03
1.661818002462679819e-03
1.667538583053338776e-03
1.667309906670645311e-03
1.661021074562098404e-03
1.649481364985628260e-03
1.634305091641184834e-03
1.617701040945872812e-03
1.602191874209571041e-03
1.590279575743704663e-03
1.584143939541064836e-03
1.585368610033761330e-03
1.594709544752996328e-03
1.611972823748099391e-03
1.635991654770995504e-03
1.664718777272928673e-03
1.695443535118515725e-03
1.725079873845011998e-03
1.750492844936126467e-03
1.768831810901580481e-03
1.777827285591793106e-03
1.776043215253784351e-03
1.763083668062688861e-03
1.739722871117642617e-03
1.707938589641947889e-03
1.670836534166357610e-03
1.632425960039548792e-03
1.597252111866437297e-03
1.569927447699006164e-03
1.554583469498604063e-03
1.554319303846654838e-03
1.570722191466552339e-03
1.603498673799098407e-03
1.650295856092646833e-03
1.706761426139935620e-03
1.766853660423403768e-03
1.823418050981723878e-03
1.868991608957276283e-03
1.896739177601906639e-03
1.901414506596693990e-03
1.880213578642118749e-03
1.833378775027928211e-03
1.764457514993934741e-03
1.680158572602590515e-03
1.589781553397391460e-03
1.504267730602443232e-03
1.434967100929489476e-03
1.392236091223125662e-03
1.384042191437369253e-03
1.414754230971169762e-03
1.484275924701407854e-03
1.587675148914443040e-03
1.715391271784021858e-03
1.854030821428349386e-03
1.987702461088806070e-03
2.099762172087541508e-03
2.174783040283062921e-03
2.200540878435681795e-03
2.169782923654077142e-03
2.081551727630163214e-03
1.941873074569977140e-03
1.763662866188968684e-03
1.565781680583883551e-03
1.371275345296059898e-03
1.204940725956758080e-03
1.090445147808501982e-03
1.047317497732768929e-03
1.088155824893093223e-03
1.216402127537471794e-03
1.425016246707850633e-03
1.696301232483627287e-03
2.003030901765394823e-03
2.310889701687538367e-03
2.582049922790527474e-03
2.779536653614500617e-03
2.871904438196795032e-03
2.837684542360451728e-03
2.669070498652414882e-03
2.374312068644161052e-03
1.978322908406989194e-03
1.521202071330556406e-03
1.054664276558680983e-03
6.366468499570783956e-04
3.246218722566531173e-04
1.683689209273622127e-04
2.030490862742215859e-04
4.434034240483623792e-04
8.798496526626079168e-04
1.477190456984206089e-03
2.176481639181716311e-03
2.900251372707853253e-03
3.560876539020626456e-03
4.066368023493673912e-03
4.342218300488242914e-03
4.264562366405580743e-03
3.923861263579958916e-03
nan
nan
nan
nan
nan
nan
nan
nan
nan
nan
nan
nan
nan
nan
nan
nan
nan
nan
nan
nan
nan
nan
nan
nan
nan
nan
nan
nan
nan
nan
nan
nan
nan
nan
nan
nan
nan
nan
nan
nan
nan
nan
nan
nan
nan
nan
nan
nan
nan
nan
nan
nan
nan
nan
nan
nan
nan
nan
nan
nan
nan
nan
nan
nan
nan
nan
nan
nan
nan
nan
nan
nan
nan
nan
nan
nan
nan
nan
nan
nan
nan
nan
nan
nan
nan
nan
nan
nan
nan
nan
nan
nan
nan
nan
nan
nan
nan
nan
nan
nan
nan
nan
nan
nan
nan
nan
nan
nan
nan
nan
nan
nan
nan
nan
nan
nan
nan
nan
nan
nan
nan
nan
nan
nan
nan
nan
nan
nan
nan
nan
nan
nan
nan
nan
nan
nan
nan
nan
nan
nan
nan
nan
nan
nan
nan
nan
nan
nan
nan
nan
nan
nan
nan
nan
nan
nan
nan
nan
nan
nan
nan
nan
nan
nan
nan
nan
nan
nan
nan
nan
nan
nan
nan
nan
