3.504204876005258540e-01
1.076400882198062847e+00
1.833169800285357365e+00
2.662778786436140077e+00
3.538530493346179640e+00
4.407338833367688835e+00
5.353389355104446246e+00
6.321134031292277911e+00
7.287940968107709416e+00
8.318975941889165782e+00
9.358889484290800809e+00
1.041670234901149605e+01
1.150791876485405929e+01
1.261834551549960892e+01
1.375068000496574960e+01
1.489224899750171183e+01
1.607141117703933730e+01
1.725934726085753823e+01
1.845380946671580347e+01
1.969092378437141377e+01
2.092440387138945823e+01
2.217477150273779785e+01
2.345506360358253417e+01
2.473468911263134373e+01
2.603592832397788115e+01
2.735111497336404085e+01
2.867959494014521482e+01
3.002181461918326022e+01
3.137313482209791360e+01
3.274799757211336271e+01
3.412494888943901117e+01
3.551771536308866928e+01
3.693204571514540646e+01
3.834591951377336727e+01
3.978220481714382117e+01
4.123212893326432038e+01
4.268971995172600487e+01
4.416819535053282664e+01
4.565735605486580084e+01
4.716432423044104638e+01
4.868549613148899624e+01
5.022316560531563567e+01
5.178258053320570298e+01
5.335328911506782390e+01
5.494925473826917539e+01
5.656538380446868075e+01
5.819787803352443234e+01
5.986025954215965328e+01
6.154232582942547225e+01
6.325020330776960975e+01
6.498726202870348345e+01
6.674962837841582086e+01
6.854457479019137622e+01
7.036821818529598715e+01
7.222635348461361104e+01
7.411930899955218877e+01
7.604496961051415838e+01
7.801246336546373072e+01
8.001582604402081245e+01
8.205946268082385586e+01
8.414775705215457435e+01
8.627567004234454373e+01
8.845036724759533797e+01
9.067005980527102338e+01
9.293556979831726039e+01
9.525002441342651593e+01
9.761053331677329936e+01
1.000214304857053094e+02
1.024797084692164049e+02
1.049857992366876545e+02
1.075417459426590199e+02
1.101420259185956638e+02
1.127896041663520634e+02
1.154814421616678857e+02
1.182142064387417122e+02
1.209892116516791418e+02
1.238011189111763599e+02
1.266497844312886798e+02
1.295327156490409948e+02
1.324468743957935146e+02
1.353926901039766335e+02
1.383658716780926170e+02
1.413670487849525159e+02
1.443946505184868840e+02
1.474459930526136588e+02
1.505227719986986585e+02
1.536217637246978143e+02
1.567429785641607509e+02
1.598862877388513652e+02
1.630491296308302367e+02
1.662325119907480371e+02
1.694342437162580666e+02
1.726539774867247559e+02
1.758915026058959938e+02
1.791447380805301748e+02
1.824148139945829143e+02
1.857000141556216590e+02
1.890001597476881159e+02
1.923159183786536914e+02
1.956455631032717690e+02
1.989902308001146594e+02
2.023491481313659506e+02
2.057217567722192655e+02
2.091086099617799618e+02
2.125081247976973486e+02
2.159206000102146845e+02
2.193449301976298784e+02
2.227800277865397618e+02
2.262259167850977803e+02
2.296807732999950247e+02
2.331446290253779807e+02
2.366167368634855848e+02
2.400959785380751725e+02
2.435825811187378918e+02
2.470750532789936074e+02
2.505729246875942806e+02
2.540753024722158102e+02
2.575805791060631691e+02
2.610882028622729081e+02
2.645962996380167169e+02
2.681037752828332827e+02
2.716093753842073966e+02
2.751111426785367371e+02
2.786082233043452447e+02
2.820986841175835593e+02
2.855811207355646957e+02
2.890543254618982587e+02
2.925163421265726242e+02
2.959661670440286230e+02
2.994020875153325960e+02
3.028226423572440353e+02
3.062266630940191590e+02
3.096123183859873507e+02
3.129785367586084703e+02
3.163237053039433704e+02
3.196463025413701757e+02
3.229451797136803748e+02
3.262185277903296310e+02
3.294651713261565078e+02
3.326836027212738713e+02
3.358722411095466782e+02
3.390299269161448592e+02
3.421549589314525406e+02
3.452460935605935788e+02
3.483019143038532093e+02
3.513208706907162764e+02
3.543018040086795395e+02
3.572430943271691604e+02
3.601434642308569778e+02
3.630015627933040037e+02
3.658158380652174628e+02
3.685851274998761369e+02
3.713079041177803674e+02
3.739828756688441445e+02
3.766087935833379561e+02
3.791842094555786389e+02
3.817080244289193161e+02
3.841788873704729212e+02
3.865956025467745008e+02
3.889570625732769145e+02
3.912619574183970599e+02
3.935092719748976720e+02
3.956977953311177316e+02
3.978263904141218177e+02
3.998940449191919697e+02
4.018995466205421963e+02
4.038419273241917722e+02
4.057201018182680059e+02
4.075330102718113494e+02
4.092797397758574789e+02
4.109592121822123545e+02
4.125705458703744739e+02
4.141127916630338177e+02
4.155849918805644734e+02
4.169863336432061374e+02
4.183158570928781046e+02
4.195727515054360310e+02
4.207561808356103938e+02
4.218652740059255279e+02
4.228993037911470196e+02
4.238574310515106731e+02
4.247389273902396098e+02
4.255430754534422135e+02
4.262691141324630166e+02
4.269164140888243537e+02
4.274842619595141855e+02
4.279720263239225915e+02
4.283791102835812694e+02
4.287048730883307144e+02
4.289487995098348279e+02
4.291103249162795237e+02
4.291889488302580276e+02
4.291842307224524120e+02
4.290956938881308247e+02
4.289229732674716615e+02
4.286656786478091590e+02
4.283234630306027952e+02
4.278960465469217525e+02
4.273831209495379539e+02
4.267844819647496024e+02
4.264528960052829802e+02
4.264240775216380825e+02
4.263684025548636214e+02
4.263434845805603004e+02
4.263379547919985839e+02
4.263088063716617739e+02
4.263482025094306209e+02
4.264043428954202568e+02
4.264545136308925635e+02
4.265655393895624456e+02
4.266809468302745358e+02
4.268095639878007432e+02
4.269694608891406347e+02
4.271496373571450818e+02
4.273588258343843336e+02
4.275895982268767739e+02
4.278736786948663848e+02
4.281815639805622027e+02
4.285031728737848766e+02
4.288620856342707839e+02
4.291949945712300973e+02
4.295045212150484986e+02
4.297894466352158815e+02
4.300096687598931453e+02
4.301846320584883188e+02
4.303096315467459476e+02
4.303914307108615844e+02
4.304405569692259519e+02
4.304625232533916801e+02
4.304815720239781740e+02
4.304840636515490360e+02
4.304890244376443320e+02
4.305059813241335291e+02
4.305146283963977680e+02
4.305380105337480927e+02
4.305668055890824917e+02
4.305937722491865429e+02
4.306303222462248073e+02
4.306644200468259100e+02
4.307015291528916805e+02
4.307363156572193361e+02
4.307696255218078818e+02
4.308056746123896801e+02
4.308330608381470483e+02
4.308649259983000661e+02
4.308957202265918340e+02
4.309212392283861277e+02
4.309544238764065653e+02
4.309847674887250264e+02
4.310178661549602452e+02
4.310560814161916596e+02
4.310944953778417243e+02
4.311387191569263564e+02
4.311826656658572574e+02
4.312296507627711435e+02
4.312771343888488786e+02
4.313200642765617658e+02
4.313646039100846679e+02
4.314022741737603042e+02
4.314353016455664260e+02
4.314661750057039171e+02
4.314887956042456381e+02
4.315094311110967737e+02
4.315258231523883978e+02
4.315390425408235728e+02
4.315526828303890170e+02
4.315650976438124076e+02
4.315824584410939337e+02
4.316039537999140521e+02
4.316323797977393610e+02
4.316714642246727749e+02
4.317165200576029633e+02
4.317698521250281374e+02
4.318265374128930034e+02
4.318810074475124452e+02
4.319322176178395694e+02
4.319736522224122268e+02
4.320053812850605937e+02
4.320263069971422283e+02
4.320360109396364123e+02
4.320377907298278615e+02
4.320302946414624330e+02
4.320170479980516802e+02
4.319996175457642948e+02
4.319797373224937473e+02
4.319650416033713896e+02
4.319600614371934171e+02
4.319732014372830804e+02
4.320107649315649496e+02
4.320724570144620884e+02
4.321554301808639593e+02
4.322483392193587974e+02
4.323392604523565979e+02
4.324170796293308285e+02
4.324725369307418532e+02
4.325042654969016098e+02
4.325124650585908626e+02
4.325015843072824282e+02
4.324767644624486138e+02
4.324386423601897604e+02
4.323875045937973027e+02
4.323199255948022710e+02
4.322346915119827599e+02
4.321383620869880247e+02
4.320471136995692518e+02
4.319919487855914895e+02
4.320074626669075428e+02
4.321142646874973821e+02
4.323017472198250744e+02
4.325280686345885783e+02
4.327444773613877373e+02
4.329110397649000106e+02
4.330051884808701175e+02
4.330249746403316635e+02
4.329851600484831806e+02
4.329138295081698971e+02
4.328377072679076036e+02
4.327665085070901227e+02
4.326857872183646805e+02
4.325575667124930419e+02
4.323329449106605580e+02
4.319621645326566295e+02
4.314031530583494600e+02
4.305549152147298173e+02
4.297776763683879722e+02
4.289333721357042464e+02
4.426463044162405822e+02
nan
nan
nan
nan
nan
nan
nan
nan
nan
nan
nan
nan
nan
nan
nan
nan
nan
nan
nan
nan
nan
nan
nan
nan
nan
nan
nan
nan
nan
nan
nan
nan
nan
nan
nan
nan
nan
nan
nan
nan
nan
nan
nan
nan
nan
nan
nan
nan
nan
nan
nan
nan
nan
nan
nan
nan
nan
nan
nan
nan
nan
nan
nan
nan
nan
nan
nan
nan
nan
nan
nan
nan
nan
nan
nan
nan
nan
nan
nan
nan
nan
nan
nan
nan
nan
nan
nan
nan
nan
nan
nan
nan
nan
nan
nan
nan
nan
nan
nan
nan
nan
nan
nan
nan
nan
nan
nan
nan
nan
nan
nan
nan
nan
nan
nan
nan
nan
nan
nan
nan
nan
nan
nan
nan
nan
nan
nan
nan
nan
nan
nan
nan
nan
nan
nan
nan
nan
nan
nan
nan
nan
nan
nan
nan
nan
nan
nan
nan
nan
nan
nan
nan
nan
nan
nan
nan
nan
nan
nan
nan
nan
nan
nan
nan
nan
nan
nan
nan
nan
nan
nan
nan
nan
nan
