1.271744259560000074e+02
1.078342251709999999e+02
1.088984303269999998e+02
1.090424775330000102e+02
1.097688261190000105e+02
1.131073606740000059e+02
1.127455942220000082e+02
1.128187858850000111e+02
1.132423859930000134e+02
1.127898816980000021e+02
1.127939044060000100e+02
1.132875839690000106e+02
1.124434689580000111e+02
1.127820480670000052e+02
1.130428331140000040e+02
1.121436390590000087e+02
1.127393393690000067e+02
1.127850094660000053e+02
1.128575546890000112e+02
1.133220675580000005e+02
1.128421349550000059e+02
1.124792031270000052e+02
1.131916069200000123e+02
1.129679602210000127e+02
1.122155964800000021e+02
1.121253484420000035e+02
1.121263170590000016e+02
1.128853087360000131e+02
1.125348847100000000e+02
1.128110041310000042e+02
1.124117818130000046e+02
1.125606633400000050e+02
1.128058060290000100e+02
1.127461027820000083e+02
1.126970430100000016e+02
1.126056610290000037e+02
1.125974934780000041e+02
1.126591020740000033e+02
1.129049555970000114e+02
1.122446601590000057e+02
1.133765692570000141e+02
1.131534786090000040e+02
1.133118159620000114e+02
1.128506446400000129e+02
1.130976418470000056e+02
1.132556895130000072e+02
1.132880395780000100e+02
1.130689672240000050e+02
1.131810169510000037e+02
9.563738097200000254e+01
6.415092903100000399e+01
6.641544225700000936e+01
6.425303023200000041e+01
6.699915706100000534e+01
7.050357288300000391e+01
6.672917192399999919e+01
6.509104342100000906e+01
6.470871420800000351e+01
6.687098552500000892e+01
1.013300412550000118e+02
1.082415478500000035e+02
1.072850959650000107e+02
1.076941522780000042e+02
1.073073569000000020e+02
1.075086463559999999e+02
1.069452941380000084e+02
1.076537039210000017e+02
1.075356557740000056e+02
1.065654144930000058e+02
1.077738577910000117e+02
1.076160967560000046e+02
1.073761392340000071e+02
1.071618323310000136e+02
1.075126054210000035e+02
1.078689038120000134e+02
1.069531571630000002e+02
1.076718967500000019e+02
1.078849124330000109e+02
1.069046236470000082e+02
1.076609841090000117e+02
1.068928398260000137e+02
1.068970610080000085e+02
1.064992478280000086e+02
1.068696525610000094e+02
1.065354138300000102e+02
1.073828020640000034e+02
1.067771193450000027e+02
1.061531609540000005e+02
1.069225665640000074e+02
1.066583528000000030e+02
1.064602526800000106e+02
1.067748919120000011e+02
1.067324390740000126e+02
1.070348250960000058e+02
1.061408577430000122e+02
1.073625436270000080e+02
1.066477813120000064e+02
1.073710704860000078e+02
1.073333717590000020e+02
1.067461184630000020e+02
1.074903259020000093e+02
1.076136130110000124e+02
1.064952491820000091e+02
1.067217772750000080e+02
1.069314400160000105e+02
1.070499056950000067e+02
1.066609177800000055e+02
1.067849461810000093e+02
1.069059526600000112e+02
1.062890613340000101e+02
1.065761059420000123e+02
1.066721367040000104e+02
1.069521951260000066e+02
1.064715635440000057e+02
1.071379363510000076e+02
1.063249893130000032e+02
1.066256165150000044e+02
1.067072347040000011e+02
1.066535675710000106e+02
1.064499071990000090e+02
1.065161665480000011e+02
1.069104844050000054e+02
1.067127690250000001e+02
1.061301103610000069e+02
1.067919624600000077e+02
1.068611253750000003e+02
1.063481650840000015e+02
1.059992003360000012e+02
1.072592884810000129e+02
1.074944223880000038e+02
1.070106240290000130e+02
1.074153144920000074e+02
1.070257287280000043e+02
1.065851903680000135e+02
9.774540623300001130e+01
9.233173290800000643e+01
9.224695818800000779e+01
9.254239733300001092e+01
9.238253530100000432e+01
9.246064215400001274e+01
9.207698198399999967e+01
9.230463707300000920e+01
9.251232563900001082e+01
9.243454574600001195e+01
9.234753149100001224e+01
9.249531295900000316e+01
9.213141926200000853e+01
9.231739301700000055e+01
9.213767258800000093e+01
9.249636539500001220e+01
9.225019533800001170e+01
9.257490707300000565e+01
9.217547548600001051e+01
9.232035949300001221e+01
9.218941519000000540e+01
9.234773497800000541e+01
9.258488022100000592e+01
9.253733330300001114e+01
9.232442944699999998e+01
9.265489091700000301e+01
9.234696646400000475e+01
9.230322214500000655e+01
9.234986889400001076e+01
9.194040602400001205e+01
9.219143866200001014e+01
9.240607569899999874e+01
9.304224618900001076e+01
9.299876399300001140e+01
9.331701790500000016e+01
9.344206092800000363e+01
9.307400823800000467e+01
9.345620225200001130e+01
9.320444833000000529e+01
9.291671911100000614e+01
9.319373583300000519e+01
9.295361927600001195e+01
9.321002878800000246e+01
9.291147894800000984e+01
9.302716385700000501e+01
9.271665970000000812e+01
9.321139862600000470e+01
9.287600924100000555e+01
9.318071773100000144e+01
9.294514976500001069e+01
9.321579466300001116e+01
9.313601725100001261e+01
9.247120704499999988e+01
9.297844236100000614e+01
9.284635359800000742e+01
9.287295589200000734e+01
9.296152112600000805e+01
9.301321768000001100e+01
9.297785632200000805e+01
9.269697779599999876e+01
9.293651851900000338e+01
9.293500266300000590e+01
9.305355449800001111e+01
9.298009453400000268e+01
9.289973772400000485e+01
9.279079457299999945e+01
6.978877477200001067e+01
7.000966351300000667e+01
6.958173826800000938e+01
6.956278846700000429e+01
6.981397644300000138e+01
6.978908889299999885e+01
6.981077285100001006e+01
6.960415957800000797e+01
6.978086313000000018e+01
6.978870084999999790e+01
6.987030035400000827e+01
6.989053216000000646e+01
6.994627423400000055e+01
6.963281561300000533e+01
6.981734215000000177e+01
6.973903779900000188e+01
6.975170974499999943e+01
6.976962026200000366e+01
6.973349833100000694e+01
6.965445818599999939e+01
6.975917391699999826e+01
6.986980755400000476e+01
6.971213493199999789e+01
6.981939871699999856e+01
6.973259137099999805e+01
6.957250704400000529e+01
6.958346557600000892e+01
6.959893098700000280e+01
6.972566800500000284e+01
6.957639214499999980e+01
6.973321781900000360e+01
6.962581291300000430e+01
6.977871443800000861e+01
6.976239175000000614e+01
6.971919524999999851e+01
6.969587513300000126e+01
6.960535376300001076e+01
6.959191759300000513e+01
6.982020952700000294e+01
6.968267537399999867e+01
6.988901624500000764e+01
6.966586577500000033e+01
6.979006425300001126e+01
6.976871596899999872e+01
6.964297181800000658e+01
6.973041205600000580e+01
6.962863126999999963e+01
6.970679690800000117e+01
6.963875460399999895e+01
6.975589811400000428e+01
6.987443175100000303e+01
6.957061441800000523e+01
6.950859922200000085e+01
6.956195962400001065e+01
6.956835025200000189e+01
6.962435938200000862e+01
6.955299095200000181e+01
6.948345830499999920e+01
6.928865424700001086e+01
6.943612673700000926e+01
6.954627627500001097e+01
6.956905602100000863e+01
6.956459361100000649e+01
6.955161940700000400e+01
6.930404736399999877e+01
6.941300598800000898e+01
6.941071577000001014e+01
6.936433211000000654e+01
6.958773493900000062e+01
6.954587506900000449e+01
6.962637458300000048e+01
6.982506953700000452e+01
6.935509588800000813e+01
6.963502950800000235e+01
6.960034944900000653e+01
6.973425799000000325e+01
6.989921876000001078e+01
6.977231144600000334e+01
6.969731250000000955e+01
6.976156068100000596e+01
6.994358425200000795e+01
6.989524622400000453e+01
6.981664708800001051e+01
6.989309808500000543e+01
6.982503709200000230e+01
6.983573781100000133e+01
6.979536459900000978e+01
7.001367167200000097e+01
6.999972499100000789e+01
7.002516720700000974e+01
6.960480630600000040e+01
6.965674357000000327e+01
6.965130622700000629e+01
6.953795532899999898e+01
6.985565180100000759e+01
7.002139306600000168e+01
6.984992999100001043e+01
6.989137147200000300e+01
6.981091278099999897e+01
6.986858960300000376e+01
7.000815370800000892e+01
6.994320890000000190e+01
6.999704329300000438e+01
7.005648104200000148e+01
7.004344694600000309e+01
6.986778271600000778e+01
6.991070839600000397e+01
7.019515930600000786e+01
6.996391172200000597e+01
6.996115455300000008e+01
6.990991736499999831e+01
9.343793914800001232e+01
9.324317025100000933e+01
9.317039403200000436e+01
6.994254886600000987e+01
7.007892371900000228e+01
6.988460184400000230e+01
6.976385830200000271e+01
6.987043474600000081e+01
9.330746810200000141e+01
1.042540420460000092e+02
1.122952740510000069e+02
1.129168557140000075e+02
2.946140335119999918e+02
2.788137167305000276e+03
2.809961315558000024e+03
2.297322843224000280e+03
3.764371814210000480e+02
1.570032308200000060e+01
1.565256672100000124e+01
1.596451143600000044e+01
1.622526145600000191e+01
1.602394132899999946e+01
1.587059475900000116e+01
1.589557236000000096e+01
1.578847275800000105e+01
1.589650550500000037e+01
1.585225734700000011e+01
1.600146190300000271e+01
1.592324418200000125e+01
1.594667163100000096e+01
1.567006746900000103e+01
1.631165712600000006e+01
1.597315512200000143e+01
1.656816567899999981e+01
1.611316194600000173e+01
1.572209931500000124e+01
1.575299979900000125e+01
1.638799990400000084e+01
1.593882776500000098e+01
1.603376970900000131e+01
1.603307232000000226e+01
1.632624281000000011e+01
1.831013517200000251e+01
2.719681074400000043e+01
2.639706221900000216e+01
2.695417929200000273e+01
2.699259310700000114e+01
2.696288979300000221e+01
2.636067950099999990e+01
2.737866787100000110e+01
2.678397772799999998e+01
2.600348059500000275e+01
2.724903775100000303e+01
2.686380704700000166e+01
2.608421567400000285e+01
2.671904457400000155e+01
2.680230274600000229e+01
2.585504666600000334e+01
2.667673439500000043e+01
2.683551583600000257e+01
2.608611356100000123e+01
2.709318713600000095e+01
2.721141303000000278e+01
2.666579635900000156e+01
2.722883332800000034e+01
2.687128362199999998e+01
2.687617781200000167e+01
2.714294507400000001e+01
2.693390122200000292e+01
2.647250451700000085e+01
2.661417140400000036e+01
2.683438348300000342e+01
2.685047424800000115e+01
2.683470409800000311e+01
2.680525576800000209e+01
2.664442807100000010e+01
2.643272201800000332e+01
2.638255646400000032e+01
2.650317280700000211e+01
2.653840998600000134e+01
2.618571240800000055e+01
2.682277171900000212e+01
2.640614345100000193e+01
2.654270707600000279e+01
2.731710904000000184e+01
2.620170245600000314e+01
2.634860506100000066e+01
2.691825999500000322e+01
2.664277464000000251e+01
2.626834621300000094e+01
2.659413429000000306e+01
2.697067152300000004e+01
2.610760682600000138e+01
2.711353950200000185e+01
2.705667369500000063e+01
2.678399991200000230e+01
2.678723648200000085e+01
2.659929679000000036e+01
2.745229388900000345e+01
2.696702340100000228e+01
2.673491239100000172e+01
2.699661681700000315e+01
2.673496335400000135e+01
2.681895468900000168e+01
2.671857987600000328e+01
2.718404939100000206e+01
2.699917439400000063e+01
2.677095766600000104e+01
2.723851706400000339e+01
2.691083822400000258e+01
2.675513897400000118e+01
2.697715246500000319e+01
2.679702330799999999e+01
2.681483268900000283e+01
2.653497561600000054e+01
2.731279830600000125e+01
2.633537639900000116e+01
2.660375745099999989e+01
2.740188657000000205e+01
2.628446428800000234e+01
2.670409482500000209e+01
2.627190891800000117e+01
2.735353407900000278e+01
2.692761213100000006e+01
2.637565488200000274e+01
2.683634347100000284e+01
2.668441613800000312e+01
2.687853319300000265e+01
2.666079478300000005e+01
2.741291819800000340e+01
2.717871118600000102e+01
2.693951293100000299e+01
2.671587205800000220e+01
2.693230962300000186e+01
2.658029774300000270e+01
2.656244214700000228e+01
2.722612483000000339e+01
2.626928025600000183e+01
2.633110144900000194e+01
2.711372648300000066e+01
2.605663669600000176e+01
2.669532499000000314e+01
2.640856544600000078e+01
2.662272910800000147e+01
2.662953423200000103e+01
2.613010155700000325e+01
2.710458675600000333e+01
2.665132452400000318e+01
2.652804800500000226e+01
2.661001353800000047e+01
2.728902563900000189e+01
2.726527326000000073e+01
2.645230557100000013e+01
2.735419802500000230e+01
2.722027581300000065e+01
2.678911373400000073e+01
2.693385086200000345e+01
2.691697629500000133e+01
2.683182895900000275e+01
2.656585733700000063e+01
2.722032927500000099e+01
2.695072662900000182e+01
2.603244999600000043e+01
2.709669258500000311e+01
2.675670902300000265e+01
2.668616987000000051e+01
2.753016728100000066e+01
2.739902344300000081e+01
2.686497536900000327e+01
2.681958379699999995e+01
2.731818360300000137e+01
2.668973393100000280e+01
2.636392131800000271e+01
2.633591746200000117e+01
2.679553628600000081e+01
2.716893934500000185e+01
2.665055349700000065e+01
2.671262468400000145e+01
2.688139313400000319e+01
2.691501759200000166e+01
2.697810730600000184e+01
2.636298542600000161e+01
2.726181203900000227e+01
2.686747016099999996e+01
2.676310627100000161e+01
2.672276136000000335e+01
2.834823068500000076e+01
2.645106205100000096e+01
1.742993516499999984e+01
1.587045895400000184e+01
