-6.000914184660227635e-04
-9.294290593992865501e-04
-1.887662146107860206e-03
-3.061399288212529601e-03
-3.661861992115988951e-03
-5.619258510356994751e-03
-7.075950975279798882e-03
-8.760286508109338399e-03
-1.138202206045968445e-02
-1.343870780861200487e-02
-1.600913369368384132e-02
-1.861568094155496844e-02
-2.143431593153666270e-02
-2.434074546904940739e-02
-2.682409177383449084e-02
-3.001256099861460136e-02
-3.244248767576030090e-02
-3.473906527842363090e-02
-3.752511497219956915e-02
-3.925173715081897718e-02
-4.144829666028559956e-02
-4.360290889031714912e-02
-4.506153320725325706e-02
-4.703944827229822323e-02
-4.868098669783815780e-02
-5.030711415471822434e-02
-5.205574091445530627e-02
-5.379022915782583070e-02
-5.586740922224198158e-02
-5.772753830966026456e-02
-5.998365735728716786e-02
-6.234060878174840781e-02
-6.452098564454855634e-02
-6.722782001042659772e-02
-6.968147578450567536e-02
-7.223227239288343426e-02
-7.502765685724810396e-02
-7.742563248253730990e-02
-7.999112040623312936e-02
-8.234428804443805205e-02
-8.446930532026364347e-02
-8.661102534642006745e-02
-8.832396449037638320e-02
-9.004279828025785193e-02
-9.149674268978014169e-02
-9.263942295358607026e-02
-9.379190601281983675e-02
-9.457033023189032050e-02
-9.534211332024788987e-02
-9.598460903186722959e-02
-9.645567674395216784e-02
-9.703727543341811312e-02
-9.741255401421877735e-02
-9.788410368003486184e-02
-9.835270815953389700e-02
-9.872636408261570296e-02
-9.930380485327106044e-02
-9.972939420018889223e-02
-1.001818809466898941e-01
-1.006431324897709700e-01
-1.008229242022880001e-01
-1.008931463102769044e-01
-1.005443447844669436e-01
-9.966896085664078697e-02
-9.813096598853210395e-02
-9.552500453072898523e-02
-9.172357285436572027e-02
-8.623123353059281015e-02
-7.871127361962404478e-02
-6.879532871540039451e-02
-5.586755637047957634e-02
-3.966279422320972969e-02
-1.959177796298927632e-02
4.783559458378938700e-03
3.373817824189906389e-02
6.778780922383020879e-02
1.070809300103974238e-01
1.518908712397424310e-01
2.024177309496639765e-01
2.586617958557537733e-01
3.208054189172582227e-01
3.887775120113516891e-01
4.625906455701835895e-01
5.422507017654867312e-01
6.275953033966867878e-01
7.186402441158978860e-01
8.152063986670716744e-01
9.171529992709670509e-01
1.024374862355438509e+00
1.136576816769398590e+00
1.253606290577558013e+00
1.375151986139550253e+00
1.500896424361310544e+00
1.630577996031873589e+00
1.763766189285066233e+00
1.900167677606336980e+00
2.039391042994281200e+00
2.181019653508843525e+00
2.324715679690078751e+00
2.469989920819827489e+00
2.616432893483655597e+00
2.763571872485564462e+00
2.910866228636461273e+00
3.057826955515071887e+00
3.203809872584151286e+00
3.348154763944138246e+00
3.490052936162192587e+00
3.628469400523938404e+00
3.762220603419814680e+00
3.889774083038557428e+00
4.009396774010449249e+00
4.119177058672772951e+00
4.217078389284259821e+00
4.301239625892695706e+00
4.370002839027296915e+00
4.422128888702157923e+00
4.456870956509131787e+00
4.473873976739137781e+00
4.473208886150437991e+00
4.455168526470446366e+00
4.420221616682388444e+00
4.368977350439598339e+00
4.302065566072215574e+00
4.220181150686159732e+00
4.123938521459928452e+00
4.013805699156952400e+00
3.890086996575466305e+00
3.752842979549723346e+00
3.602011232711831656e+00
3.437460120055011448e+00
3.259078942399134426e+00
3.066911841837086872e+00
2.861165845412899422e+00
2.642299747894733652e+00
2.411048083373078299e+00
2.168424287915215576e+00
1.915775293543075630e+00
1.654713076619442003e+00
1.387068799573576428e+00
1.114786500635272404e+00
8.397643820554883121e-01
5.637782860414279895e-01
2.883787869294969219e-01
1.486680091181735719e-02
-2.556850485604491574e-01
-5.224249469938779811e-01
-7.846437824162824093e-01
-1.041722613784762608e+00
-1.293057287652901621e+00
-1.537960822003682004e+00
-1.775620119317945278e+00
-2.005043145540449601e+00
-2.225074005292915214e+00
-2.434463434524603898e+00
-2.631953694604425298e+00
-2.816415366195036629e+00
-2.986949077231055405e+00
-3.142961619616000402e+00
-3.284218154675992984e+00
-3.410828223668606718e+00
-3.523213075714240361e+00
-3.622022466590718359e+00
-3.708021196553863419e+00
-3.781979322579737346e+00
-3.844550342406584331e+00
-3.896190333485262780e+00
-3.937116966810573881e+00
-3.967313387566094196e+00
-3.986595042182770499e+00
-3.994695546949779352e+00
-3.991369696576856807e+00
-3.976488719752813594e+00
-3.950098060236679753e+00
-3.912448338948738780e+00
-3.863978610331688657e+00
-3.805264933560886575e+00
-3.736951776749033893e+00
-3.659667796115604332e+00
-3.573960810418166822e+00
-3.480257360157650304e+00
-3.378858422442032605e+00
-3.269981573928324003e+00
-3.153827368575209622e+00
-3.030662910035879953e+00
-2.900895356303909267e+00
-2.765111696931134233e+00
-2.624079620206145158e+00
-2.478698780341140218e+00
-2.329914728290266357e+00
-2.178614012885569107e+00
-2.025516744626874921e+00
-1.871096871372432524e+00
-1.715544528317132222e+00
-1.558781148180964138e+00
-1.400532745499568410e+00
-1.240443483445782924e+00
-1.078213854817010375e+00
-9.137351478675861394e-01
-7.471896742394590341e-01
-5.791027066754543817e-01
-4.115023573627643039e-01
-2.446796149209733429e-01
-7.971589474787110774e-02
8.145717469224988960e-02
2.389513904694116064e-01
3.897258131988516894e-01
5.328659009712195527e-01
6.699488082410409717e-01
7.986587169100691774e-01
9.201816126883444191e-01
1.037267056344606253e+00
1.147095301596614991e+00
1.250602986572917796e+00
1.349910509041522211e+00
1.441385615050700952e+00
1.525292827075420465e+00
1.602768529616998450e+00
1.670880204577159134e+00
1.732432028131992041e+00
1.793173653165113013e+00
1.858104241840501381e+00
1.937017556077497815e+00
2.038838616672279169e+00
2.164449041339741253e+00
2.309348781234072945e+00
2.462183336154031732e+00
2.603061939916677225e+00
2.713468405946191986e+00
2.780696735389153407e+00
2.796303560987458248e+00
2.762209211318024771e+00
2.687783250198422458e+00
2.584598150003239336e+00
2.469657787640210600e+00
2.361624169731822764e+00
2.277871947634666938e+00
2.235970499055225158e+00
2.248243065970958909e+00
2.318279226130745663e+00
2.441688325386288660e+00
2.605312973600324433e+00
2.790081630366641807e+00
2.976195312755217426e+00
3.145808835136719050e+00
3.284520818250131313e+00
3.383063532481625391e+00
3.435925053358554138e+00
3.440390823547998078e+00
3.399040912773747536e+00
3.318666619053952882e+00
3.210652232378014226e+00
3.092307102892772885e+00
2.982975565635654025e+00
2.902805530724343441e+00
2.871624789682899248e+00
2.905491006540243948e+00
3.016640864590472315e+00
3.212373162395325554e+00
3.491680684332061801e+00
3.844226433896825945e+00
4.249224472885527959e+00
4.674808965587381238e+00
5.081257162717276898e+00
5.426475259709416576e+00
5.671211767373913304e+00
5.785491874492682207e+00
5.754549374350654389e+00
5.580737277884026071e+00
5.285450565677203727e+00
4.908780286759791167e+00
4.504844501420794955e+00
4.137397753010558787e+00
3.872354901475046240e+00
3.767779513551068327e+00
3.865865485159929005e+00
4.185402451003296775e+00
4.716748465213746577e+00
5.421865467896259005e+00
6.237553913550497597e+00
7.081801305401421054e+00
7.863236586016583374e+00
8.491644757122370990e+00
8.888313737458734209e+00
8.996590938897259804e+00
8.790636196107072919e+00
8.280408586181255970e+00
7.514120577723001126e+00
6.575556678487348705e+00
5.576208855369237050e+00
4.644739053440371634e+00
3.912688970765847873e+00
3.498942912149486606e+00
3.495440485339870840e+00
3.953663915225869019e+00
4.874411450648910460e+00
6.202704295816943159e+00
7.828004385508332774e+00
9.591878564995209189e+00
1.130301961236273733e+01
1.275765339746929072e+01
1.376358197136914896e+01
1.416553747976831978e+01
1.386798468029769893e+01
1.285269680838970885e+01
1.118944767005805474e+01
9.036429721099427326e+00
6.630400483527207456e+00
4.266092311663856940e+00
2.263249954942466946e+00
9.266271186029522156e-01
5.075368526045487272e-01
1.169737077291209904e+00
2.959111139132677870e+00
5.780637108347838726e+00
9.393294494396437599e+00
1.343071740104508649e+01
1.744048330953670600e+01
2.093348919792871854e+01
2.344152529266201412e+01
2.457749580150688828e+01
2.408896084539017579e+01
2.190061392045319977e+01
1.813767674791656859e+01
1.341625913011498739e+01
7.725147078700169700e+00
8.568106683891917541e+00
9.227623998409884010e-02
nan
nan
nan
nan
nan
nan
nan
nan
nan
nan
nan
nan
nan
nan
nan
nan
nan
nan
nan
nan
nan
nan
nan
nan
nan
nan
nan
nan
nan
nan
nan
nan
nan
nan
nan
nan
nan
nan
nan
nan
nan
nan
nan
nan
nan
nan
nan
nan
nan
nan
nan
nan
nan
nan
nan
nan
nan
nan
nan
nan
nan
nan
nan
nan
nan
nan
nan
nan
nan
nan
nan
nan
nan
nan
nan
nan
nan
nan
nan
nan
nan
nan
nan
nan
nan
nan
nan
nan
nan
nan
nan
nan
nan
nan
nan
nan
nan
nan
nan
nan
nan
nan
nan
nan
nan
nan
nan
nan
nan
nan
nan
nan
nan
nan
nan
nan
nan
nan
nan
nan
nan
nan
nan
nan
nan
nan
nan
nan
nan
nan
nan
nan
nan
nan
nan
nan
nan
nan
nan
nan
nan
nan
nan
nan
nan
nan
nan
nan
nan
nan
nan
nan
nan
nan
nan
nan
nan
nan
nan
nan
nan
nan
nan
nan
nan
nan
nan
nan
nan
nan
nan
nan
nan
nan
