9.999751384620196859e-01
9.999237619797498589e-01
9.998972103369286879e-01
9.998788209423176143e-01
9.998371413477740166e-01
9.998101952130259429e-01
9.997956693684020291e-01
9.997650507512494400e-01
9.997399138547394815e-01
9.997323466340084508e-01
9.997150790067581561e-01
9.996986387950250741e-01
9.996884252435663809e-01
9.996616740728869743e-01
9.996289702003502420e-01
9.996051180761388322e-01
9.995735920719183154e-01
9.995355988940075598e-01
9.995015955854612555e-01
9.994636298094614624e-01
9.994178360411110074e-01
9.993061250291480624e-01
9.991707858232647954e-01
9.990223125372429402e-01
9.988587804509467816e-01
9.986805749854277270e-01
9.984883017027640362e-01
9.982813840903416169e-01
9.980589611319530263e-01
9.978221298847339549e-01
9.975706758962705756e-01
9.973031148971294169e-01
9.970208599839583963e-01
9.967234329757632683e-01
9.964096675318927510e-01
9.960807900358846778e-01
9.957364346886955486e-01
9.953761963929506074e-01
9.950007875157926840e-01
9.946105666569746706e-01
9.941631458605294513e-01
9.936930352959473245e-01
9.932107515521571006e-01
9.927121011530524175e-01
9.921983320832842290e-01
9.916755111058108696e-01
9.911406880901036942e-01
9.905947132783611275e-01
9.900431123865703897e-01
9.894846886773274175e-01
9.889198824557526857e-01
9.883529510097485149e-01
9.877847041043249510e-01
9.872144262608515408e-01
9.866456380970108908e-01
9.860800578988946352e-01
9.855162151083791677e-01
9.849570544577407327e-01
9.844042748279513422e-01
9.838564805755768417e-01
9.833156404849699994e-01
9.827832260234014017e-01
9.822581849887777050e-01
9.817413585539009890e-01
9.812340351999798704e-01
9.807354468640935297e-01
9.802454568817390301e-01
9.797651461756448077e-01
9.792938885904528545e-01
9.788308174213887769e-01
9.783768783149522363e-01
9.779314565293774075e-01
9.774935598360280364e-01
9.770640161966608339e-01
9.766424283159848008e-01
9.762283218246069483e-01
9.758223932870938588e-01
9.754250807320919980e-01
9.750365857191657382e-01
9.746578640203953370e-01
9.742904331840158694e-01
9.739350863911779843e-01
9.735933982378897067e-01
9.732675571499858069e-01
9.729589236013138631e-01
9.726694828397134396e-01
9.724016005726346945e-01
9.721569453574808728e-01
9.719374057128379318e-01
9.717450391993623926e-01
9.715813663865140448e-01
9.714477536700244498e-01
9.713456628347796329e-01
9.712763349036769300e-01
9.712406599661156381e-01
9.712399568338654365e-01
9.712756755019950061e-01
9.713492138727214398e-01
9.714629824404776848e-01
9.716200309549332115e-01
9.718242590824736071e-01
9.720812490921164617e-01
9.723982130724362349e-01
9.727843408043285178e-01
9.732511393987189896e-01
9.738125855475661119e-01
9.744847562866546520e-01
9.752854064001978962e-01
9.762334720767366081e-01
9.773476110704407693e-01
9.786451798257773671e-01
9.801412691761590690e-01
9.818473717078908258e-01
9.837708934761921764e-01
9.859149440700222256e-01
9.879214116607060170e-01
9.865956860708617882e-01
9.852496570395741227e-01
9.838845465976442384e-01
9.825012644473859469e-01
9.811008254367769021e-01
9.796844624952243397e-01
9.782540594087602015e-01
9.768123041995019351e-01
9.753628112025044539e-01
9.737554985408819475e-01
9.721119745469177786e-01
9.704698619567746487e-01
9.665034084737810227e-01
9.619892182972287209e-01
9.573544378863952931e-01
9.526077260135062952e-01
9.477610332013931549e-01
9.428296909181668184e-01
9.378318904489649777e-01
9.327878188468669007e-01
9.277187654360787850e-01
9.226459415581776957e-01
9.175895105087619186e-01
9.125678519877937767e-01
9.075969647817337949e-01
9.026903370107015601e-01
8.978591121976131628e-01
8.931126133452342852e-01
8.884591292317711719e-01
8.839067565115745762e-01
8.794642630404402306e-01
8.751415563472652037e-01
8.709498287690792262e-01
8.669013026822575130e-01
8.630084408999065815e-01
8.592830085859405331e-01
8.557349160628336948e-01
8.523710840799170185e-01
8.491945912792254747e-01
8.462041342449442283e-01
8.433940627678460089e-01
8.407549096841651082e-01
8.382744291180593832e-01
8.359390000312398872e-01
8.337351008133540020e-01
8.316507619498527681e-01
8.296766613295167847e-01
8.278067251724618991e-01
8.260382401011248099e-01
8.243713774028863517e-01
8.228083249546956912e-01
8.213521759779287557e-01
8.200057377377578671e-01
8.187705368293852759e-01
8.176461022023762126e-01
8.166296860512352040e-01
8.157164020209671795e-01
8.148996831256198892e-01
8.141720007939630133e-01
8.135255766211689776e-01
8.129529959487867830e-01
8.124475996928942623e-01
8.120035648038902432e-01
8.116157806207355829e-01
8.112795543044476476e-01
8.109903040423357412e-01
8.107433753217437866e-01
8.105340459057067681e-01
8.103578039481205142e-01
8.102108177818264645e-01
8.100905150452860637e-01
8.099961259857811902e-01
8.099289860132368180e-01
8.098925054234518139e-01
8.098916997534986173e-01
8.099322949768492652e-01
8.100195425771641311e-01
8.101568956212047423e-01
8.103448095042996568e-01
8.105798868419233916e-01
8.108545455449155392e-01
8.111573343366663691e-01
8.114738546221164084e-01
8.117882016827083769e-01
8.121154830602093089e-01
8.124489687068946475e-01
8.127087328488620255e-01
8.129065805509113618e-01
8.130980491391167631e-01
8.132300039419598781e-01
8.133111823261667261e-01
8.134059391992771726e-01
8.134880353996801761e-01
8.135566112427562446e-01
8.136673460476414599e-01
8.138114943077240371e-01
8.139755752008488443e-01
8.142074953387034020e-01
8.145203626162360599e-01
8.149093187195988186e-01
8.154286377684840659e-01
8.161112412634051738e-01
8.169430057283034730e-01
8.179308408023400201e-01
8.190411871966063462e-01
8.201659262837789344e-01
8.211999355098377196e-01
8.220250554381727248e-01
8.224971049274858448e-01
8.225183048010130671e-01
8.220488757730732843e-01
8.210860228043295184e-01
8.197017779412575367e-01
8.180540693323944401e-01
8.163334556409505005e-01
8.147593081547072069e-01
8.135662456221726124e-01
8.129302925642170052e-01
8.129496993149806228e-01
8.136423096880033290e-01
8.149156501496114258e-01
8.165808506307521419e-01
8.183946654100293649e-01
8.200779483744412568e-01
8.213458857640014710e-01
8.219595565101603940e-01
8.217505621288083706e-01
8.206345671627053306e-01
8.186394359005413346e-01
8.159058079053235213e-01
8.126620520376258705e-01
8.092124845606746275e-01
8.059052165115667687e-01
8.030848452409973248e-01
8.010636242918736105e-01
8.000908761963216875e-01
8.003186933254093915e-01
8.017813391780482801e-01
8.043878241374161631e-01
8.079131081091333044e-01
8.120059409518901594e-01
8.162219413074165431e-01
8.200584577820309029e-01
8.230049281877521716e-01
8.246094462370373579e-01
8.245355635278904805e-01
8.226135920877692964e-01
8.188849029565643534e-01
8.136198141328270239e-01
8.073076537350051263e-01
8.006234472781310618e-01
7.943636355765933965e-01
7.893531359016381366e-01
7.863427869800666548e-01
7.859054283900490656e-01
7.883391415697380555e-01
7.936031044200343443e-01
8.012923048689378769e-01
8.106519211302769534e-01
8.206426062335390181e-01
8.300473194556150514e-01
8.376075816450673228e-01
8.421793887541922929e-01
8.428894274293083910e-01
8.392694659362589515e-01
8.313503444995746783e-01
8.197028198194279414e-01
8.054112113010156726e-01
7.899795203305293168e-01
7.751806370977064597e-01
7.628593373396990174e-01
7.547119689475568771e-01
7.520689573915325665e-01
7.557028767414819548e-01
7.656866144832249477e-01
7.813224668974629861e-01
8.011561777435325382e-01
8.230824495225826931e-01
8.445390030579131846e-01
8.627760621661936247e-01
8.751750782200249379e-01
8.795839748198887031e-01
8.746309394891197408e-01
8.599732536576448760e-01
8.364439049109726465e-01
8.060654645193328083e-01
7.719131796257434619e-01
7.378299446010534446e-01
7.080166697320152691e-01
6.865422155468816623e-01
6.768289671097976745e-01
6.811746580418404085e-01
7.003646397798335421e-01
7.334237221309582999e-01
7.775565068939296332e-01
8.283071947263833668e-01
8.799422575219645326e-01
8.804394822222921801e-01
8.639164809608504969e-01
8.490002222503293394e-01
8.376502120963222886e-01
8.315669022412335298e-01
8.319497167656096925e-01
8.280959136977776858e-01
7.500692871218418434e-01
6.698552287182103493e-01
5.972374955736707847e-01
5.422534843742929933e-01
5.131316950054058967e-01
5.219127140601107495e-01
5.634502972632344786e-01
nan
nan
nan
nan
nan
nan
nan
nan
nan
nan
nan
nan
nan
nan
nan
nan
nan
nan
nan
nan
nan
nan
nan
nan
nan
nan
nan
nan
nan
nan
nan
nan
nan
nan
nan
nan
nan
nan
nan
nan
nan
nan
nan
nan
nan
nan
nan
nan
nan
nan
nan
nan
nan
nan
nan
nan
nan
nan
nan
nan
nan
nan
nan
nan
nan
nan
nan
nan
nan
nan
nan
nan
nan
nan
nan
nan
nan
nan
nan
nan
nan
nan
nan
nan
nan
nan
nan
nan
nan
nan
nan
nan
nan
nan
nan
nan
nan
nan
nan
nan
nan
nan
nan
nan
nan
nan
nan
nan
nan
nan
nan
nan
nan
nan
nan
nan
nan
nan
nan
nan
nan
nan
nan
nan
nan
nan
nan
nan
nan
nan
nan
nan
nan
nan
nan
nan
nan
nan
nan
nan
nan
nan
nan
nan
nan
nan
nan
nan
nan
nan
nan
nan
nan
nan
nan
nan
nan
nan
nan
nan
nan
nan
nan
nan
nan
nan
nan
nan
nan
nan
nan
nan
nan
nan
