1.273780718410000077e+02
1.079761943320000057e+02
1.090443998940000085e+02
1.091728692600000130e+02
1.099163063190000003e+02
1.132790897030000110e+02
1.128884507890000037e+02
1.129777045720000075e+02
1.133824060670000051e+02
1.129217865390000100e+02
1.129325240680000064e+02
1.134570964180000061e+02
1.125707190800000035e+02
1.129350059160000086e+02
1.132096153240000120e+02
1.122966474510000126e+02
1.128854233720000053e+02
1.129427399480000105e+02
1.130077063770000052e+02
1.134808268110000000e+02
1.129861176050000040e+02
1.126353486650000093e+02
1.133616494990000092e+02
1.131145108520000093e+02
1.123546392820000079e+02
1.122674165510000108e+02
1.122803019430000120e+02
1.130127178290000103e+02
1.126829301250000128e+02
1.129597138090000072e+02
1.125584047960000049e+02
1.126953829020000057e+02
1.129423427070000088e+02
1.129206721560000091e+02
1.128267604340000076e+02
1.127659151180000094e+02
1.127525357260000050e+02
1.128024417770000127e+02
1.130510515400000031e+02
1.124172812760000113e+02
1.135257063970000075e+02
1.133327861910000109e+02
1.134751831100000032e+02
1.130031785460000009e+02
1.132376172330000088e+02
1.134071957450000099e+02
1.134489379810000003e+02
1.132209994690000059e+02
1.133286762290000098e+02
9.574047940300000903e+01
6.423458069299999806e+01
6.650589140800001076e+01
6.434431039300000066e+01
6.709037372000000232e+01
7.059094864899999777e+01
6.681915623199999743e+01
6.517640706200000977e+01
6.479164457400000288e+01
6.695553190799999754e+01
1.014672723780000041e+02
1.083831614880000132e+02
1.074164482570000132e+02
1.078212669320000003e+02
1.074400348830000098e+02
1.076438902020000086e+02
1.070814268590000040e+02
1.077882345100000094e+02
1.076878857730000050e+02
1.066996008830000022e+02
1.079052384430000018e+02
1.077536801950000012e+02
1.075366325940000110e+02
1.072923779870000089e+02
1.076460002940000038e+02
1.080013908840000028e+02
1.070917226950000014e+02
1.078108251630000041e+02
1.080258814470000033e+02
1.070297640650000091e+02
1.077863395560000015e+02
1.070333033780000136e+02
1.070295525370000007e+02
1.066539226080000020e+02
1.069944552280000067e+02
1.066754775890000104e+02
1.075106742190000091e+02
1.069371317990000136e+02
1.062791499100000010e+02
1.070700843900000052e+02
1.068075490700000074e+02
1.066151334680000105e+02
1.068967463340000137e+02
1.068737226890000045e+02
1.071770960550000069e+02
1.062744196870000053e+02
1.074901181580000014e+02
1.067836196740000076e+02
1.075092055440000109e+02
1.074886484980000034e+02
1.068840002220000116e+02
1.076195156360000027e+02
1.077530938700000007e+02
1.066323822470000096e+02
1.068478169070000092e+02
1.070901370350000121e+02
1.071829031200000060e+02
1.067990996860000052e+02
1.069225988610000115e+02
1.070350594870000123e+02
1.064392615020000079e+02
1.067061488700000069e+02
1.068054398930000133e+02
1.071121938070000112e+02
1.066091711840000045e+02
1.072692015400000116e+02
1.064677280950000124e+02
1.067586084610000086e+02
1.068659753220000113e+02
1.067963502820000059e+02
1.065986658450000135e+02
1.066478794200000095e+02
1.070413596830000102e+02
1.068454597450000136e+02
1.062626623170000073e+02
1.069355499350000116e+02
1.069910815990000117e+02
1.064739654190000095e+02
1.061329198330000025e+02
1.074274745500000137e+02
1.076224513840000014e+02
1.071460396930000059e+02
1.075648795530000115e+02
1.071488693340000111e+02
1.067193878870000106e+02
9.786303414200000361e+01
9.244965335900000980e+01
9.236481779200001085e+01
9.266615797200000770e+01
9.250946179299999983e+01
9.257907239200000049e+01
9.219875222200001019e+01
9.242295101800000623e+01
9.263475428000000989e+01
9.255441929000001267e+01
9.246677554300001134e+01
9.261360957100001201e+01
9.225283279600000697e+01
9.243323620099999971e+01
9.225703984100000810e+01
9.261880264100000204e+01
9.236930982200000528e+01
9.269510681100000227e+01
9.230397606400001109e+01
9.243970981600000414e+01
9.231041241400001240e+01
9.246985757800000272e+01
9.271813643900000557e+01
9.265686581799999999e+01
9.244856205400000704e+01
9.277968932000000279e+01
9.246548073300000681e+01
9.242768428200000130e+01
9.247234922799999879e+01
9.206031114300000695e+01
9.231341657100000475e+01
9.253043561500000180e+01
9.316461965999999961e+01
9.312039750900000001e+01
9.343344158800000798e+01
9.355998598700000457e+01
9.319851080300000490e+01
9.357319513600000960e+01
9.332333159700000635e+01
9.304362594400001285e+01
9.331436409600000559e+01
9.307399641900001086e+01
9.333129935700000601e+01
9.304055906000000675e+01
9.314594073600000002e+01
9.283708561500000656e+01
9.332721169200000588e+01
9.299178420500000186e+01
9.330049191100000883e+01
9.306403949100000261e+01
9.333617040100000395e+01
9.325937076499999989e+01
9.259148550100000818e+01
9.309251648600000806e+01
9.296357914800000799e+01
9.299727265300001022e+01
9.308373704500000656e+01
9.313718534200000931e+01
9.309731265000000633e+01
9.281437674700001139e+01
9.305683475100001090e+01
9.305435176100000660e+01
9.317913771800000688e+01
9.310253073100000165e+01
9.301365486000000260e+01
9.291201703000000123e+01
6.991044333199999983e+01
7.012661957699999959e+01
6.970070182100000977e+01
6.968032990800000448e+01
6.993322416200000191e+01
6.991327174799999966e+01
6.993102679500000818e+01
6.972761607500000025e+01
6.989692754300000388e+01
6.991583265600000630e+01
6.999432700300000931e+01
7.000523450400000058e+01
7.007134602800000778e+01
6.975689501800000869e+01
6.993801891300000761e+01
6.986049226200000817e+01
6.987902981300000249e+01
6.988967573499999730e+01
6.985487832700000865e+01
6.977555510700000241e+01
6.987738634699999807e+01
6.999802680900000951e+01
6.983258836900000688e+01
6.993915268300000321e+01
6.985437037399999838e+01
6.968950313800000629e+01
6.970761328200001117e+01
6.972233535300000540e+01
6.984427728200000729e+01
6.969549486500000057e+01
6.985308985700000051e+01
6.974869922500000996e+01
6.990327436900000180e+01
6.988645794900000396e+01
6.983913952400000369e+01
6.981288697000000809e+01
6.973354387800000609e+01
6.971404635100000746e+01
6.994100489299999879e+01
6.980415982600000291e+01
7.001410246900000800e+01
6.978796140100000400e+01
6.991406526000000099e+01
6.989530691400000251e+01
6.976119156300001123e+01
6.984879098999999769e+01
6.975102223300000048e+01
6.982710260100000710e+01
6.976135737500000289e+01
6.987757819800000902e+01
6.999420730800000001e+01
6.969372256900000195e+01
6.962953578200000493e+01
6.968306799100000148e+01
6.969586295599999914e+01
6.974394188700000541e+01
6.966678901699999926e+01
6.960105467099999998e+01
6.940443388700001037e+01
6.955111991200000432e+01
6.966787018400000875e+01
6.968730516600000158e+01
6.968246172800000693e+01
6.966993204100000980e+01
6.942180938900000342e+01
6.953556483500000240e+01
6.953389811000000975e+01
6.947941524600000207e+01
6.971441370800000925e+01
6.966843182700000625e+01
6.974249440200000549e+01
6.995126655200000698e+01
6.947733781600000214e+01
6.975758330200000046e+01
6.971935274400000537e+01
6.985505357499999946e+01
7.001895827900000313e+01
6.989008785000000046e+01
6.982166344099999833e+01
6.988445564300000967e+01
7.006779085499999837e+01
7.001695606399999861e+01
6.994083971599999927e+01
7.001538071800000296e+01
6.994745826300000147e+01
6.995612213500000109e+01
6.992011499100000549e+01
7.013434574600000815e+01
7.011875178900000094e+01
7.014823588800000209e+01
6.972755066999999940e+01
6.977631370000000288e+01
6.977509327900000358e+01
6.965991564800000901e+01
6.998100115500000129e+01
7.014281571400000814e+01
6.997204294099999800e+01
7.002360222699999781e+01
6.993274739200001022e+01
6.999735822200000257e+01
7.013104613400000176e+01
7.006117331500000489e+01
7.012056742000000042e+01
7.018697543400000427e+01
7.016785285900000702e+01
6.999344812100000013e+01
7.004404936900000678e+01
7.031641364000000749e+01
7.008797060999999928e+01
7.008038732300001072e+01
7.003026552000000038e+01
9.356323068800000442e+01
9.336543332300000486e+01
9.329180723400000375e+01
7.006731478400000412e+01
7.020042917600000010e+01
7.000617037900001094e+01
6.988695519300000569e+01
6.999166581800000131e+01
9.342794480599999929e+01
1.044558178090000098e+02
1.124599255640000024e+02
1.130588992850000096e+02
2.947288606680000385e+02
2.788296588291000262e+03
2.810119320969999990e+03
2.297399816841000302e+03
3.765169914940000240e+02
1.577879274100000018e+01
1.573061798800000055e+01
1.604176482800000159e+01
1.630515993400000241e+01
1.611049083400000015e+01
1.594865571500000101e+01
1.597381930800000127e+01
1.587369214500000147e+01
1.597505618200000121e+01
1.592982569000000126e+01
1.608078653600000152e+01
1.601065605100000155e+01
1.602321580799999978e+01
1.575577905400000134e+01
1.640136060500000070e+01
1.605778576700000215e+01
1.665185345000000083e+01
1.620419418400000211e+01
1.580073954300000061e+01
1.582943350000000038e+01
1.647521319100000170e+01
1.601919016600000134e+01
1.612039777800000095e+01
1.611727303099999986e+01
1.640643405000000143e+01
1.844242172100000232e+01
2.732236762200000157e+01
2.653291080199999996e+01
2.708127231700000337e+01
2.712924411400000224e+01
2.709461619300000024e+01
2.648921705200000076e+01
2.750194038100000071e+01
2.690795876000000320e+01
2.614059026400000008e+01
2.737250488300000129e+01
2.700729179100000010e+01
2.620860852800000274e+01
2.684546901300000243e+01
2.693247231800000208e+01
2.598175712500000145e+01
2.680636815300000109e+01
2.697230619400000151e+01
2.621915020800000207e+01
2.722841014600000165e+01
2.736077513200000055e+01
2.678735381700000318e+01
2.738390871700000062e+01
2.700695277700000219e+01
2.702280802500000334e+01
2.727279931700000049e+01
2.707835772500000004e+01
2.660488703000000044e+01
2.674111753700000094e+01
2.702237860800000036e+01
2.696906862700000218e+01
2.695328862400000247e+01
2.692725514100000339e+01
2.679794615000000135e+01
2.656695887200000072e+01
2.650227123200000179e+01
2.664525860800000245e+01
2.666239696200000253e+01
2.634717364200000134e+01
2.696314753700000111e+01
2.655734423000000177e+01
2.666419884400000129e+01
2.745576436400000020e+01
2.633881151100000295e+01
2.647233750200000202e+01
2.705913958900000083e+01
2.679298666000000040e+01
2.640460013600000266e+01
2.671324544200000162e+01
2.712000899500000273e+01
2.623377803600000036e+01
2.723996218800000335e+01
2.719272076600000076e+01
2.692029657000000142e+01
2.692318121600000325e+01
2.674723962600000249e+01
2.760403901000000104e+01
2.710291204399999998e+01
2.685265589200000136e+01
2.711667991100000208e+01
2.685801426200000108e+01
2.693267414800000026e+01
2.683435070900000241e+01
2.733675606100000266e+01
2.713951334400000093e+01
2.689647527600000032e+01
2.736374800800000173e+01
2.705493049100000036e+01
2.688815344500000037e+01
2.711403804700000109e+01
2.693613027300000340e+01
2.693676522600000212e+01
2.666400639800000150e+01
2.745410462500000293e+01
2.646584645000000080e+01
2.674851204100000146e+01
2.753366618900000162e+01
2.641582655200000218e+01
2.682691797700000080e+01
2.641516777900000079e+01
2.749423565600000074e+01
2.705059092600000170e+01
2.651141456200000235e+01
2.697276089700000057e+01
2.679898888300000337e+01
2.700740764500000068e+01
2.678209857100000235e+01
2.753152634000000276e+01
2.732256402500000192e+01
2.709881577700000221e+01
2.683973041900000212e+01
2.705421281200000294e+01
2.670807665800000308e+01
2.668854641900000146e+01
2.735217798700000102e+01
2.640698293600000213e+01
2.646233736100000300e+01
2.725684850100000034e+01
2.618167436500000278e+01
2.681401305900000054e+01
2.653094687500000148e+01
2.675352049399999999e+01
2.677402257399999996e+01
2.627922118700000098e+01
2.724144331100000116e+01
2.678368842600000121e+01
2.667929042300000120e+01
2.674322749300000268e+01
2.741509969300000193e+01
2.739724583899999999e+01
2.657941249600000333e+01
2.748420624600000295e+01
2.735604359300000255e+01
2.692398327400000113e+01
2.706678498000000133e+01
2.703481930100000241e+01
2.697307227000000296e+01
2.669505654100000314e+01
2.734452716200000211e+01
2.707870417900000248e+01
2.617465708300000315e+01
2.723064056300000146e+01
2.690543683100000294e+01
2.681284300200000104e+01
2.770294493000000102e+01
2.756309039300000308e+01
2.699218203100000224e+01
2.694562103000000164e+01
2.746077206000000004e+01
2.682580881000000161e+01
2.647990651600000334e+01
2.646348152800000264e+01
2.692990752700000101e+01
2.729673098000000309e+01
2.677965436200000227e+01
2.682731152700000266e+01
2.702077208800000108e+01
2.706264485100000172e+01
2.709979498600000269e+01
2.649450287500000201e+01
2.739652496400000103e+01
2.700187894100000108e+01
2.688111366300000071e+01
2.684526227600000325e+01
2.849736884000000003e+01
2.653007018700000330e+01
1.750900840799999969e+01
1.594451879700000063e+01
