1.226203991098973773e+02
-7.477694550367397497e-04
-7.495224167292091622e-04
-7.528453666583168058e-04
-7.577433709798908623e-04
-7.642267171592553865e-04
-7.723114392177432563e-04
-7.828334843140716259e-04
-7.947017765241870535e-04
-8.084512024414403086e-04
-8.241810369319368945e-04
-8.419816836524596226e-04
-8.619647471064251221e-04
-8.855026358972617473e-04
-9.106675178394141312e-04
-9.385257392774404295e-04
-9.692419538631646958e-04
-1.003007859920468370e-03
-1.040034611030082878e-03
-1.080554729096516731e-03
-1.125590469858162024e-03
-1.174030515846413714e-03
-1.226825062192182791e-03
-1.284316940908247773e-03
-1.346879306002302101e-03
-1.414911888389380756e-03
-1.488830973811472447e-03
-1.569000036394374575e-03
-1.655878369380414661e-03
-1.749698880754158026e-03
-1.851044708026106100e-03
-1.959019918090776358e-03
-2.073874243058160260e-03
-2.195461293486022925e-03
-2.323801912562650784e-03
-2.459146438080206387e-03
-2.601790988793206694e-03
-2.751614660442824878e-03
-2.907653286754463551e-03
-3.068503783384968209e-03
-3.234177789399050873e-03
-3.409533771286943349e-03
-3.606582154175308474e-03
-3.842723776556478121e-03
-4.132154757779948895e-03
-4.477088641291482318e-03
-4.863448797812197633e-03
-5.269436810881322764e-03
-5.680036657768061659e-03
-6.093810420937373351e-03
-6.517318511797820513e-03
-6.958052574446149663e-03
-7.420724680309853660e-03
-7.894704464592172677e-03
-8.337690945298126266e-03
-8.690496503607758605e-03
-8.924697176060369941e-03
-9.068373637413640331e-03
-9.176052890497166104e-03
-9.275478566092565380e-03
-9.352675311158353821e-03
-9.394626374323311602e-03
-9.431162548187432826e-03
-9.521093731743035526e-03
-9.706344555562851362e-03
-9.978621734782477937e-03
-1.027169584541520742e-02
-1.048674764958512640e-02
-1.055137232187919327e-02
-1.047161103026605922e-02
-1.032003200454600922e-02
-1.017175516745960628e-02
-1.006717298603077015e-02
-1.002633013597042932e-02
-1.006230135679186954e-02
-1.017582022330709712e-02
-1.035799225249101063e-02
-1.058467172805610534e-02
-1.080420816311489229e-02
-1.095726162209098575e-02
-1.101256120578097963e-02
-1.097596115522125881e-02
-1.088361172772722707e-02
-1.078958289249531965e-02
-1.073881591785730283e-02
-1.072395319680341519e-02
-1.069536626702172200e-02
-1.066186836605476085e-02
-1.071132854044143379e-02
-1.088397437400134837e-02
-1.112385993087827707e-02
-1.136310711197241474e-02
-1.156863675721986340e-02
-1.171346841005727057e-02
-1.175891642518633873e-02
-1.167130132925797703e-02
-1.144725300090965181e-02
-1.112202194572531333e-02
-1.074971242216726797e-02
-1.036487354968973484e-02
-9.967992766514444103e-03
-9.557990652615810934e-03
-9.169760548689842583e-03
-8.863453124716147435e-03
-8.675843415129058656e-03
-8.592507935958892951e-03
-8.563504165684521219e-03
-8.538377284095233222e-03
-8.490686934412017273e-03
-8.422719668110811853e-03
-8.352555519834659048e-03
-8.292955135907886799e-03
-8.238495107858179178e-03
-8.170526306958136864e-03
-8.073062175713296984e-03
-7.944428891050459018e-03
-7.796053634760713447e-03
-7.642741072240444300e-03
-7.494507831024010969e-03
-7.355306132002248365e-03
-7.226866557165367855e-03
-7.111780727001026925e-03
-7.011776181280182652e-03
-6.922961621268208798e-03
-6.834251736850815995e-03
-6.732390449785963238e-03
-6.609901205302526339e-03
-6.469562665978312310e-03
-6.322323768279125566e-03
-6.180861131514781004e-03
-6.053587961962758612e-03
-5.942486484014630754e-03
-5.844508740499021471e-03
-5.754276333723440384e-03
-5.666237400926699141e-03
-5.575949447625405675e-03
-5.480821593434326289e-03
-5.380434784214849220e-03
-5.276325378555934975e-03
-5.171244272149377874e-03
-5.068134566382775930e-03
-4.969174983389390565e-03
-4.875183423506956881e-03
-4.785524648682343285e-03
-4.698505320473861380e-03
-4.612080852874067549e-03
-4.524600776625170573e-03
-4.435319816739613508e-03
-4.344508663892132638e-03
-4.253172604728322481e-03
-4.162552044190137579e-03
-4.073658382140743495e-03
-3.987049887296117978e-03
-3.902897224104112661e-03
-3.821214373370823703e-03
-3.742046326735137818e-03
-3.665468373357377851e-03
-3.591417302346161522e-03
-3.519516107108877634e-03
-3.449060200170356305e-03
-3.379204991636047817e-03
-3.309241961266945475e-03
-3.238794517523846395e-03
-3.167836674457247259e-03
-3.096565375115822860e-03
-3.025240347776653183e-03
-2.954095841768006325e-03
-2.883353266945609672e-03
-2.813288141615549742e-03
-2.744277903875963487e-03
-2.676784311716334797e-03
-2.611275018295916572e-03
-2.548126725458038644e-03
-2.487557926974387490e-03
-2.429616907183296259e-03
-2.374218966240404516e-03
-2.321204819220185067e-03
-2.270389120508781167e-03
-2.221581799875804730e-03
-2.174584611186469729e-03
-2.129179276569304058e-03
-2.085125383126384957e-03
-2.042176943658352561e-03
-2.000113477229614745e-03
-1.958772561691524139e-03
-1.918070280368389113e-03
-1.878002701578840306e-03
-1.838630528869233949e-03
-1.800055209767031927e-03
-1.762395675269229356e-03
-1.725771301610418140e-03
-1.690291598181736799e-03
-1.656049676588416952e-03
-1.623115962152282821e-03
-1.591530685917524890e-03
-1.561296493087643844e-03
-1.532374417027165814e-03
-1.504686252960102388e-03
-1.478124345900833081e-03
-1.452566929391330142e-03
