0.000000000000000000e+00
1.000000000000000048e-04
1.009999999999999440e-02
2.009999999999993389e-02
3.009999999999987338e-02
4.010000000000012166e-02
5.010000000000040810e-02
6.010000000000069453e-02
7.010000000000098097e-02
8.010000000000126741e-02
9.010000000000155385e-02
1.001000000000018403e-01
1.101000000000021267e-01
1.201000000000024132e-01
1.301000000000019918e-01
1.401000000000008905e-01
1.500999999999997891e-01
1.600999999999986878e-01
1.700999999999975865e-01
1.800999999999964851e-01
1.900999999999953838e-01
2.000999999999942824e-01
2.100999999999931811e-01
2.200999999999920798e-01
2.300999999999909784e-01
2.400999999999898771e-01
2.500999999999887757e-01
2.600999999999876744e-01
2.700999999999865731e-01
2.800999999999854717e-01
2.900999999999843704e-01
3.000999999999832690e-01
3.100999999999821677e-01
3.200999999999810663e-01
3.300999999999799650e-01
3.400999999999788637e-01
3.500999999999777623e-01
3.600999999999766610e-01
3.700999999999755596e-01
3.800999999999744583e-01
3.900999999999733570e-01
4.000999999999722556e-01
4.100999999999711543e-01
4.200999999999700529e-01
4.300999999999689516e-01
4.400999999999678503e-01
4.500999999999667489e-01
4.600999999999656476e-01
4.700999999999645462e-01
4.800999999999634449e-01
4.900999999999623435e-01
5.000999999999612422e-01
5.100999999999601409e-01
5.200999999999590395e-01
5.300999999999579382e-01
5.400999999999568368e-01
5.500999999999557355e-01
5.600999999999546342e-01
5.700999999999535328e-01
5.800999999999524315e-01
5.900999999999513301e-01
6.000999999999502288e-01
6.100999999999491274e-01
6.200999999999480261e-01
6.300999999999469248e-01
6.400999999999458234e-01
6.500999999999447221e-01
6.600999999999436207e-01
6.700999999999425194e-01
6.800999999999414181e-01
6.900999999999403167e-01
7.000999999999392154e-01
7.100999999999381140e-01
7.200999999999370127e-01
7.300999999999359114e-01
7.400999999999348100e-01
7.500999999999337087e-01
7.600999999999326073e-01
7.700999999999315060e-01
7.800999999999304046e-01
7.900999999999293033e-01
8.000999999999282020e-01
8.100999999999271006e-01
8.200999999999259993e-01
8.300999999999248979e-01
8.400999999999237966e-01
8.500999999999226953e-01
8.600999999999215939e-01
8.700999999999204926e-01
8.800999999999193912e-01
8.900999999999182899e-01
9.000999999999171886e-01
9.100999999999160872e-01
9.200999999999149859e-01
9.300999999999138845e-01
9.400999999999127832e-01
9.500999999999116818e-01
9.600999999999105805e-01
9.700999999999094792e-01
9.800999999999083778e-01
9.900999999999072765e-01
1.000099999999906286e+00
1.010099999999905185e+00
1.020099999999904083e+00
1.030099999999902982e+00
1.040099999999901881e+00
1.050099999999900779e+00
1.060099999999899678e+00
1.070099999999898577e+00
1.080099999999897475e+00
1.090099999999896374e+00
1.100099999999895273e+00
1.110099999999894171e+00
1.120099999999893070e+00
1.130099999999891969e+00
1.140099999999890867e+00
1.150099999999889766e+00
1.160099999999888665e+00
1.170099999999887563e+00
1.180099999999886462e+00
1.190099999999885361e+00
1.200099999999884259e+00
1.210099999999883158e+00
1.220099999999882057e+00
1.230099999999880955e+00
1.240099999999879854e+00
1.250099999999878753e+00
1.260099999999877651e+00
1.270099999999876550e+00
1.280099999999875449e+00
1.290099999999874347e+00
1.300099999999873246e+00
1.310099999999872145e+00
1.320099999999871043e+00
1.330099999999869942e+00
1.340099999999868841e+00
1.350099999999867739e+00
1.360099999999866638e+00
1.370099999999865537e+00
1.380099999999864435e+00
1.390099999999863334e+00
1.400099999999862233e+00
1.410099999999861131e+00
1.420099999999860030e+00
1.430099999999858928e+00
1.440099999999857827e+00
1.450099999999856726e+00
1.460099999999855624e+00
1.470099999999854523e+00
1.480099999999853422e+00
1.490099999999852320e+00
1.500099999999851219e+00
1.510099999999850118e+00
1.520099999999849016e+00
1.530099999999847915e+00
1.540099999999846814e+00
1.550099999999845712e+00
1.560099999999844611e+00
1.570099999999843510e+00
1.580099999999842408e+00
1.590099999999841307e+00
1.600099999999840206e+00
1.610099999999839104e+00
1.620099999999838003e+00
1.630099999999836902e+00
1.640099999999835800e+00
1.650099999999834699e+00
1.660099999999833598e+00
1.670099999999832496e+00
1.680099999999831395e+00
1.690099999999830294e+00
1.700099999999829192e+00
1.710099999999828091e+00
1.720099999999826990e+00
1.730099999999825888e+00
1.740099999999824787e+00
1.750099999999823686e+00
1.760099999999822584e+00
1.770099999999821483e+00
1.780099999999820382e+00
1.790099999999819280e+00
1.800099999999818179e+00
1.810099999999817078e+00
1.820099999999815976e+00
1.830099999999814875e+00
1.840099999999813773e+00
1.850099999999812672e+00
1.860099999999811571e+00
1.870099999999810469e+00
1.880099999999809368e+00
1.890099999999808267e+00
1.900099999999807165e+00
1.910099999999806064e+00
1.920099999999804963e+00
1.930099999999803861e+00
1.940099999999802760e+00
1.950099999999801659e+00
1.960099999999800557e+00
1.970099999999799456e+00
1.980099999999798355e+00
1.990099999999797253e+00
2.000099999999796374e+00
2.010099999999817477e+00
2.020099999999838580e+00
2.030099999999859683e+00
2.040099999999880787e+00
2.050099999999901890e+00
2.060099999999922993e+00
2.070099999999944096e+00
2.080099999999965199e+00
2.090099999999986302e+00
2.100100000000007405e+00
2.110100000000028508e+00
2.120100000000049612e+00
2.130100000000070715e+00
2.140100000000091818e+00
2.150100000000112921e+00
2.160100000000134024e+00
2.170100000000155127e+00
2.180100000000176230e+00
2.190100000000197333e+00
2.200100000000218436e+00
2.210100000000239540e+00
2.220100000000260643e+00
2.230100000000281746e+00
2.240100000000302849e+00
2.250100000000323952e+00
2.260100000000345055e+00
2.270100000000366158e+00
2.280100000000387261e+00
2.290100000000408365e+00
2.300100000000429468e+00
2.310100000000450571e+00
2.320100000000471674e+00
2.330100000000492777e+00
2.340100000000513880e+00
2.350100000000534983e+00
2.360100000000556086e+00
2.370100000000577189e+00
2.380100000000598293e+00
2.390100000000619396e+00
2.400100000000640499e+00
2.410100000000661602e+00
2.420100000000682705e+00
2.430100000000703808e+00
2.440100000000724911e+00
2.450100000000746014e+00
2.460100000000767118e+00
2.470100000000788221e+00
2.480100000000809324e+00
2.490100000000830427e+00
2.500100000000851530e+00
2.510100000000872633e+00
2.520100000000893736e+00
2.530100000000914839e+00
2.540100000000935943e+00
2.550100000000957046e+00
2.560100000000978149e+00
2.570100000000999252e+00
2.580100000001020355e+00
2.590100000001041458e+00
2.600100000001062561e+00
2.610100000001083664e+00
2.620100000001104767e+00
2.630100000001125871e+00
2.640100000001146974e+00
2.650100000001168077e+00
2.660100000001189180e+00
2.670100000001210283e+00
2.680100000001231386e+00
2.690100000001252489e+00
2.700100000001273592e+00
2.710100000001294696e+00
2.720100000001315799e+00
2.730100000001336902e+00
2.740100000001358005e+00
2.750100000001379108e+00
2.760100000001400211e+00
2.770100000001421314e+00
2.780100000001442417e+00
2.790100000001463521e+00
2.800100000001484624e+00
2.810100000001505727e+00
2.820100000001526830e+00
2.830100000001547933e+00
2.840100000001569036e+00
2.850100000001590139e+00
2.860100000001611242e+00
2.870100000001632345e+00
2.880100000001653449e+00
2.890100000001674552e+00
2.900100000001695655e+00
2.910100000001716758e+00
2.920100000001737861e+00
2.930100000001758964e+00
2.940100000001780067e+00
2.950100000001801170e+00
2.960100000001822274e+00
2.970100000001843377e+00
2.980100000001864480e+00
2.990100000001885583e+00
3.000100000001906686e+00
3.010100000001927789e+00
3.020100000001948892e+00
3.030100000001969995e+00
3.040100000001991098e+00
3.050100000002012202e+00
3.060100000002033305e+00
3.070100000002054408e+00
3.080100000002075511e+00
3.090100000002096614e+00
3.100100000002117717e+00
3.110100000002138820e+00
3.120100000002159923e+00
3.130100000002181027e+00
3.140100000002202130e+00
3.150100000002223233e+00
3.160100000002244336e+00
3.170100000002265439e+00
3.180100000002286542e+00
3.190100000002307645e+00
3.200100000002328748e+00
3.210100000002349852e+00
3.220100000002370955e+00
3.230100000002392058e+00
3.240100000002413161e+00
3.250100000002434264e+00
3.260100000002455367e+00
3.270100000002476470e+00
3.280100000002497573e+00
3.290100000002518676e+00
3.300100000002539780e+00
3.310100000002560883e+00
3.320100000002581986e+00
3.330100000002603089e+00
3.340100000002624192e+00
3.350100000002645295e+00
3.360100000002666398e+00
3.370100000002687501e+00
3.380100000002708605e+00
3.390100000002729708e+00
3.400100000002750811e+00
3.410100000002771914e+00
3.420100000002793017e+00
3.430100000002814120e+00
3.440100000002835223e+00
3.450100000002856326e+00
3.460100000002877429e+00
3.470100000002898533e+00
3.480100000002919636e+00
3.490100000002940739e+00
3.500100000002961842e+00
3.510100000002982945e+00
3.520100000003004048e+00
3.530100000003025151e+00
3.540100000003046254e+00
3.550100000003067358e+00
3.560100000003088461e+00
3.570100000003109564e+00
3.580100000003130667e+00
3.590100000003151770e+00
3.600100000003172873e+00
3.610100000003193976e+00
3.620100000003215079e+00
3.630100000003236183e+00
3.640100000003257286e+00
3.650100000003278389e+00
3.660100000003299492e+00
3.670100000003320595e+00
3.680100000003341698e+00
3.690100000003362801e+00
3.700100000003383904e+00
3.710100000003405007e+00
3.720100000003426111e+00
3.730100000003447214e+00
3.740100000003468317e+00
3.750100000003489420e+00
3.760100000003510523e+00
3.770100000003531626e+00
3.780100000003552729e+00
3.790100000003573832e+00
3.800100000003594936e+00
3.810100000003616039e+00
3.820100000003637142e+00
3.830100000003658245e+00
3.840100000003679348e+00
3.850100000003700451e+00
3.860100000003721554e+00
3.870100000003742657e+00
3.880100000003763761e+00
3.890100000003784864e+00
3.900100000003805967e+00
3.910100000003827070e+00
3.920100000003848173e+00
3.930100000003869276e+00
3.940100000003890379e+00
3.950100000003911482e+00
3.960100000003932585e+00
3.970100000003953689e+00
3.980100000003974792e+00
3.990100000003995895e+00
4.000100000004016110e+00
4.010100000003992804e+00
4.020100000003969498e+00
4.030100000003946192e+00
4.040100000003922887e+00
4.050100000003899581e+00
4.060100000003876275e+00
4.070100000003852969e+00
4.080100000003829663e+00
4.090100000003806358e+00
4.100100000003783052e+00
4.110100000003759746e+00
4.120100000003736440e+00
4.130100000003713134e+00
4.140100000003689829e+00
4.150100000003666523e+00
4.160100000003643217e+00
4.170100000003619911e+00
4.180100000003596605e+00
4.190100000003573300e+00
4.200100000003549994e+00
4.210100000003526688e+00
4.220100000003503382e+00
4.230100000003480076e+00
4.240100000003456771e+00
4.250100000003433465e+00
4.260100000003410159e+00
4.270100000003386853e+00
4.280100000003363547e+00
4.290100000003340242e+00
4.300100000003316936e+00
4.310100000003293630e+00
4.320100000003270324e+00
4.330100000003247018e+00
4.340100000003223712e+00
4.350100000003200407e+00
4.360100000003177101e+00
4.370100000003153795e+00
4.380100000003130489e+00
4.390100000003107183e+00
4.400100000003083878e+00
4.410100000003060572e+00
4.420100000003037266e+00
4.430100000003013960e+00
4.440100000002990654e+00
4.450100000002967349e+00
4.460100000002944043e+00
4.470100000002920737e+00
4.480100000002897431e+00
4.490100000002874125e+00
4.500100000002850820e+00
4.510100000002827514e+00
4.520100000002804208e+00
4.530100000002780902e+00
4.540100000002757596e+00
4.550100000002734291e+00
4.560100000002710985e+00
4.570100000002687679e+00
4.580100000002664373e+00
4.590100000002641067e+00
4.600100000002617762e+00
4.610100000002594456e+00
4.620100000002571150e+00
4.630100000002547844e+00
4.640100000002524538e+00
4.650100000002501233e+00
4.660100000002477927e+00
4.670100000002454621e+00
4.680100000002431315e+00
4.690100000002408009e+00
4.700100000002384704e+00
4.710100000002361398e+00
4.720100000002338092e+00
4.730100000002314786e+00
4.740100000002291480e+00
4.750100000002268175e+00
4.760100000002244869e+00
4.770100000002221563e+00
4.780100000002198257e+00
4.790100000002174951e+00
4.800100000002151646e+00
4.810100000002128340e+00
4.820100000002105034e+00
4.830100000002081728e+00
4.840100000002058422e+00
4.850100000002035117e+00
4.860100000002011811e+00
4.870100000001988505e+00
4.880100000001965199e+00
4.890100000001941893e+00
4.900100000001918588e+00
4.910100000001895282e+00
4.920100000001871976e+00
4.930100000001848670e+00
4.940100000001825364e+00
4.950100000001802059e+00
4.960100000001778753e+00
4.970100000001755447e+00
4.980100000001732141e+00
4.990100000001708835e+00
5.000100000001685530e+00
5.010100000001662224e+00
5.020100000001638918e+00
5.030100000001615612e+00
5.040100000001592306e+00
5.050100000001569001e+00
5.060100000001545695e+00
5.070100000001522389e+00
5.080100000001499083e+00
5.090100000001475777e+00
5.100100000001452472e+00
5.110100000001429166e+00
5.120100000001405860e+00
5.130100000001382554e+00
5.140100000001359248e+00
5.150100000001335943e+00
5.160100000001312637e+00
5.170100000001289331e+00
5.180100000001266025e+00
5.190100000001242719e+00
5.200100000001219414e+00
5.210100000001196108e+00
5.220100000001172802e+00
5.230100000001149496e+00
5.240100000001126190e+00
5.250100000001102885e+00
5.260100000001079579e+00
5.270100000001056273e+00
5.280100000001032967e+00
5.290100000001009661e+00
5.300100000000986356e+00
5.310100000000963050e+00
5.320100000000939744e+00
5.330100000000916438e+00
5.340100000000893132e+00
5.350100000000869827e+00
5.360100000000846521e+00
5.370100000000823215e+00
5.380100000000799909e+00
5.390100000000776603e+00
5.400100000000753298e+00
5.410100000000729992e+00
5.420100000000706686e+00
5.430100000000683380e+00
5.440100000000660074e+00
5.450100000000636769e+00
5.460100000000613463e+00
5.470100000000590157e+00
5.480100000000566851e+00
5.490100000000543545e+00
5.500100000000520239e+00
5.510100000000496934e+00
5.520100000000473628e+00
5.530100000000450322e+00
5.540100000000427016e+00
5.550100000000403710e+00
5.560100000000380405e+00
5.570100000000357099e+00
5.580100000000333793e+00
5.590100000000310487e+00
5.600100000000287181e+00
5.610100000000263876e+00
5.620100000000240570e+00
5.630100000000217264e+00
5.640100000000193958e+00
5.650100000000170652e+00
5.660100000000147347e+00
5.670100000000124041e+00
5.680100000000100735e+00
5.690100000000077429e+00
5.700100000000054123e+00
5.710100000000030818e+00
5.720100000000007512e+00
5.730099999999984206e+00
5.740099999999960900e+00
5.750099999999937594e+00
5.760099999999914289e+00
5.770099999999890983e+00
5.780099999999867677e+00
5.790099999999844371e+00
5.800099999999821065e+00
5.810099999999797760e+00
5.820099999999774454e+00
5.830099999999751148e+00
5.840099999999727842e+00
5.850099999999704536e+00
5.860099999999681231e+00
5.870099999999657925e+00
5.880099999999634619e+00
5.890099999999611313e+00
5.900099999999588007e+00
5.910099999999564702e+00
5.920099999999541396e+00
5.930099999999518090e+00
5.940099999999494784e+00
5.950099999999471478e+00
5.960099999999448173e+00
5.970099999999424867e+00
5.980099999999401561e+00
5.990099999999378255e+00
6.000099999999354949e+00
6.010099999999331644e+00
6.020099999999308338e+00
6.030099999999285032e+00
6.040099999999261726e+00
6.050099999999238420e+00
6.060099999999215115e+00
6.070099999999191809e+00
6.080099999999168503e+00
6.090099999999145197e+00
6.100099999999121891e+00
6.110099999999098586e+00
6.120099999999075280e+00
6.130099999999051974e+00
6.140099999999028668e+00
6.150099999999005362e+00
6.160099999998982057e+00
6.170099999998958751e+00
6.180099999998935445e+00
6.190099999998912139e+00
6.200099999998888833e+00
6.210099999998865528e+00
6.220099999998842222e+00
6.230099999998818916e+00
6.240099999998795610e+00
6.250099999998772304e+00
6.260099999998748999e+00
6.270099999998725693e+00
6.280099999998702387e+00
6.290099999998679081e+00
6.300099999998655775e+00
6.310099999998632470e+00
6.320099999998609164e+00
6.330099999998585858e+00
6.340099999998562552e+00
6.350099999998539246e+00
6.360099999998515941e+00
6.370099999998492635e+00
6.380099999998469329e+00
6.390099999998446023e+00
6.400099999998422717e+00
6.410099999998399412e+00
6.420099999998376106e+00
6.430099999998352800e+00
6.440099999998329494e+00
6.450099999998306188e+00
6.460099999998282883e+00
6.470099999998259577e+00
6.480099999998236271e+00
6.490099999998212965e+00
6.500099999998189659e+00
6.510099999998166354e+00
6.520099999998143048e+00
6.530099999998119742e+00
6.540099999998096436e+00
6.550099999998073130e+00
6.560099999998049825e+00
6.570099999998026519e+00
6.580099999998003213e+00
6.590099999997979907e+00
6.600099999997956601e+00
6.610099999997933296e+00
6.620099999997909990e+00
6.630099999997886684e+00
6.640099999997863378e+00
6.650099999997840072e+00
6.660099999997816766e+00
6.670099999997793461e+00
6.680099999997770155e+00
6.690099999997746849e+00
6.700099999997723543e+00
6.710099999997700237e+00
6.720099999997676932e+00
6.730099999997653626e+00
6.740099999997630320e+00
6.750099999997607014e+00
6.760099999997583708e+00
6.770099999997560403e+00
6.780099999997537097e+00
6.790099999997513791e+00
6.800099999997490485e+00
6.810099999997467179e+00
6.820099999997443874e+00
6.830099999997420568e+00
6.840099999997397262e+00
6.850099999997373956e+00
6.860099999997350650e+00
6.870099999997327345e+00
6.880099999997304039e+00
6.890099999997280733e+00
6.900099999997257427e+00
6.910099999997234121e+00
6.920099999997210816e+00
6.930099999997187510e+00
6.940099999997164204e+00
6.950099999997140898e+00
6.960099999997117592e+00
6.970099999997094287e+00
6.980099999997070981e+00
6.990099999997047675e+00
7.000099999997024369e+00
7.010099999997001063e+00
7.020099999996977758e+00
7.030099999996954452e+00
7.040099999996931146e+00
7.050099999996907840e+00
7.060099999996884534e+00
7.070099999996861229e+00
7.080099999996837923e+00
7.090099999996814617e+00
7.100099999996791311e+00
7.110099999996768005e+00
7.120099999996744700e+00
7.130099999996721394e+00
7.140099999996698088e+00
7.150099999996674782e+00
7.160099999996651476e+00
7.170099999996628171e+00
7.180099999996604865e+00
7.190099999996581559e+00
7.200099999996558253e+00
7.210099999996534947e+00
7.220099999996511642e+00
7.230099999996488336e+00
7.240099999996465030e+00
7.250099999996441724e+00
7.260099999996418418e+00
7.270099999996395113e+00
7.280099999996371807e+00
7.290099999996348501e+00
7.300099999996325195e+00
7.310099999996301889e+00
7.320099999996278584e+00
7.330099999996255278e+00
7.340099999996231972e+00
7.350099999996208666e+00
7.360099999996185360e+00
7.370099999996162055e+00
7.380099999996138749e+00
7.390099999996115443e+00
7.400099999996092137e+00
7.410099999996068831e+00
7.420099999996045526e+00
7.430099999996022220e+00
7.440099999995998914e+00
7.450099999995975608e+00
7.460099999995952302e+00
7.470099999995928997e+00
7.480099999995905691e+00
7.490099999995882385e+00
7.500099999995859079e+00
7.510099999995835773e+00
7.520099999995812468e+00
7.530099999995789162e+00
7.540099999995765856e+00
7.550099999995742550e+00
7.560099999995719244e+00
7.570099999995695939e+00
7.580099999995672633e+00
7.590099999995649327e+00
7.600099999995626021e+00
7.610099999995602715e+00
7.620099999995579410e+00
7.630099999995556104e+00
7.640099999995532798e+00
7.650099999995509492e+00
7.660099999995486186e+00
7.670099999995462881e+00
7.680099999995439575e+00
7.690099999995416269e+00
7.700099999995392963e+00
7.710099999995369657e+00
7.720099999995346352e+00
7.730099999995323046e+00
7.740099999995299740e+00
7.750099999995276434e+00
7.760099999995253128e+00
7.770099999995229823e+00
7.780099999995206517e+00
7.790099999995183211e+00
7.800099999995159905e+00
7.810099999995136599e+00
7.820099999995113293e+00
7.830099999995089988e+00
7.840099999995066682e+00
7.850099999995043376e+00
7.860099999995020070e+00
7.870099999994996764e+00
7.880099999994973459e+00
7.890099999994950153e+00
7.900099999994926847e+00
7.910099999994903541e+00
7.920099999994880235e+00
7.930099999994856930e+00
7.940099999994833624e+00
7.950099999994810318e+00
7.960099999994787012e+00
7.970099999994763706e+00
7.980099999994740401e+00
7.990099999994717095e+00
8.000099999994693789e+00
8.010099999994670483e+00
8.020099999994647177e+00
8.030099999994623872e+00
8.040099999994600566e+00
8.050099999994577260e+00
8.060099999994553954e+00
8.070099999994530648e+00
8.080099999994507343e+00
8.090099999994484037e+00
8.100099999994460731e+00
8.110099999994437425e+00
8.120099999994414119e+00
8.130099999994390814e+00
8.140099999994367508e+00
8.150099999994344202e+00
8.160099999994320896e+00
8.170099999994297590e+00
8.180099999994274285e+00
8.190099999994250979e+00
8.200099999994227673e+00
8.210099999994204367e+00
8.220099999994181061e+00
8.230099999994157756e+00
8.240099999994134450e+00
8.250099999994111144e+00
8.260099999994087838e+00
8.270099999994064532e+00
8.280099999994041227e+00
8.290099999994017921e+00
8.300099999993994615e+00
8.310099999993971309e+00
8.320099999993948003e+00
8.330099999993924698e+00
8.340099999993901392e+00
8.350099999993878086e+00
8.360099999993854780e+00
8.370099999993831474e+00
8.380099999993808169e+00
8.390099999993784863e+00
8.400099999993761557e+00
8.410099999993738251e+00
8.420099999993714945e+00
8.430099999993691640e+00
8.440099999993668334e+00
8.450099999993645028e+00
8.460099999993621722e+00
8.470099999993598416e+00
8.480099999993575111e+00
8.490099999993551805e+00
8.500099999993528499e+00
8.510099999993505193e+00
8.520099999993481887e+00
8.530099999993458582e+00
8.540099999993435276e+00
8.550099999993411970e+00
8.560099999993388664e+00
8.570099999993365358e+00
8.580099999993342053e+00
8.590099999993318747e+00
8.600099999993295441e+00
8.610099999993272135e+00
8.620099999993248829e+00
8.630099999993225524e+00
8.640099999993202218e+00
8.650099999993178912e+00
8.660099999993155606e+00
8.670099999993132300e+00
8.680099999993108995e+00
8.690099999993085689e+00
8.700099999993062383e+00
8.710099999993039077e+00
8.720099999993015771e+00
8.730099999992992466e+00
8.740099999992969160e+00
8.750099999992945854e+00
8.760099999992922548e+00
8.770099999992899242e+00
8.780099999992875937e+00
8.790099999992852631e+00
8.800099999992829325e+00
8.810099999992806019e+00
8.820099999992782713e+00
8.830099999992759408e+00
8.840099999992736102e+00
8.850099999992712796e+00
8.860099999992689490e+00
8.870099999992666184e+00
8.880099999992642879e+00
8.890099999992619573e+00
8.900099999992596267e+00
8.910099999992572961e+00
8.920099999992549655e+00
8.930099999992526350e+00
8.940099999992503044e+00
8.950099999992479738e+00
8.960099999992456432e+00
8.970099999992433126e+00
8.980099999992409820e+00
8.990099999992386515e+00
9.000099999992363209e+00
9.010099999992339903e+00
9.020099999992316597e+00
9.030099999992293291e+00
9.040099999992269986e+00
9.050099999992246680e+00
9.060099999992223374e+00
9.070099999992200068e+00
9.080099999992176762e+00
9.090099999992153457e+00
9.100099999992130151e+00
9.110099999992106845e+00
9.120099999992083539e+00
9.130099999992060233e+00
9.140099999992036928e+00
9.150099999992013622e+00
9.160099999991990316e+00
9.170099999991967010e+00
9.180099999991943704e+00
9.190099999991920399e+00
9.200099999991897093e+00
9.210099999991873787e+00
9.220099999991850481e+00
9.230099999991827175e+00
9.240099999991803870e+00
9.250099999991780564e+00
9.260099999991757258e+00
9.270099999991733952e+00
9.280099999991710646e+00
9.290099999991687341e+00
9.300099999991664035e+00
9.310099999991640729e+00
9.320099999991617423e+00
9.330099999991594117e+00
9.340099999991570812e+00
9.350099999991547506e+00
9.360099999991524200e+00
9.370099999991500894e+00
9.380099999991477588e+00
9.390099999991454283e+00
9.400099999991430977e+00
9.410099999991407671e+00
9.420099999991384365e+00
9.430099999991361059e+00
9.440099999991337754e+00
9.450099999991314448e+00
9.460099999991291142e+00
9.470099999991267836e+00
9.480099999991244530e+00
9.490099999991221225e+00
9.500099999991197919e+00
9.510099999991174613e+00
9.520099999991151307e+00
9.530099999991128001e+00
9.540099999991104696e+00
9.550099999991081390e+00
9.560099999991058084e+00
9.570099999991034778e+00
9.580099999991011472e+00
9.590099999990988167e+00
9.600099999990964861e+00
9.610099999990941555e+00
9.620099999990918249e+00
9.630099999990894943e+00
9.640099999990871638e+00
9.650099999990848332e+00
9.660099999990825026e+00
9.670099999990801720e+00
9.680099999990778414e+00
9.690099999990755109e+00
9.700099999990731803e+00
9.710099999990708497e+00
9.720099999990685191e+00
9.730099999990661885e+00
9.740099999990638580e+00
9.750099999990615274e+00
9.760099999990591968e+00
9.770099999990568662e+00
9.780099999990545356e+00
9.790099999990522051e+00
9.800099999990498745e+00
9.810099999990475439e+00
9.820099999990452133e+00
9.830099999990428827e+00
9.840099999990405522e+00
9.850099999990382216e+00
9.860099999990358910e+00
9.870099999990335604e+00
9.880099999990312298e+00
9.890099999990288993e+00
9.900099999990265687e+00
9.910099999990242381e+00
9.920099999990219075e+00
9.930099999990195769e+00
9.940099999990172464e+00
9.950099999990149158e+00
9.960099999990125852e+00
9.970099999990102546e+00
9.980099999990079240e+00
9.990099999990055935e+00
