4.063018236000000449e+00
4.164778358000000402e+00
3.949710316000000443e+00
4.376050145000000668e+00
4.241296640999999923e+00
4.251673660000000687e+00
4.308068616999999989e+00
4.216853529999999850e+00
4.008186080000000651e+00
4.006659699000000074e+00
4.313013310000000544e+00
4.213483941999999871e+00
4.261003353000000438e+00
4.114928607000000405e+00
4.264681127000000238e+00
4.120580039000000028e+00
4.109155226000000383e+00
4.330710874000000210e+00
4.118607610000000641e+00
4.147767580000000009e+00
3.989351736000000148e+00
4.322165526000000035e+00
4.340162298000000085e+00
4.144457284000000463e+00
4.515872134000000315e+00
4.335271575000000155e+00
4.210498587000000015e+00
4.181743548000000033e+00
4.188474896999999864e+00
4.062198682000000005e+00
4.211736523999999982e+00
4.201385499000000578e+00
4.242368330000000576e+00
3.669561696000000151e+00
2.561126243000000358e+00
2.663419029000000382e+00
4.134710457000000616e+00
4.141991491999999830e+00
4.441436795000000437e+00
4.468904269000000262e+00
4.122476178000000324e+00
2.535426313999999959e+00
2.677445476000000379e+00
2.585559096000000334e+00
4.494803741000000130e+00
4.403905084999999886e+00
3.850458980000000420e+00
4.477550090000000260e+00
4.322242203000000060e+00
4.004776420999999864e+00
4.069531547000000415e+00
4.288375710000000396e+00
4.042054914000000387e+00
4.053294572000000429e+00
4.206748689000000319e+00
4.110789100999999945e+00
4.010104774000000205e+00
4.085043665000000601e+00
4.280734625000000015e+00
4.053740063000000227e+00
4.120570190000000466e+00
4.261136424000000034e+00
4.153334123000000488e+00
4.061804761000000319e+00
4.139695885000000075e+00
2.766670074000000312e+00
2.588663225000000345e+00
2.762191871000000187e+00
2.611090266000000160e+00
2.694046738000000385e+00
2.823963055000000111e+00
2.694057117000000279e+00
2.687230415000000150e+00
2.686997117000000213e+00
2.728944502000000050e+00
2.671698306000000134e+00
2.558523618000000166e+00
2.682244285999999978e+00
2.541866970000000059e+00
2.535127348000000058e+00
2.619045911000000171e+00
2.545640249999999938e+00
2.733409250000000235e+00
2.653703444000000022e+00
2.654443398000000176e+00
2.598979000000000372e+00
2.583787693000000107e+00
2.698406120000000019e+00
4.284796434000000431e+00
2.611915971000000170e+00
2.597146042000000321e+00
2.537800180000000072e+00
2.538291041999999997e+00
2.594713776999999943e+00
2.638912400000000158e+00
2.680265290999999994e+00
2.557947267000000302e+00
2.544191753000000222e+00
2.745430861000000000e+00
3.118800423000000155e+00
2.882930023000000119e+00
2.567493493000000182e+00
2.721232771000000383e+00
4.265744753999999972e+00
4.262573564000000204e+00
4.236593614000000230e+00
4.417234679999999969e+00
4.148970520999999856e+00
4.110321780000000480e+00
4.456352329000000445e+00
4.308074068999999895e+00
4.588741086000000635e+00
4.345777502000000680e+00
4.432604238000000585e+00
4.276213743000000456e+00
4.102506297000000579e+00
4.614413447000000446e+00
4.218307369000000584e+00
4.240063411000000393e+00
4.338556078999999954e+00
4.628623797000000373e+00
4.397556835000000497e+00
4.298052516000000267e+00
4.184473806000000629e+00
4.238543366000000034e+00
4.148520603000000584e+00
4.238595211000000695e+00
4.281234855000000117e+00
4.452606135999999992e+00
3.999845972000000138e+00
3.999135088000000060e+00
4.304584666000000226e+00
4.169624513000000476e+00
4.056071558000000188e+00
4.098202563000000076e+00
4.392675074000000457e+00
4.198224057000000009e+00
4.189093252000000156e+00
4.113093276999999937e+00
4.390553286000000277e+00
4.092103964000000538e+00
3.968302578000000302e+00
4.266678098999999946e+00
4.016217399000000299e+00
4.011433258000000279e+00
4.237933291000000047e+00
4.373636517000000445e+00
4.180095556000000379e+00
4.210339095000000142e+00
4.225219216000000166e+00
4.293204503000000116e+00
4.334728115999999964e+00
4.215582752000000433e+00
4.206402800000000219e+00
4.252826841000000080e+00
4.012775086000000435e+00
2.662241412000000196e+00
2.750009726000000043e+00
2.541109977000000075e+00
2.535949634000000064e+00
2.704110963000000201e+00
2.672644342999999978e+00
3.171881928000000350e+00
4.258383491000000021e+00
4.227986833000000111e+00
4.102994812000000380e+00
3.975390354000000404e+00
4.282182356999999939e+00
4.103849718000000202e+00
4.272485260999999923e+00
4.191721704999999965e+00
4.272427528000000585e+00
4.109079099000000568e+00
4.046407576000000006e+00
4.259400644000000291e+00
4.203539926000000371e+00
4.060637289999999844e+00
3.942932004000000212e+00
4.234451988000000000e+00
4.072594223000000291e+00
3.958346364000000062e+00
4.025350699000000532e+00
4.404556507000000565e+00
4.388850935999999869e+00
4.371719670000000058e+00
4.421074031999999931e+00
4.409179353999999940e+00
4.419209190000000120e+00
4.402002075000000403e+00
4.441533720999999879e+00
4.379253748000000002e+00
4.408991753000000458e+00
4.397705827000000234e+00
4.411184336000000705e+00
4.468144565000000235e+00
4.435320345000000053e+00
4.427073635000000174e+00
4.321371099000000271e+00
4.403482513000000154e+00
4.222261043000000491e+00
4.392541543000000104e+00
4.371578589000000292e+00
4.404618683000000701e+00
4.410909274999999852e+00
4.338913126000000453e+00
4.414569917000000565e+00
4.275525592000000152e+00
4.399102190000000689e+00
4.313218782999999945e+00
4.420786729000000470e+00
4.402212744999999927e+00
4.353981606000000504e+00
4.365641247000000114e+00
4.424620204000000001e+00
4.468654904000000094e+00
4.428460548000000330e+00
4.367715388000000587e+00
4.291163387000000107e+00
4.369191279999999900e+00
4.350005745999999895e+00
4.460712269000000063e+00
4.312017088000000165e+00
4.367947613000000118e+00
4.399584318000000493e+00
4.434349322000000093e+00
4.496825237000000364e+00
4.405015279000000561e+00
4.371697753000000297e+00
4.240843106999999890e+00
4.407614232000000243e+00
4.413186269000000550e+00
4.498722854000000382e+00
4.423104712999999855e+00
4.379092915000000197e+00
4.361292773000000622e+00
4.397673998000000140e+00
4.391662130000000275e+00
4.413127085000000172e+00
4.372510709000000162e+00
4.317036170000000617e+00
4.448712356000000590e+00
4.417746070000000636e+00
4.445841354000000578e+00
4.536558154000000620e+00
4.384488194000000227e+00
4.353349410999999947e+00
4.349152838000000187e+00
4.390206587000000660e+00
4.253651743999999901e+00
4.545142228000000451e+00
4.365466952000000234e+00
4.438642108000000697e+00
4.375177649000000280e+00
4.445208147999999859e+00
4.436431934000000687e+00
4.555939884000000717e+00
4.428898263999999863e+00
4.341508822999999850e+00
4.454599817000000073e+00
4.305060844000000664e+00
4.405544321999999902e+00
4.502980889999999903e+00
4.397818606000000408e+00
4.362174824000000228e+00
4.371938255999999967e+00
4.407215004000000214e+00
4.263668158000000652e+00
4.453395191000000253e+00
4.272564283000000351e+00
4.403752240000000207e+00
4.438066909000000670e+00
4.468253036000000122e+00
4.407060152000000564e+00
4.539953790000000211e+00
4.459148293000000152e+00
4.415456932000000556e+00
4.405289355999999934e+00
4.260044537000000631e+00
4.437704566999999933e+00
4.329088685000000325e+00
4.367750494000000039e+00
4.346639500000000211e+00
4.379193482000000692e+00
4.366020650000000280e+00
4.383266353000000670e+00
4.357895512999999887e+00
4.207919921000000230e+00
4.420864781000000576e+00
4.302680626999999980e+00
4.472469274999999911e+00
4.442941882000000398e+00
4.434996732000000108e+00
4.412890936000000153e+00
4.440579324999999855e+00
4.404210126000000614e+00
4.377710121999999870e+00
4.395965519000000654e+00
4.297697748000000040e+00
4.396088867000000455e+00
4.265788644000000573e+00
4.402065819000000602e+00
4.434503467999999948e+00
4.400139151000000304e+00
4.403436936000000301e+00
4.407397696000000309e+00
4.415395553999999834e+00
4.434910627000000716e+00
4.456666815000000170e+00
4.372539347000000021e+00
4.502755375000000448e+00
4.424865040000000249e+00
4.415902140000000031e+00
4.396816978000000375e+00
4.326451893999999854e+00
4.431339962000000021e+00
4.421576745000000308e+00
4.342159774000000638e+00
4.438768832000000053e+00
4.428124279000000385e+00
4.414547114000000327e+00
4.451976810000000562e+00
4.495663781000000192e+00
4.456049157000000704e+00
4.391082374999999871e+00
4.399715754999999895e+00
4.482878180000000157e+00
4.370816538000000584e+00
4.414468277000000107e+00
4.376779889000000701e+00
4.387406265000000083e+00
4.453606276000000364e+00
4.343379034000000694e+00
4.379434853000000238e+00
4.302223700999999956e+00
4.430768039000000158e+00
4.438400474999999901e+00
4.469792884000000299e+00
4.281887300000000174e+00
4.435063642000000250e+00
4.371364777000000146e+00
4.446195952000000062e+00
4.318089790000000150e+00
4.387178446000000065e+00
4.300804559000000360e+00
4.413175367000000016e+00
4.280488077000000224e+00
4.416905353999999839e+00
4.374946584999999999e+00
4.415362445000000413e+00
4.247109878999999921e+00
4.400593897000000254e+00
4.330597146000000564e+00
4.531959473000000571e+00
4.358348413999999948e+00
4.464881448999999947e+00
4.291106390000000381e+00
4.425983482000000357e+00
4.381926936000000161e+00
4.423324394000000659e+00
4.478632764000000321e+00
4.353509783999999883e+00
4.370829525000000437e+00
4.407409516000000416e+00
4.499410950000000575e+00
4.441737788000000187e+00
4.424205782000000475e+00
4.374682331999999896e+00
4.408508799999999894e+00
4.483032676000000549e+00
4.398180281000000136e+00
4.370364514000000256e+00
4.418152060000000603e+00
4.445059417000000401e+00
4.573454250000000165e+00
4.329046673000000567e+00
4.403321819000000303e+00
4.448030806000000226e+00
4.436769175000000232e+00
4.416189444000000464e+00
4.477113047000000456e+00
4.402444990000000224e+00
4.444552111000000139e+00
4.430585081000000258e+00
4.455193100000000683e+00
4.412619109000000428e+00
4.305948728000000614e+00
4.446341559000000387e+00
4.276682199000000573e+00
4.507771367000000140e+00
4.393799980000000716e+00
4.365890134000000700e+00
4.413853717000000287e+00
4.464300049000000215e+00
4.531059791000000558e+00
4.411901193000000276e+00
4.433020630000000573e+00
4.408188029000000618e+00
4.334099667000000267e+00
4.255140285000000411e+00
4.360599881000000622e+00
4.278109302999999919e+00
4.391866972999999952e+00
4.423383148000000098e+00
4.370690306000000191e+00
4.442303400000000124e+00
4.439088546000000690e+00
4.423081008000000480e+00
4.364783313000000220e+00
4.325597350999999868e+00
4.323603744000000582e+00
4.394909547000000138e+00
4.289573598000000487e+00
4.424347835999999923e+00
4.396021351999999993e+00
4.495544733000000015e+00
4.327666414000000294e+00
4.382914764000000574e+00
4.442639247999999874e+00
4.415090090000000522e+00
4.449434984000000703e+00
4.330506761000000537e+00
4.378744390000000486e+00
4.234851209000000338e+00
4.351999784000000204e+00
4.347788098000000545e+00
4.474471552000000685e+00
4.441746178999999906e+00
4.365743676000000129e+00
4.405046648999999981e+00
4.382217547000000657e+00
4.487382579000000149e+00
4.384597469000000025e+00
4.452033468999999855e+00
4.309565279000000082e+00
4.369414424000000352e+00
4.355467572000000231e+00
4.336283859999999990e+00
4.396775520000000270e+00
4.421604996000000121e+00
4.458211262999999924e+00
4.410928626000000463e+00
4.334558759000000094e+00
4.258373058000000100e+00
4.338722756000000125e+00
4.291276948000000147e+00
4.373147048999999953e+00
4.402957328000000281e+00
4.453194039000000437e+00
4.340362304000000115e+00
4.303655137000000686e+00
4.421154452000000568e+00
4.469253821000000571e+00
4.436748081000000177e+00
4.275318595999999971e+00
4.373103336999999868e+00
4.315414040000000284e+00
4.370520070000000423e+00
4.379750200000000149e+00
4.418850826999999981e+00
4.441426802000000507e+00
4.391608074000000528e+00
4.404218775000000363e+00
4.323279262000000678e+00
4.351909421000000222e+00
4.262798502999999961e+00
4.382888338999999966e+00
4.331377782000000565e+00
4.565202743000000396e+00
4.381987182000000480e+00
4.365443588999999847e+00
4.395985543000000106e+00
4.407638517000000533e+00
4.538503625000000596e+00
4.438441953999999967e+00
4.388342310000000523e+00
4.204356345999999967e+00
4.380883893000000029e+00
4.223419041000000540e+00
4.368573066000000615e+00
4.428333902000000322e+00
4.444855194000000509e+00
4.408673916000000581e+00
4.359093284000000068e+00
4.405112828000000036e+00
4.379572062000000265e+00
4.423379697000000554e+00
4.285389878000000152e+00
4.449915078000000079e+00
4.328096313000000528e+00
4.344580747000000187e+00
4.358989474000000364e+00
4.402599905999999841e+00
4.483542618000000424e+00
4.395903632000000449e+00
4.487008926000000564e+00
4.364495031000000580e+00
4.411761632000000155e+00
4.266948005000000599e+00
4.471571286000000534e+00
4.418130935000000648e+00
4.519238812000000216e+00
4.373554281000000543e+00
4.383387935000000013e+00
4.402834295999999981e+00
4.530665438999999850e+00
4.405904490000000173e+00
4.410238317000000130e+00
4.333063169999999964e+00
4.433887396000000258e+00
4.429795106000000260e+00
4.522531106000000634e+00
4.407945962000000328e+00
4.257911937000000258e+00
4.385525433000000639e+00
4.315814658999999942e+00
4.418321350000000258e+00
4.491897912000000659e+00
4.405395679000000619e+00
4.392314868000000594e+00
4.348512353000000275e+00
4.421451862000000510e+00
4.447496339000000631e+00
4.406780127000000213e+00
4.455113027000000336e+00
4.418473788000000013e+00
4.294832426000000147e+00
4.475276970000000354e+00
4.314322220000000208e+00
4.442418188000000434e+00
4.355664793999999951e+00
4.423213759000000245e+00
4.282259354999999879e+00
4.393762291000000708e+00
4.424984299000000121e+00
4.369523088000000222e+00
4.447555538000000475e+00
4.442560467999999929e+00
4.422930830000000313e+00
4.461548018000000226e+00
4.485575618000000375e+00
4.374125793000000151e+00
4.416012585999999907e+00
4.330792628000000200e+00
4.402526244000000588e+00
4.385479325000000372e+00
4.482231909000000236e+00
4.455116139000000253e+00
4.443983195000000386e+00
4.243127545000000111e+00
4.391943919000000029e+00
4.278370866000000383e+00
4.381958025000000312e+00
4.341513481999999868e+00
4.342542837999999961e+00
4.442089466000000542e+00
4.435321689000000234e+00
4.543362633000000095e+00
4.410503842000000674e+00
4.385933962000000186e+00
4.408809173999999942e+00
4.489994089000000521e+00
4.415610055000000145e+00
4.422735980000000566e+00
4.442406751000000042e+00
4.360541591000000494e+00
4.407659333999999873e+00
4.414311937999999991e+00
4.504398133000000470e+00
4.568873295000000390e+00
4.432688562000000054e+00
4.379880422000000273e+00
4.377027797000000220e+00
4.416751050000000234e+00
4.388485811000000680e+00
4.372915876000000424e+00
4.399890028000000619e+00
4.410017243000000420e+00
4.300510630999999862e+00
4.455251266000000321e+00
4.287817984000000138e+00
4.447688299000000178e+00
4.431596588000000558e+00
4.399136597000000037e+00
4.402981450000000407e+00
4.496977653000000075e+00
4.492524104000000129e+00
4.427541140000000652e+00
4.412712289999999982e+00
4.402492045000000687e+00
4.452173626000000439e+00
4.390564465999999832e+00
4.431334123000000069e+00
4.448670469000000516e+00
4.533358955000000634e+00
4.397422516000000670e+00
4.413843882000000107e+00
4.515717917999999997e+00
4.404414072000000679e+00
4.293867141999999859e+00
4.370555425000000049e+00
4.266102168999999833e+00
4.499559518999999952e+00
4.554767396999999995e+00
4.384474352999999880e+00
4.427716436999999949e+00
4.389034356999999886e+00
4.386527703000000500e+00
4.415916786000000371e+00
4.495594774000000626e+00
4.417427892000000078e+00
4.433103727000000660e+00
4.385050260999999949e+00
4.361435138000000045e+00
4.480766033000000093e+00
4.456823635000000117e+00
4.375563078999999966e+00
4.405172153000000534e+00
4.309717129000000035e+00
4.417314399000000336e+00
4.545026088000000186e+00
4.357067168000000379e+00
4.376519152000000190e+00
4.300982051000000084e+00
4.374104376000000016e+00
4.457051017000000392e+00
4.540443633999999840e+00
4.266612616000000635e+00
4.435887905000000409e+00
4.294452645000000679e+00
4.526240998000000459e+00
4.382611361000000372e+00
4.392554667000000634e+00
4.350315980000000415e+00
4.395441804999999924e+00
4.330165860000000144e+00
4.427427969000000019e+00
4.384076867000000099e+00
4.312461940000000382e+00
4.418109745999999838e+00
4.332753708000000259e+00
4.425893351000000031e+00
4.279902052000000623e+00
4.415144833000000268e+00
4.396681151000000121e+00
4.377380784000000524e+00
4.441426457000000383e+00
4.384556040000000543e+00
4.404889084000000565e+00
4.461873451000000657e+00
4.436048709000000478e+00
4.386854993000000036e+00
4.427953957000000607e+00
4.325691499000000384e+00
4.456946897999999990e+00
4.436138726000000254e+00
4.456029454000000278e+00
4.436473267000000220e+00
4.421776479000000037e+00
4.434857684000000688e+00
4.372981009000000086e+00
4.447410776999999982e+00
4.411918937000000263e+00
4.397041788000000118e+00
4.294688954000000614e+00
4.407052529000000440e+00
4.300606719000000133e+00
4.586024645000000177e+00
4.393192588999999870e+00
4.415585817000000191e+00
4.423855245000000380e+00
4.357204252999999916e+00
4.375625959000000620e+00
4.404778506000000426e+00
4.369415914000000178e+00
4.443153823000000280e+00
4.427115848000000575e+00
4.348527168000000387e+00
4.447433570000000280e+00
4.291205283000000037e+00
4.428575673000000101e+00
4.444490180999999929e+00
4.406434270000000097e+00
4.554401667000000486e+00
4.353099292000000453e+00
4.415104499999999987e+00
4.290322371000000246e+00
4.420228005000000238e+00
4.259307922000000524e+00
4.441977812000000192e+00
4.370072175999999864e+00
4.441975698000000250e+00
4.389317913000000182e+00
4.253898200000000074e+00
4.356630199000000481e+00
4.346935292000000395e+00
4.362778979999999862e+00
4.423317708999999986e+00
4.401365681000000585e+00
4.436633013000000680e+00
4.429027405000000250e+00
4.391840193000000170e+00
4.428471776000000304e+00
4.058065920999999854e+00
3.990981121000000353e+00
4.430518224000000060e+00
4.286904933000000639e+00
3.861534509000000170e+00
4.158872023000000695e+00
3.913858333000000300e+00
4.276377071999999835e+00
4.012229810000000008e+00
4.291800986000000151e+00
3.962520741000000069e+00
4.277688715000000030e+00
4.092686428000000376e+00
4.156034689000000171e+00
4.076105083999999934e+00
4.201223272000000009e+00
2.705804163000000262e+00
4.455530129000000450e+00
4.394278260000000103e+00
4.377956092000000687e+00
4.287613251000000680e+00
4.356212162000000276e+00
4.283930029000000417e+00
4.047314765000000314e+00
4.270145195000000449e+00
4.269226807999999984e+00
4.236874974000000016e+00
4.185477213000000418e+00
4.270144587999999963e+00
4.038441064000000580e+00
4.423463160999999921e+00
4.383238636000000632e+00
4.418593047999999968e+00
4.356004769000000110e+00
4.284885698000000076e+00
4.012393915000000533e+00
4.381110845000000253e+00
4.359455978000000620e+00
4.250656521000000687e+00
4.215122469999999844e+00
4.283083540000000689e+00
3.992968119000000371e+00
4.281127429000000539e+00
4.161858300000000455e+00
4.231484288999999954e+00
4.188869973000000080e+00
4.217570122000000588e+00
4.015220732000000403e+00
4.261111416000000318e+00
4.401915748000000406e+00
4.411179488000000148e+00
4.402871134000000630e+00
4.407204011000000143e+00
4.166661931000000152e+00
4.360517093000000344e+00
4.272233631000000642e+00
4.161021404000000423e+00
4.285609969000000241e+00
4.155112531000000331e+00
4.242834016000000652e+00
4.386266962000000547e+00
4.406265036000000634e+00
4.353179428999999878e+00
4.382695620999999875e+00
4.331322281000000274e+00
4.422913595999999892e+00
4.410736916000000285e+00
4.409360905999999858e+00
4.379352769000000478e+00
4.362804624000000686e+00
4.391153732000000254e+00
4.348438435000000268e+00
4.278294416000000489e+00
4.197623171000000042e+00
4.232580419000000482e+00
4.314308878000000291e+00
3.978636481000000114e+00
4.320246005000000444e+00
4.396134728000000713e+00
4.338165502999999923e+00
4.392190821000000689e+00
4.418073720000000648e+00
4.077317428999999827e+00
4.277140955000000133e+00
4.181446824000000007e+00
4.246625621999999822e+00
4.203440182000000469e+00
4.247998146000000474e+00
4.083627210000000396e+00
4.308299196000000109e+00
4.382254529999999981e+00
4.393268714000000408e+00
4.388551161000000533e+00
4.417267859999999935e+00
4.198296524999999946e+00
4.391094815000000651e+00
4.429935323000000480e+00
3.710277653000000342e+00
3.669276303000000183e+00
3.637220082000000243e+00
3.737255203000000137e+00
3.740282475000000328e+00
3.697135737000000422e+00
3.750136429000000327e+00
3.716244896000000075e+00
3.683141638000000384e+00
3.684732120000000055e+00
3.687122967000000084e+00
4.090440343000000034e+00
4.072592277000000038e+00
4.136294099000000557e+00
4.046846565000000062e+00
4.287314037999999883e+00
4.166183224000000074e+00
4.387035315000000324e+00
4.183098165000000535e+00
4.090009461000000179e+00
4.238359508000000275e+00
4.044127903000000579e+00
3.986243358000000292e+00
4.198277503999999993e+00
4.287190588000000524e+00
4.177294875000000296e+00
4.267408359000000040e+00
4.223012755000000062e+00
3.990819892000000202e+00
3.916139504000000215e+00
3.839409193000000275e+00
4.046615351999999888e+00
4.047504427999999876e+00
4.369204122000000190e+00
4.048653185000000043e+00
4.054139167000000654e+00
3.905395468000000037e+00
4.389083934000000298e+00
3.947374732000000108e+00
4.456483448000000180e+00
3.978880703000000185e+00
4.284747861000000491e+00
4.041969877000000544e+00
3.999634976000000286e+00
4.012411454000000433e+00
4.076502708000000474e+00
4.393337299000000584e+00
3.972328475000000303e+00
4.164541827999999946e+00
3.951258463000000276e+00
4.278758939000000261e+00
4.252482604999999971e+00
3.949337089000000134e+00
3.975744783000000115e+00
3.926121585000000191e+00
4.270776156000000157e+00
3.968495877000000061e+00
4.132896932000000412e+00
4.043583394000000553e+00
3.999021398000000449e+00
4.477961571999999890e+00
3.988818937000000453e+00
2.640997188000000051e+00
2.668526749000000198e+00
2.587680555000000382e+00
4.281232568000000072e+00
4.389602672000000538e+00
4.302123746000000359e+00
2.605586001000000262e+00
2.600669172000000362e+00
2.742628319000000037e+00
2.561935952000000238e+00
2.523834104000000078e+00
2.575853813000000159e+00
2.675769315000000148e+00
2.602892928000000161e+00
2.554506062000000188e+00
2.572082325000000225e+00
2.569373623000000162e+00
2.538288948000000378e+00
2.637830624000000235e+00
2.660935140999999948e+00
2.677741864000000138e+00
2.533920308000000343e+00
2.639668574999999962e+00
2.578207450000000289e+00
2.576538075000000205e+00
2.714542937000000045e+00
2.634959192000000172e+00
2.778411167000000237e+00
2.576794108000000083e+00
2.533738143000000331e+00
2.627767962000000068e+00
2.669949912000000314e+00
2.685137652999999958e+00
2.585410007000000121e+00
2.675658600000000220e+00
2.679092605000000127e+00
2.556719277000000012e+00
2.634043877000000311e+00
2.593424598000000358e+00
2.583842847000000109e+00
2.817582510000000262e+00
2.569781149000000209e+00
2.598961350000000170e+00
2.677762224000000302e+00
2.543868674000000052e+00
2.586148599000000381e+00
2.679350794999999952e+00
2.641800347000000215e+00
2.533436236000000008e+00
2.577947057000000264e+00
2.626407198000000331e+00
2.727598837000000387e+00
2.614811711000000205e+00
2.575886590000000087e+00
2.583208208000000283e+00
2.529716647000000318e+00
2.640167271000000149e+00
2.661979101000000014e+00
2.645526799000000207e+00
2.563128374000000154e+00
2.641995329000000226e+00
2.614910377000000175e+00
2.649591656000000128e+00
2.575243885999999982e+00
2.598935710000000121e+00
2.665991964000000269e+00
2.528536863000000245e+00
2.607451453000000363e+00
2.577897373000000325e+00
2.723726883999999959e+00
2.547733469000000195e+00
2.569499657000000159e+00
2.669906470000000365e+00
2.655356128000000204e+00
2.572144120000000367e+00
2.557267771000000245e+00
2.652320545000000251e+00
2.673224436000000370e+00
2.629524674000000228e+00
