-3.946391397795959350e-07
-1.282842411586986238e-06
-1.734227637469236602e-06
-1.947457070837324158e-06
-2.675855457831831847e-06
-3.122922319660386653e-06
-3.269488049658091607e-06
-3.836607370290110568e-06
-4.270485984795367329e-06
-4.396491936236570093e-06
-4.806531902323583902e-06
-5.220997137370157378e-06
-5.337041337632319648e-06
-5.614980122430072637e-06
-5.993300497948727163e-06
-6.102376236618554272e-06
-6.275574303283336925e-06
-6.602511421944034022e-06
-6.700208187201345637e-06
-6.798165539394057532e-06
-7.057197137029365839e-06
-7.140906677305853512e-06
-7.186906778961628442e-06
-7.363510745930576026e-06
-7.437809887333397398e-06
-7.437510909550472334e-06
-7.534205165592219816e-06
-7.596075458343235237e-06
-7.548946698146443145e-06
-7.581801327004753793e-06
-7.613450131319298046e-06
-7.530072880126441690e-06
-7.507040882521426008e-06
-7.494445136968096001e-06
-7.387084466308068580e-06
-7.307175306430275051e-06
-7.248881444544423003e-06
-7.118947778743575526e-06
-6.985191917020264266e-06
-6.881904529511897519e-06
-6.726365609476202517e-06
-6.544369445193549982e-06
-6.397040590871167434e-06
-6.211698839380770837e-06
-5.987848060999014306e-06
-5.798044525284138744e-06
-5.577775906242512984e-06
-5.321182450465954148e-06
-5.086526680213723916e-06
-4.832520299973583848e-06
-4.547684576200483856e-06
-4.267921028498767603e-06
-3.985149082343434729e-06
-3.670796748227230700e-06
-3.353180068630455565e-06
-3.042596734434938824e-06
-2.700204558725505546e-06
-2.353301178364973177e-06
-2.014466736409453586e-06
-1.649766578572857656e-06
-1.279588188622557070e-06
-9.153107807708394540e-07
-5.348758118025854035e-07
-1.466692981613300744e-07
2.367734258597772513e-07
6.267647442032976339e-07
1.026638423564326791e-06
1.420663964610178339e-06
1.813968721944784628e-06
2.217312834589134395e-06
2.611736566756237153e-06
3.001697078694918304e-06
3.397616492995497904e-06
3.782262098585750946e-06
4.160148262080313269e-06
4.536096218158142864e-06
4.901370057262625427e-06
5.254851969388864372e-06
5.599616674012234394e-06
5.933832537553438220e-06
6.249499302492344948e-06
6.552349712486421217e-06
6.841066941408410343e-06
7.106209911668826418e-06
7.353934490928138446e-06
7.581747509465854617e-06
7.782234512935047764e-06
7.958890212484210415e-06
8.109302506294324467e-06
8.228568774943442128e-06
8.316611511161138765e-06
8.372715736334160233e-06
8.393983212275543310e-06
8.377583906459522904e-06
8.326195427240660311e-06
8.237144075480599915e-06
8.108058235060607472e-06
7.943658259732986902e-06
7.741077123008833293e-06
7.500433990754948671e-06
7.225069510358646680e-06
6.913497579878434755e-06
6.566546943877398518e-06
6.184910477222526205e-06
5.769053755329021077e-06
5.317943324278088937e-06
4.831196742288777086e-06
4.310222073125746873e-06
3.752721354855392571e-06
3.159591612570082670e-06
2.532657896704130085e-06
1.870728108893501852e-06
1.175826858653350022e-06
4.492024782553566254e-07
-3.096091188338575163e-07
-1.099795132861745021e-06
-1.921601776368461911e-06
-2.775344665148249880e-06
-3.661995130212191664e-06
-4.582037280268838146e-06
-5.535631227660666934e-06
-6.524714691488248857e-06
-7.548970883747677253e-06
-8.609111168674326466e-06
-9.706637001742882858e-06
-1.084100820054490492e-05
-1.201323731719408593e-05
-1.322365921962567158e-05
-1.447223059318000765e-05
-1.575926220370770306e-05
-1.708453986963441769e-05
-1.844834627791887584e-05
-1.985006392577464828e-05
-2.128948412671779548e-05
-2.276652631413317052e-05
-2.427993745067913529e-05
-2.582936956964800268e-05
-2.741387352402699696e-05
-2.903183402837811614e-05
-3.068229988582524688e-05
-3.236347714140400529e-05
-3.407366277897459002e-05
-3.581109405915224465e-05
-3.757367206435773189e-05
-3.935956658291940954e-05
-4.116635944197456222e-05
-4.299209528116370747e-05
-4.483458335638365713e-05
-4.669120790667714860e-05
-4.855995474195034145e-05
-5.043804863453769542e-05
-5.232284619648510017e-05
-5.421181595937612233e-05
-5.610197078017676258e-05
-5.799073679073131650e-05
-5.987534907955536037e-05
-6.175331183184287558e-05
-6.362232918546623420e-05
-6.548010949372481341e-05
-6.732489055588491685e-05
-6.915471842841636239e-05
-7.096776615680889415e-05
-7.276232497155859331e-05
-7.453622071200502062e-05
-7.628742891322401237e-05
-7.801371386752284744e-05
-7.971266747029928548e-05
-8.138209383100493801e-05
-8.301963495969403499e-05
-8.462323083437257810e-05
-8.619089628927025990e-05
-8.772079479776638620e-05
-8.921145549464252968e-05
-9.066132249142483195e-05
-9.206917518942240588e-05
-9.343381605583577854e-05
-9.475397407379908385e-05
-9.602857582347460526e-05
-9.725635325565373812e-05
-9.843613719211377980e-05
-9.956681520123178354e-05
-1.006472694775290504e-04
-1.016766060230589859e-04
-1.026539093081760322e-04
-1.035784341846889922e-04
-1.044495331883670496e-04
-1.052665407232408052e-04
-1.060289688525247733e-04
-1.067362309753264464e-04
-1.073877459549076735e-04
-1.079829848387524164e-04
-1.085213583938518680e-04
-1.090025049925377743e-04
-1.094262318714874974e-04
-1.097926258985019131e-04
-1.101021312379047096e-04
-1.103553720135698615e-04
-1.105532504395979708e-04
-1.106967163556735770e-04
-1.107867225741791670e-04
-1.112227710302455229e-04
-1.121057015059497225e-04
-1.125001789405664221e-04
-1.126105758866122631e-04
-1.131940403130719325e-04
-1.134492339994603834e-04
-1.133630695410363734e-04
-1.136573616528373292e-04
-1.137756559424988857e-04
-1.135463528714693765e-04
-1.135556530269181234e-04
-1.135189350104596210e-04
-1.131252929050650420e-04
-1.128183804727938850e-04
-1.125219702003611060e-04
-1.118524549042278655e-04
-1.111374093248994452e-04
-1.104766500396983019e-04
-1.095181426083355314e-04
-1.085379885294444528e-04
-1.077492535478861654e-04
-1.068727193116310000e-04
-1.060882930948959195e-04
-1.055871818987901695e-04
-1.051488219882611386e-04
-1.047917527041647374e-04
-1.046659694704853643e-04
-1.046164002622318223e-04
-1.045403229165452544e-04
-1.045980734057519262e-04
-1.046846115299152779e-04
-1.046667453370730836e-04
-1.047009985510838034e-04
-1.047251370935635228e-04
-1.046308702940383119e-04
-1.045379155352990543e-04
-1.044464403193556931e-04
-1.042771246477968767e-04
-1.041085847078278233e-04
-1.039886225466769100e-04
-1.038478928344340407e-04
-1.037193672994239359e-04
-1.036684527784436689e-04
-1.036248130783266815e-04
-1.035869904085653210e-04
-1.036214505601909796e-04
-1.036577699430781257e-04
-1.036812364385165236e-04
-1.037349345615690897e-04
-1.037645401538371634e-04
-1.037446998453276601e-04
-1.036974619315094484e-04
-1.036087702009010915e-04
-1.034506316789407293e-04
-1.032585983430758846e-04
-1.030579667735065591e-04
-1.028300812497995889e-04
-1.026219613373922246e-04
-1.024621127024649643e-04
-1.023289723232028689e-04
-1.022475659409333707e-04
-1.022285791160138624e-04
-1.022497543507825394e-04
-1.023172523740806077e-04
-1.024407825943385780e-04
-1.026044023242746395e-04
-1.027908733252973976e-04
-1.029900904486076167e-04
-1.031595650009447856e-04
-1.032452941680536771e-04
-1.032274175360420971e-04
-1.030813437133594891e-04
-1.028059568353446694e-04
-1.024559372589143674e-04
-1.020856070132439189e-04
-1.017530493815058150e-04
-1.015129118426906279e-04
-1.013849651827970929e-04
-1.013564384563085289e-04
-1.014028406307659137e-04
-1.015093780388194665e-04
-1.016671928320061552e-04
-1.018972783651255230e-04
-1.022371656103933499e-04
-1.026915827477458613e-04
-1.032295025418968331e-04
-1.037677758323544129e-04
-1.041709408939069901e-04
-1.043069246612484893e-04
-1.040961487924187893e-04
-1.035495062065259499e-04
-1.027857735459928305e-04
-1.020037506095961992e-04
-1.014138494452985784e-04
-1.011539447303653338e-04
-1.012437879189026415e-04
-1.015736359268976189e-04
-1.019532011232290647e-04
-1.022220458523852684e-04
-1.023345048101648608e-04
-1.024051397627225469e-04
-1.026771349525974975e-04
-1.033966866410127223e-04
-1.046616132614249927e-04
-1.063056399223767456e-04
-1.078937094149311421e-04
-1.088524580193413335e-04
-1.087070146533669813e-04
-1.073340426824206261e-04
-1.050915167724555304e-04
-1.027557989042701865e-04
-1.012485492990163104e-04
-1.012377154229684458e-04
-1.028030351343211098e-04
-1.053294913239589557e-04
-1.077239343037685325e-04
-1.089105705944895303e-04
-1.083973486954193397e-04
-1.066419458257590060e-04
-1.049858261664673764e-04
-1.051079571033468080e-04
-1.081828268169789255e-04
-1.141121449794750071e-04
-1.212572892114416415e-04
-1.269073563497806804e-04
-1.284021696036291094e-04
-1.244835948352574872e-04
-1.162280245880014745e-04
-1.070115262903066188e-04
-1.013248568411495538e-04
-1.028020330411633478e-04
-1.123006978933626125e-04
-1.270035688915715361e-04
-1.411893346299663210e-04
-1.485959660463788878e-04
-1.454954178923910900e-04
-1.330771145378521303e-04
-1.177936846783710621e-04
-1.090797951200432695e-04
-1.150591562780256739e-04
-1.380244196925832772e-04
-1.719870655982983507e-04
-2.039877039827074526e-04
-2.192576564164646865e-04
-2.083830485713834065e-04
-1.732608420820362129e-04
-1.285898572522493281e-04
-9.717293401905170117e-05
-1.000992601784077675e-04
-1.457945302680994026e-04
-2.233580275423675278e-04
-3.043981301542800352e-04
-3.539716423303370480e-04
-3.468579445039185472e-04
-2.821825975939129018e-04
-1.888297324675295861e-04
-1.168868154473109316e-04
-1.162285122176945145e-04
-2.104962213191418719e-04
-3.794612479433165852e-04
-5.609198411013010220e-04
-6.744606556423133259e-04
-6.586564019646643300e-04
-5.060848393465169470e-04
-2.790038238238209544e-04
-9.297379045609144321e-05
-6.819293094267663913e-05
-2.674391898722393627e-04
-6.531888785366857502e-04
-1.090036519839812862e-03
-1.395478328667220736e-03
-1.420427729351479967e-03
-1.128333874388089304e-03
-6.369040446620490015e-04
-1.923199844907729340e-04
-6.852273831890458192e-05
-4.253853606919560872e-04
-1.200761942610624813e-03
-2.108533340439143564e-03
-2.754326106265600569e-03
-2.814367025651754069e-03
-2.200517715408274646e-03
-1.150823518967137747e-03
-1.886264625830742282e-04
9.567047438629243893e-05
-6.298509332220964376e-04
-2.213716062178094392e-03
-4.053824034901234823e-03
-5.362836587066279435e-03
-5.523160890970242078e-03
-4.378170078130612028e-03
-2.385170985334054191e-03
-5.263676879891203420e-04
1.216287625446035191e-04
-9.893799320074376721e-04
-3.453841652103226481e-03
-6.090539905719955481e-03
-7.644454319375010125e-03
-7.394632076676897411e-03
-5.403093925295680659e-03
-2.580674588279467923e-03
-3.441518690998627747e-04
1.298054621319482229e-04
-1.456973490803314952e-03
-4.314561423536585755e-03
-6.970565473728961188e-03
-8.165530443425168816e-03
-7.473289519318942163e-03
-5.287709377602133401e-03
-2.614231698758978477e-03
-6.514070769932347104e-04
-2.174758840131376899e-04
-1.391973792536380832e-03
-3.496127618352102510e-03
-5.410155805038385605e-03
-6.240563274900251187e-03
-5.757717099404706558e-03
-4.277060724562603555e-03
-2.394123346924706582e-03
-8.096335646473514771e-04
-1.305994604204087904e-04
-6.186944330108249323e-04
-2.074565773822913736e-03
-3.847111601450193749e-03
-5.107548023224735452e-03
-5.350242946392828533e-03
-4.574911379941633792e-03
-3.124305658100651195e-03
-1.533022767176772617e-03
-3.956505201070260728e-04
-1.702484458256237467e-04
-1.003266077947024106e-03
-2.583059312469240549e-03
-4.120157488044667339e-03
-4.805158783704002214e-03
-4.377768354583950507e-03
-3.129647207633503431e-03
-1.604713851409879030e-03
-4.155624263437557807e-04
-3.616847266083912817e-05
-6.091516920870449501e-04
-1.894562958890509338e-03
-3.317351436463065410e-03
-4.172099599100708572e-03
-4.059642802695113094e-03
-3.105440443102953745e-03
-1.766395784618149346e-03
-6.068064238646300170e-04
-1.107313883333609588e-04
-4.703915361210769114e-04
-1.523650161165000924e-03
-2.833476602638564188e-03
-3.814488612271197711e-03
-4.004394675430236576e-03
-3.338311470273001152e-03
-2.126344421485891392e-03
-8.714766066422754108e-04
-1.017435834725806669e-04
-1.614201106521822237e-04
-1.032461809162381989e-03
-2.348156403005010120e-03
-3.533492048190091731e-03
-4.044162618305215638e-03
-3.654637636216607685e-03
-2.561030612106609487e-03
-1.245034658073859843e-03
-2.756398206026380274e-04
-1.096611495324676451e-04
-8.820696754261370858e-04
-2.283448659978449050e-03
-3.667465484591261610e-03
-4.369102168507550503e-03
-4.064485389311416064e-03
-2.923914874680322209e-03
-1.473715395941418982e-03
-3.369196670156299894e-04
-7.597876770002956080e-06
-6.533502592701873751e-04
-2.003440256204721930e-03
-3.433135215438366285e-03
-4.264556612280107767e-03
-4.120398793174979632e-03
-3.096916333178584019e-03
-1.678786882353639626e-03
-4.994456796193716842e-04
-7.969239828869219711e-05
-6.328453126040011053e-04
-1.954289506061016556e-03
-3.460866455380977660e-03
-4.447049159243541758e-03
-4.460163562211568594e-03
-3.521373485412720820e-03
-2.061474819436156722e-03
-7.035900156134093598e-04
-2.361732951389867467e-05
-3.218061253061565660e-04
-1.485334158903254967e-03
-2.999357180564147206e-03
-4.157152931374806168e-03
-4.421209626497927050e-03
-3.696283631034068175e-03
