-3.326033372495828549e-10
1.102108612917374257e-12
1.434273564579107457e-09
2.789726908474031815e-09
3.989269464556559033e-09
1.690643721646934686e-09
-8.300982213106612585e-09
-2.983826180225339184e-08
-7.108833161006011851e-08
-1.402701578529372021e-07
-2.468625972593650079e-07
-4.026368107517526791e-07
-6.174993458334289332e-07
-9.034203681658632230e-07
-1.271759244975566820e-06
-1.729689165064161807e-06
-2.288424964703066894e-06
-2.957688289633785889e-06
-3.742419742495532684e-06
-4.650512114427007404e-06
-5.687573394415353853e-06
-6.855839637527740667e-06
-8.158135310055261542e-06
-9.596750036924926714e-06
-1.117231975110874116e-05
-1.288554691736820645e-05
-1.473872862891559190e-05
-1.673079995544208504e-05
-1.886207487391951696e-05
-2.113520367483760895e-05
-2.354843550756080938e-05
-2.610339140601529591e-05
-2.880280639533093511e-05
-3.164617534199298154e-05
-3.463531866087128663e-05
-3.777086615922356088e-05
-4.105187929813232264e-05
-4.447767155072476601e-05
-4.804590686824739899e-05
-5.175337180120792157e-05
-5.559535428476870302e-05
-5.956617009711914122e-05
-6.365817242147995896e-05
-6.786159559447349986e-05
-7.216692262108345473e-05
-7.656202696717014512e-05
-8.103413992907616272e-05
-8.557079376867014634e-05
-9.015746896010686971e-05
-9.478054585657921327e-05
-9.942574099160285210e-05
-1.040785516170740960e-04
-1.087260137427469871e-04
-1.133546303657288935e-04
-1.179523064033825771e-04
-1.225078765375277258e-04
-1.270104709428060115e-04
-1.314508898217460952e-04
-1.358202040646360224e-04
-1.401108456908624843e-04
-1.443164499203182245e-04
-1.484312709701006081e-04
-1.524512000822397383e-04
-1.563725578845923906e-04
-1.601931655491999344e-04
-1.639118075569220053e-04
-1.675278161684728908e-04
-1.710424795129112773e-04
-1.744573273025843275e-04
-1.777749731092034694e-04
-1.809990637955605967e-04
-1.841329514278922726e-04
-1.871807531694273045e-04
-1.901460839036442645e-04
-1.930318598343709147e-04
-1.958404329097696321e-04
-1.985724640585000101e-04
-2.012272581282163687e-04
-2.038020556469053216e-04
-2.062920918157197774e-04
-2.086907608563546006e-04
-2.109891243181478667e-04
-2.131768601008712013e-04
-2.152419866809323192e-04
-2.171712434461243958e-04
-2.189509872228423025e-04
-2.205668978466830167e-04
-2.220051436087720092e-04
-2.232526580670958342e-04
-2.242973079497335954e-04
-2.251287889920017542e-04
-2.257381656953249053e-04
-2.261181404964624517e-04
-2.262626145773824439e-04
-2.261657988029213925e-04
-2.258217377193144474e-04
-2.252226513182716613e-04
-2.243577505282592314e-04
-2.232114218854286251e-04
-2.217608187603687937e-04
-2.199736880253594937e-04
-2.178050622780903242e-04
-2.151943420589386689e-04
-2.120623649806589262e-04
-2.083088453333632436e-04
-2.038119070725528156e-04
-1.984291472257307593e-04
-1.920019023441955593e-04
-1.843624971866010336e-04
-1.753434883988695290e-04
-1.647888596412428418e-04
-1.525644902840278658e-04
-1.385670745268668318e-04
-1.227303974263719080e-04
-1.050278304145031211e-04
-8.547200465467411816e-05
-6.411112498761098292e-05
-4.102275309953409734e-05
-1.630559696961291359e-05
9.930720519383055462e-06
3.757596347743945113e-05
6.652895989247496452e-05
9.670483503823384605e-05
1.280383651779550642e-04
1.604839361310729431e-04
1.940117751769417163e-04
2.286019866480394624e-04
2.642374212334762796e-04
3.008956175628489747e-04
3.385410207421169371e-04
3.771173974365336630e-04
4.165417250300093729e-04
4.567009453718700218e-04
4.974520781020399249e-04
5.386265965298002228e-04
5.800378115712235714e-04
6.214901067682133441e-04
6.627888800336396947e-04
7.037494372131332518e-04
7.442044845033708462e-04
7.840090987471159609e-04
8.230426266593998934e-04
8.612076124939441364e-04
8.984253810187148477e-04
9.346294410313016202e-04
9.697577707332929618e-04
1.003745530671719573e-03
1.036520233934800327e-03
1.068000063268553096e-03
1.098096131052828323e-03
1.126718291865474357e-03
1.153783376324589134e-03
1.179224947548226281e-03
1.203002697296785958e-03
1.225110104850193372e-03
1.245578879549268060e-03
1.264478859266472514e-03
1.281913344262487200e-03
1.298010017987669563e-03
1.312908793989210100e-03
1.326748469749578852e-03
1.339654008326290847e-03
1.351726738466524835e-03
1.363038714720618202e-03
1.373631953750434689e-03
1.383522536242344676e-03
1.392708399987485288e-03
1.401179559704051128e-03
1.408928777870564232e-03
1.415960809871245766e-03
1.422298864245740736e-03
1.427987130861988916e-03
1.433089391237374116e-03
1.437684233987313303e-03
1.441858033771209208e-03
1.445697437371027544e-03
1.449282716715246484e-03
1.452683289215844819e-03
1.455955932867357243e-03
1.459145453034203484e-03
1.462287224380425313e-03
1.465410351920855411e-03
1.468540349723445248e-03
1.471700401026833751e-03
1.474910608734837777e-03
1.478185505918524004e-03
1.481530441797527381e-03
1.484938056179794423e-03
1.488386234940450303e-03
1.491838612875056366e-03
1.495248424031267584e-03
1.498565562954197027e-03
1.501745994871194834e-03
1.504762027865480956e-03
1.507611404029021891e-03
1.510323374895467582e-03
1.512960198615638952e-03
1.515613280870831006e-03
1.518394212320329671e-03
1.521421736425800130e-03
1.524802532317307436e-03
1.528618713864137975e-03
1.532919612787770605e-03
1.537705902909356544e-03
1.542932860823506124e-03
1.548521026307891164e-03
1.554356754893334485e-03
1.560308427334530660e-03
1.566251134481481348e-03
1.572075077034016354e-03
1.577684866248718794e-03
1.583006755590050897e-03
1.587975938530916545e-03
1.592493707896048584e-03
1.596412273319047911e-03
1.599529766629272575e-03
1.601580776391198311e-03
1.602307202872552605e-03
1.601562293296078347e-03
1.599395468028310101e-03
1.596152465188588592e-03
1.592504454537768980e-03
1.589372414458171045e-03
1.587803920854382808e-03
1.588803888554091810e-03
1.593142351031661937e-03
1.601198390682929225e-03
1.612862000565173188e-03
1.627469998832269810e-03
1.643822907075139905e-03
1.660313129307330101e-03
1.675112544327218584e-03
1.686451945983479103e-03
1.692941530453669378e-03
1.693823383176725275e-03
1.689143519391881005e-03
1.679783190589323851e-03
1.667336091431147107e-03
1.653888739403574669e-03
1.641735555112296477e-03
1.633077622895179803e-03
1.629742998551684044e-03
1.632955399707347035e-03
1.643168260963177906e-03
1.659978633783728945e-03
1.682152926266096936e-03
1.707751487555567724e-03
1.734343948294485857e-03
1.759292374698474262e-03
1.780037826126922235e-03
1.794375427971432778e-03
1.800682451135851830e-03
1.798086067160102738e-03
1.786591029150763101e-03
1.767139265954414994e-03
1.741603487707880796e-03
1.712698262852533487e-03
1.683777648972516151e-03
1.658536828506630657e-03
1.640627473896502956e-03
1.633224586587774842e-03
1.638600687006029795e-03
1.657752569294269245e-03
1.690136008878714239e-03
1.733545592505985429e-03
1.784185072374648573e-03
1.836948188430041675e-03
1.885902286004816899e-03
1.924961616310531028e-03
1.948662676814790938e-03
1.952948566508113347e-03
1.935857899546601299e-03
1.897988483474035955e-03
1.842667246645517468e-03
1.775776582200850424e-03
1.705227195453993833e-03
1.640130410592638074e-03
1.589744881333447117e-03
1.562313479966884015e-03
1.563930043649440233e-03
1.597582509405863797e-03
1.662513317075001249e-03
1.754000197577853734e-03
1.863624370001133604e-03
1.980020476231123851e-03
2.090042727619887374e-03
2.180240671169285469e-03
2.238473527158992178e-03
2.255490781449194168e-03
2.226294197069269079e-03
2.151096892966008773e-03
2.035746472123188371e-03
1.891508777824236305e-03
1.734180130198910994e-03
1.582578284847699097e-03
1.456531147258751475e-03
1.374562352139224210e-03
1.351523138710640504e-03
1.396446380683852035e-03
1.510899387950861116e-03
1.688076759601506421e-03
1.912820319881468074e-03
2.162656593744206358e-03
2.409837438727764798e-03
2.624244989266386226e-03
2.776883590539829232e-03
2.843592441307823005e-03
2.808530026989038229e-03
2.666966603416326669e-03
2.426972826565086672e-03
2.109674178056131656e-03
1.747896286757491969e-03
1.383210332465393709e-03
1.061586452715429377e-03
8.280703739956579885e-04
7.210635141894254987e-04
7.668862354828301104e-04
9.753284103294715965e-04
1.336829639375831675e-03
1.821796110777511172e-03
2.382351954230144120e-03
2.956561515195292589e-03
3.474840006682632185e-03
3.867943595343646766e-03
4.075671248589649194e-03
4.055235049279968911e-03
3.788237158659101770e-03
3.285287999787332800e-03
2.587477565618474286e-03
1.764194997759490225e-03
9.071706847745676736e-04
1.211014795461881778e-04
-4.882438636801998623e-04
-8.271021753139587949e-04
-8.264186648786594949e-04
-4.526325321082168762e-04
2.848139769445003663e-04
1.330373814302057136e-03
2.584576161391961314e-03
3.911965771985976767e-03
5.154571754430252797e-03
6.149722613196331213e-03
6.750119487113283474e-03
6.843607627449290257e-03
6.370237163473077904e-03
5.334655986719779447e-03
3.812185623925222304e-03
1.946998392388924869e-03
-5.888086514753024741e-05
-1.965834159918489112e-03
-3.524220517099236043e-03
-4.505397135368720100e-03
-4.731684021715276169e-03
-4.101686126952249281e-03
-2.608987652761413176e-03
-3.529247621558269051e-04
2.460785217786024080e-03
5.532987952237304261e-03
8.500040129422129637e-03
1.097690803844809590e-02
1.260707570300777236e-02
1.310950935668167387e-02
1.231608913728788821e-02
1.019901207890035189e-02
6.890107493379947490e-03
2.688613828459243335e-03
-1.953570925639810853e-03
-6.478481589980002696e-03
-1.029622291316519000e-02
-1.286795598464902414e-02
-1.377616105951923360e-02
-1.277063640961039782e-02
-9.796264568421871044e-03
-5.019092195636950388e-03
1.147908630089889120e-03
8.044872222245849983e-03
1.482272931041363900e-02
2.056654352070748717e-02
2.445103662610001102e-02
2.586690328093614599e-02
2.447275956707369721e-02
2.019558832583943919e-02
1.325943056425764842e-02
4.261197246034994016e-03
-5.792432943222661570e-03
-1.558384188808811452e-02
-2.372172019270567950e-02
-2.902869840444200628e-02
-3.075352738427952412e-02
-2.858790921156711268e-02
-2.255247126990982814e-02
-1.299612687610508452e-02
-7.470181196781825210e-04
1.274980588422991792e-02
2.550077363515627915e-02
3.540768314141887196e-02
4.093041987930855219e-02
4.145708895400174177e-02
3.708345658188633154e-02
2.826336502578287793e-02
1.579341516526184749e-02
9.817412660607857666e-04
-1.425555534025309615e-02
-2.759578051400578616e-02
-3.689766603282582103e-02
-4.088788592811275213e-02
-3.945144192303939173e-02
-3.325961547299583626e-02
-2.320518168753495439e-02
-1.034906203158961029e-02
3.877922254556007142e-03
1.768768381772377676e-02
2.924175979215472634e-02
3.698017738976729779e-02
3.998479389998676331e-02
3.831618438189496323e-02
3.273229734067590463e-02
2.416703659001346455e-02
1.352098320070095443e-02
1.739567497422683144e-03
-1.004937262176704323e-02
-2.063002905007743290e-02
-2.882194736179797406e-02
-3.359426636508389130e-02
-3.443845877213441015e-02
-3.158766452078489578e-02
-2.566649842456637451e-02
-1.734665670567272708e-02
-7.307923419281188784e-03
3.630739727513127013e-03
1.445451810618423455e-02
2.398096963426615477e-02
3.090158927979590534e-02
3.411693699712060879e-02
3.322965182062555950e-02
2.864984741599731904e-02
2.117621863337248653e-02
1.167750116256612535e-02
1.121222036767615272e-03
-9.381206062403182888e-03
-1.868303264685015896e-02
-2.569147677424706358e-02
-2.946542788196682833e-02
-2.950652838479163320e-02
-2.595310369389673688e-02
-1.944561222279730592e-02
-1.081547866283958867e-02
-9.742555523146103225e-04
9.044231694929967535e-03
1.813328929348993410e-02
2.528373056694073126e-02
2.970199293347577929e-02
3.086377461193308760e-02
2.866668726869497225e-02
2.344234711502829818e-02
1.582056572165316255e-02
6.593209673046024344e-03
-3.314990041095075991e-03
-1.283089193470149207e-02
-2.083211390543766514e-02
-2.634493756660814812e-02
-2.871882007537784193e-02
-2.770418171103489896e-02
-2.347152798928954162e-02
-1.651369784182061401e-02
-7.546390095870776638e-03
2.547900061140855477e-03
1.270696094129328789e-02
2.170574393844517183e-02
2.833000042277125305e-02
3.165217149803621621e-02
3.128426037040107216e-02
2.737420618598412209e-02
2.045507502588318066e-02
1.132189703463975204e-02
9.674650766829642669e-04
-9.472827514796855822e-03
-1.877304351908561098e-02
-2.573863167397918636e-02
-2.943928278052297329e-02
-2.943480274807427216e-02
-2.585107500529962646e-02
-1.920568175548887507e-02
-1.025230113975532896e-02
6.259752017257399766e-05
1.061828226870403791e-02
2.020352554794025562e-02
2.764047599030297966e-02
3.195499646684910738e-02
3.262179331734300219e-02
2.965775814010987096e-02
2.351669729650144106e-02
1.491447154648487157e-02
4.751392759766777385e-03
-5.897954247420051851e-03
-1.582699803368106672e-02
-2.382789649497329965e-02
-2.887649177228692257e-02
-3.033487672822651054e-02
-2.811345284392769914e-02
-2.258537995157849920e-02
