3.504206465612124677e-01
1.076401208265190368e+00
1.833170637360368449e+00
2.662781202635132516e+00
3.538535483503590484e+00
4.407345115934978352e+00
5.353400827951047880e+00
6.321150918315627365e+00
7.287960373127590152e+00
8.319005124584816002e+00
9.358926362883011052e+00
1.041674472784674244e+01
1.150797431479047361e+01
1.261841163695306633e+01
1.375075560170098932e+01
1.489233945345574384e+01
1.607151651327882647e+01
1.725946527745115944e+01
1.845394379411485986e+01
1.969107757956509985e+01
2.092457253795108585e+01
2.217495859936685321e+01
2.345527355971509209e+01
2.473491599667835317e+01
2.603617603227247912e+01
2.735138722959307955e+01
2.867988682801354017e+01
3.002212868654240907e+01
3.137347426822617180e+01
3.274835934469093246e+01
3.412533250215259528e+01
3.551812529197788137e+01
3.693247866286361614e+01
3.834637352627159146e+01
3.978268466274759874e+01
4.123263045582367425e+01
4.269024125095430833e+01
4.416873910542729220e+01
4.565791908577024572e+01
4.716490351651211199e+01
4.868609202924667301e+01
5.022377710528139971e+01
5.178320130500621588e+01
5.335391970835046038e+01
5.494989415064456750e+01
5.656602347412044196e+01
5.819851957765951056e+01
5.986089955493878989e+01
6.154295708626638373e+01
6.325082571314365509e+01
6.498787122990940190e+01
6.675021943253771894e+01
6.854514384216517442e+01
7.036876268518871314e+01
7.222686913666444752e+01
7.411978854396610927e+01
7.604541394504416019e+01
7.801286602356242383e+01
8.001617944002596516e+01
8.205976955577146725e+01
8.414800751410403734e+01
8.627586019798087591e+01
8.845049583504808766e+01
9.067011815455714441e+01
9.293555539378405683e+01
9.524993000351456374e+01
9.761035571611131445e+01
1.000211621476209984e+02
1.024793410056866634e+02
1.049853318235622623e+02
1.075411647643586974e+02
1.101413255067760701e+02
1.127887801858161794e+02
1.154804793822548703e+02
1.182131014067675210e+02
1.209879544691216608e+02
1.237996990697124602e+02
1.266481961178145639e+02
1.295309477539355782e+02
1.324449226120520393e+02
1.353905439475919934e+02
1.383635253941599217e+02
1.413645002453129678e+02
1.443918879885041804e+02
1.474430184377612818e+02
1.505195811250351881e+02
1.536183508355029517e+02
1.567393491926182492e+02
1.598824377690050937e+02
1.630450635619869217e+02
1.662282339734819061e+02
1.694297575183013862e+02
1.726492940952010713e+02
1.758866265996713878e+02
1.791396843206784126e+02
1.824095944036393178e+02
1.856946396809249791e+02
1.889946521419212786e+02
1.923102910887988344e+02
1.956398372211062906e+02
1.989844316064786653e+02
2.023432975137612289e+02
2.057158881552626326e+02
2.091027563073515978e+02
2.125023276077608330e+02
2.159149096944377106e+02
2.193394008661308874e+02
2.227747302834869743e+02
2.262209235253149018e+02
2.296761666226165914e+02
2.331404981547936472e+02
2.366131627808899509e+02
2.400930446640009563e+02
2.435803556583901468e+02
2.470735887381267446e+02
2.505722587002958335e+02
2.540754457186754962e+02
2.575815246025193801e+02
2.610899179500705714e+02
2.645987297720301967e+02
2.681068489929324983e+02
2.716129966767989004e+02
2.751152032006826289e+02
2.786125954921620291e+02
2.821032210997542506e+02
2.855856624074709202e+02
2.890586868267705540e+02
2.925203200336439409e+02
2.959695356396987336e+02
2.994045954284193840e+02
3.028240202105819208e+02
3.062266182823862550e+02
3.096105470178359838e+02
3.129747273557380822e+02
3.163175450724947382e+02
3.196374936711534360e+02
3.229334396257139588e+02
3.262036046685979045e+02
3.294468491693881447e+02
3.326617030354755684e+02
3.358466330433191160e+02
3.390005216009092237e+02
3.421217147770182123e+02
3.452090153307344735e+02
3.482610507497387857e+02
3.512763217128133419e+02
3.542537172539985022e+02
3.571916733378600384e+02
3.600889723238324223e+02
3.629443229729301379e+02
3.657562410749628157e+02
3.685236253616359932e+02
3.712450087231757152e+02
3.739191523388525979e+02
3.765448462322386831e+02
3.791206734527999060e+02
3.816455489102060028e+02
3.841181248450125167e+02
3.865371999672304355e+02
3.889016501332976077e+02
3.912101497923450211e+02
3.934616634267079007e+02
3.956549623476757347e+02
3.977888960733462795e+02
3.998624371000891529e+02
4.018743637843762144e+02
4.038236956188274007e+02
4.057093336776164278e+02
4.075302036747331158e+02
4.092853710328299144e+02
4.109737356647329989e+02
4.125943886992467924e+02
4.141463510927191578e+02
4.156286359397259957e+02
4.170403970191068765e+02
4.183806433989707330e+02
4.196485315426077705e+02
4.208431908477485877e+02
4.219637168290402656e+02
4.230093446879839689e+02
4.239791984254326280e+02
4.248725116747876314e+02
4.256885281210302310e+02
4.264264509929896576e+02
4.270856147012321458e+02
4.276652731669381069e+02
4.281647639684659339e+02
4.285834591919534091e+02
4.289206897313178501e+02
4.291759102364554224e+02
4.293485271601812769e+02
4.294380124501276441e+02
4.294438994379809174e+02
4.293656919707126463e+02
4.292030115823683900e+02
4.289554645772066692e+02
4.286227112230836838e+02
4.282044873585224991e+02
4.277005091545032087e+02
4.271105993055298882e+02
4.267865765425762561e+02
4.267642466744979970e+02
4.267161262193391167e+02
4.266980212419416603e+02
4.266976595287898135e+02
4.266750218221652631e+02
4.267200988221471789e+02
4.267804705516081754e+02
4.268358544431310406e+02
4.269512446184013470e+02
4.270700711812935424e+02
4.272022016735326133e+02
4.273651873718977185e+02
4.275476284985560937e+02
4.277582702940320587e+02
4.279904349350428561e+02
4.282745017876569023e+02
4.285811686291321507e+02
4.289015121091612741e+02
4.292577718095592445e+02
4.295876901353848893e+02
4.298948760673112588e+02
4.301777206513010015e+02
4.303970174346881095e+02
4.305726270332638705e+02
4.306999027742939461e+02
4.307853853865709084e+02
4.308395577038045303e+02
4.308678076121999538e+02
4.308931144456985294e+02
4.309016657552779179e+02
4.309119537704930281e+02
4.309321978782272708e+02
4.309423621836084521e+02
4.309652709614339301e+02
4.309916180285127894e+02
4.310151063812218695e+02
4.310478522680854212e+02
4.310788556926398769e+02
4.311143139831190751e+02
4.311498055869419659e+02
4.311866601133511381e+02
4.312288864200874059e+02
4.312653289596958643e+02
4.313084047379571189e+02
4.313516303952741282e+02
4.313901408701612468e+02
4.314354677707204928e+02
4.314760134597216279e+02
4.315163625329442425e+02
4.315580086724063449e+02
4.315956775414399544e+02
4.316349335002531689e+02
4.316704687917518299e+02
4.317065938437282853e+02
4.317421672682645521e+02
4.317740180516183273e+02
4.318097246368001265e+02
4.318422739211067096e+02
4.318750265043346985e+02
4.319108923822153656e+02
4.319439860446509556e+02
4.319801341343560352e+02
4.320162366505747400e+02
4.320519973901284061e+02
4.320890532393648300e+02
4.321234831099434928e+02
4.321585530432991504e+02
4.321907115241965585e+02
4.322205070679755750e+02
4.322503531135782850e+02
4.322761572841726547e+02
4.323024964818885110e+02
4.323282630535966291e+02
4.323525957007655052e+02
4.323789490706243441e+02
4.324045201891102010e+02
4.324316917057492446e+02
4.324603595606815247e+02
4.324900375069411211e+02
4.325230808566788028e+02
4.325568097084938017e+02
4.325926774420045717e+02
4.326290923716900920e+02
4.326631665136590641e+02
4.326959232863188731e+02
4.327239816858019026e+02
4.327478922795917242e+02
4.327685896374508161e+02
4.327855260144580143e+02
4.328017661230014141e+02
4.328171228859004032e+02
4.328329282738233701e+02
4.328499889461967882e+02
4.328672652430614107e+02
4.328868842581844660e+02
4.329086272889508109e+02
4.329343518929597394e+02
4.329665148055007649e+02
4.330046308628134852e+02
4.330493283756317169e+02
4.330972212345876642e+02
4.331435030850305452e+02
4.331835702657998013e+02
4.332118422188838167e+02
4.332272068402189120e+02
4.332306407820036611e+02
4.332264651752784062e+02
4.332214380678000794e+02
4.332197717873281704e+02
4.332246538146146690e+02
4.332349479363639944e+02
4.332470902538091764e+02
4.332591597356013722e+02
4.332709287213332914e+02
4.332879491905559917e+02
4.333188181056609665e+02
4.333713764371668162e+02
4.334491944897931717e+02
4.335454033191859935e+02
4.336442033003845040e+02
4.337237974991100486e+02
4.337638243778663423e+02
4.337554648710409424e+02
4.337047435201862413e+02
4.336332375999277247e+02
4.335698292626381658e+02
4.335380647285889495e+02
4.335467402472825711e+02
4.335839289343978180e+02
4.336235102117186102e+02
4.336391828647418265e+02
4.336203099935590330e+02
4.335838714877486950e+02
4.335712011671497521e+02
4.336327327774965852e+02
4.338031261393635987e+02
4.340764683232802668e+02
4.343968635314331550e+02
4.346695423613020353e+02
4.347961045186813749e+02
4.347197394769022480e+02
4.344578309953635653e+02
4.341063882751055303e+02
4.338071909474236918e+02
4.336895284375668780e+02
4.338078127126045729e+02
4.341033542462055834e+02
4.344202974972538982e+02
4.345779417821459560e+02
4.344698720050726592e+02
4.341368634717561008e+02
4.337715419523777314e+02
4.336515172671107052e+02
4.340208507358265706e+02
4.349564932171269334e+02
4.362723075188310418e+02
4.375303791055948750e+02
4.382060900561988888e+02
4.379477290907702240e+02
4.367807855705945599e+02
4.351384776821457194e+02
4.337182121105494730e+02
4.332299692007978251e+02
4.340735703155064016e+02
4.360271343295643760e+02
4.381980698116891517e+02
4.394465742525632095e+02
4.390663902375046064e+02
4.372065818526607472e+02
4.347990503081600764e+02
4.331884266246029256e+02
4.336909829644079082e+02
4.370644390644548594e+02
4.428341971779311734e+02
4.489676703443988686e+02
4.526496818220678051e+02
4.519756066809100048e+02
4.471872179014509925e+02
4.404081081509399382e+02
4.345109491673653679e+02
4.325261348553416383e+02
4.369845513280387195e+02
4.475064168734224950e+02
4.591116907002587482e+02
4.650621454567189517e+02
4.622516615984894202e+02
4.531747979889695443e+02
4.429706273393159108e+02
4.362566036112905294e+02
4.375136652986483341e+02
4.503607326440825886e+02
4.724348082285929991e+02
4.930641666369918426e+02
4.994125250093975410e+02
4.891673467537954139e+02
4.714811307992403044e+02
4.547117023879690123e+02
4.444718212018349277e+02
4.491036316491318985e+02
4.688894687815835596e+02
4.919249957359762107e+02
5.027270504243694518e+02
4.946171395996775004e+02
4.763893648564834962e+02
4.608352719128425292e+02
4.519753753572582582e+02
4.532847146005672130e+02
4.641241274530904093e+02
4.800196251738295246e+02
4.920751443978364819e+02
4.921333395279672231e+02
4.802678342506731042e+02
4.647415959957413065e+02
4.531147594327116508e+02
4.485026972366413247e+02
4.500928639534647004e+02
4.545838425235688192e+02
4.608251346102777006e+02
4.671506570035591039e+02
4.698194769638847106e+02
4.654426103275376363e+02
4.565935054025952695e+02
4.468348397201233979e+02
4.400744265938057538e+02
4.378664133037987654e+02
4.400422424282720613e+02
4.456829434498811224e+02
4.537230014963651570e+02
4.619689862765250155e+02
4.665885250320337718e+02
4.648009910987058220e+02
4.572504840116383775e+02
4.467878510970589900e+02
4.401693281397185729e+02
4.401389571186577996e+02
4.449921928949783592e+02
4.522241163243517690e+02
4.591149300246729013e+02
4.618218547646529828e+02
4.586425729460212324e+02
4.508832125653373737e+02
4.423495209255742111e+02
4.357395139621363569e+02
4.352652930715785828e+02
4.395273881109562240e+02
4.463617349767396263e+02
4.538744377603860016e+02
4.590557031638523995e+02
4.587691468709301716e+02
4.539603052405893777e+02
4.463559891763298992e+02
4.393563966540589263e+02
4.359956477099472636e+02
4.380808833910429030e+02
4.435608823221402872e+02
4.506739614338088700e+02
4.568996523951018389e+02
4.587778145684283686e+02
4.545389524047663485e+02
4.473350805656327225e+02
4.392856137871821147e+02
4.340955540246705482e+02
4.341941689681759726e+02
4.395756270177648730e+02
4.477878991627777623e+02
4.565583540389243353e+02
4.620447051993988339e+02
4.614335813286505186e+02
4.544868476085223961e+02
4.455970847059160747e+02
4.385756473002088569e+02
4.374966120284661315e+02
4.425493770436955856e+02
4.510409771123798919e+02
4.589767931898311986e+02
4.633238944140163085e+02
4.606501127801071220e+02
4.525585442592934555e+02
4.428189529078072155e+02
4.361378365876286125e+02
4.349277169456153729e+02
4.397296852813652208e+02
4.482814063229916428e+02
4.573806943170991985e+02
4.630757426355499433e+02
4.632502143845439946e+02
4.570183429069280123e+02
4.479282520360416129e+02
4.400382609082208205e+02
4.374609331151833658e+02
4.407891263525436329e+02
4.483968865911118087e+02
4.568780309051007293e+02
4.629207295391452135e+02
4.626123800142719347e+02
4.563085968488700246e+02
4.466893720452863477e+02
4.384120717768142867e+02
4.346322957704439887e+02
4.370952191264885869e+02
