-6.001321433281303630e-04
-9.295182499483162220e-04
-1.887773900084932510e-03
-3.061605535031874936e-03
-3.662180264789038908e-03
-5.619642363565324761e-03
-7.076368401698784893e-03
-8.760519110737829962e-03
-1.138191405053801120e-02
-1.343760419573281073e-02
-1.600651523094365203e-02
-1.861139482948814816e-02
-2.142687133592047211e-02
-2.432924627169663623e-02
-2.680821665278387833e-02
-2.999024358446833460e-02
-3.241249453115058188e-02
-3.470099877808330291e-02
-3.747733592878343956e-02
-3.919305057173438911e-02
-4.137839451040847827e-02
-4.352148487287932355e-02
-4.496717747146972144e-02
-4.693231607091652435e-02
-4.856254786877300944e-02
-5.017538799285725659e-02
-5.191160466862587697e-02
-5.363595812540955521e-02
-5.570017651487946253e-02
-5.754806448868476920e-02
-5.979317025511088346e-02
-6.213647720732362600e-02
-6.430218323473724240e-02
-6.699410568791686060e-02
-6.943119550332932377e-02
-7.196144339604648721e-02
-7.473543625208867169e-02
-7.711186371273770490e-02
-7.964950440092133377e-02
-8.197607397079309521e-02
-8.407610469046433721e-02
-8.618694040581598159e-02
-8.787415004574494759e-02
-8.957006162939329386e-02
-9.100021063888341644e-02
-9.212691738190503798e-02
-9.326941651303055636e-02
-9.404491808238724104e-02
-9.482178001596786032e-02
-9.548187788800621689e-02
-9.598336870835666446e-02
-9.660374549219818974e-02
-9.703865310856940596e-02
-9.758479117899465649e-02
-9.814109771362389267e-02
-9.862918823099864341e-02
-9.933807094641800006e-02
-9.991627541433789617e-02
-1.005502516279275227e-01
-1.012159929112259604e-01
-1.016301995808746028e-01
-1.019648083101740710e-01
-1.019146012205904839e-01
-1.013734469513849490e-01
-1.002039001066643564e-01
-9.801251298968427506e-02
-9.466395989581410930e-02
-8.966835526561656167e-02
-8.269826610338437689e-02
-7.337451837391917309e-02
-6.109357898735190417e-02
-4.558917921797966955e-02
-2.626933070526682457e-02
-2.704423862759597341e-03
2.538634767244118962e-02
5.851179942975370807e-02
9.682358111538924561e-02
1.405945779441939436e-01
1.900187514598217220e-01
2.451056720795801169e-01
3.060299829178436681e-01
3.727220632185996863e-01
4.452010541498383489e-01
5.234646238359221826e-01
6.073585402147578804e-01
6.968982817711077971e-01
7.919037137276943028e-01
8.922416264078378845e-01
9.978027120029295816e-01
1.108299130297855761e+00
1.223577834716389034e+00
1.343326447819729097e+00
1.467234563971457462e+00
1.595031622637304025e+00
1.726290115842467721e+00
1.860712971967011242e+00
1.997898302217204325e+00
2.137430028430854279e+00
2.278957734509243771e+00
2.421987269735170756e+00
2.566104143173758345e+00
2.710826408186412628e+00
2.855614818485797457e+00
2.999975119447531036e+00
3.143266191725029302e+00
3.284834918326082764e+00
3.423876969119397984e+00
3.559374915055717459e+00
3.690159205445808333e+00
3.814715967928306029e+00
3.931337657788334994e+00
4.038132037062040602e+00
4.133090327276193854e+00
4.214377034571908709e+00
4.280358730239728793e+00
4.329826271378986569e+00
4.362055188916194481e+00
4.376716178548729630e+00
4.373902429556161486e+00
4.353924154394767321e+00
4.317271663349494304e+00
4.264569952513937778e+00
4.196468888065529868e+00
4.113686946419366386e+00
4.016862266008439875e+00
3.906496751077401797e+00
3.782931675777919001e+00
3.646271684156126014e+00
3.496508987215819264e+00
3.333570195093428890e+00
3.157413277955830821e+00
2.968157665410066315e+00
2.766089174575288467e+00
2.551753772492662442e+00
2.325973879978348702e+00
2.089854103291733711e+00
1.844835430241310359e+00
1.592621177726401882e+00
1.335135748005007450e+00
1.074411706521131826e+00
8.124292521037714820e-01
5.510410065588340345e-01
2.918592903606231914e-01
3.623554604631040732e-02
-2.147231726128073781e-01
-4.601536697451997782e-01
-6.993536100166104497e-01
-9.317397907549782587e-01
-1.156770686373808754e+00
-1.373847567706616424e+00
-1.582277611091073233e+00
-1.781211279776581335e+00
-1.969662168331191232e+00
-2.146574261055176791e+00
-2.310900809501460706e+00
-2.461747592992702849e+00
-2.598463743703449236e+00
-2.720720688729825198e+00
-2.828563110396740576e+00
-2.922384939647133972e+00
-3.002903126484797625e+00
-3.071062626116559890e+00
-3.127919378479931289e+00
-3.174529301896186873e+00
-3.211811024804806625e+00
-3.240469153830451532e+00
-3.260943985174484805e+00
-3.273413422116919769e+00
-3.277867546166414403e+00
-3.274188112431882125e+00
-3.262265522150346264e+00
-3.242096472931970119e+00
-3.213845273983895190e+00
-3.177887914116849899e+00
-3.134788490739651046e+00
-3.085253989325251744e+00
-3.030059987488220141e+00
-2.969953615412470604e+00
-2.905586037755566231e+00
-2.837452121668277982e+00
-2.765879352853241269e+00
-2.691062314874099748e+00
-2.613117704694408516e+00
-2.532174689685722679e+00
-2.448445070400124823e+00
-2.362271728856247144e+00
-2.274142782546711317e+00
-2.184647379597158157e+00
-2.094409385873237106e+00
-2.003989347104967678e+00
-1.913786416217022612e+00
-1.823970901363886732e+00
-1.734444271227856049e+00
-1.644863501007456819e+00
-1.554712336659646255e+00
-1.463412172417983381e+00
-1.370462941052887462e+00
-1.275565713698560977e+00
-1.178720093386969481e+00
-1.080264540899947612e+00
-9.821491297246396357e-01
-8.843632161979528838e-01
-7.879529994112157709e-01
-6.945369786708690540e-01
-6.032988235167504598e-01
-5.164254723691161786e-01
-4.342488449110550874e-01
-3.552885227194710893e-01
-2.801324558751687732e-01
-2.077580333511757082e-01
-1.364250072588450990e-01
-6.599335731768896096e-02
3.685140588831625763e-03
7.336453006037535474e-02
1.425478497139112122e-01
2.097066198101282808e-01
2.748923178369886422e-01
3.373037190526937401e-01
3.973111172946262037e-01
4.598913864861899903e-01
5.305304496003353520e-01
6.169687840671778112e-01
7.274327599134311484e-01
8.636002206706701045e-01
1.021472364458586135e+00
1.189756698864976148e+00
1.350996436588953742e+00
1.488375734834070929e+00
1.589011686985920768e+00
1.647193903565061568e+00
1.665521185459192477e+00
1.653013481771371751e+00
1.622953390142367613e+00
1.590771875959148041e+00
1.573394743842804200e+00
1.586925128820406705e+00
1.645033127655698646e+00
1.757285511581494042e+00
1.924647491558133527e+00
2.139981369874565331e+00
2.388871896126872230e+00
2.651238861824142035e+00
2.907885190772600215e+00
3.142228019613697576e+00
3.342343689954760499e+00
3.502486776950278102e+00
3.620281604361458960e+00
3.697096171937920950e+00
3.737670438951099072e+00
3.749849299197316910e+00
3.745369948618768596e+00
3.738729938706928824e+00
3.746234027556883728e+00
3.783605660850861252e+00
3.864781906666805433e+00
4.001168188504717449e+00
4.199977420183066634e+00
4.464905507631713455e+00
4.793957865426325071e+00
5.177421751597371724e+00
5.598001654126249171e+00
6.029352821364192927e+00
6.438909397139174651e+00
6.792477403237398903e+00
7.058329641478167993e+00
7.213568046545961288e+00
7.247955818805371209e+00
7.166259947320154922e+00
6.989506584407450873e+00
6.753370591844079840e+00
6.505566771511309909e+00
6.300588238543776143e+00
6.193389869863352715e+00
6.231712652255232854e+00
6.447847229571033623e+00
6.853414256203444133e+00
7.435241433827935786e+00
8.155729483765338017e+00
8.957222512840935735e+00
9.767544031572143126e+00
1.050912058745906741e+01
1.110799464928235381e+01
1.150227350251677017e+01
1.165101049371600261e+01
1.154009114569494088e+01
1.118611723799487301e+01
1.063709762790350943e+01
9.968652185734129034e+00
9.277208459905580185e+00
8.669614808580334397e+00
8.251468933457124066e+00
8.114637244459155241e+00
8.325510537926344767e+00
8.915794809377414865e+00
9.875132371307273615e+00
1.114866796893696943e+01
1.263901808036433394e+01
1.421292520704554896e+01
1.571422104958658217e+01
1.698008236135759574e+01
1.786019698834830649e+01
1.823707495871363449e+01
1.804353615597091576e+01
1.727652585767663851e+01
1.600438421168212955e+01
1.436560102022745866e+01
1.255918955757645605e+01
1.082600517719363609e+01
9.423013174418620963e+00
8.592322228279567042e+00
8.528725504228919618e+00
9.349764440845241609e+00
1.107210736781013338e+01
1.359977490827304969e+01
1.672563681128532664e+01
2.014768546633416690e+01
2.349922002388506925e+01
2.638831779990671222e+01
2.844388886390674287e+01
2.936358627736601079e+01
2.895790528862818647e+01
2.718587700216950864e+01
2.417531059728941045e+01
2.022241386366505367e+01
1.576949084100103704e+01
1.136212802683668244e+01
7.591310846280956426e+00
5.025979302954982408e+00
4.141666980927538155e+00
5.250955654548893570e+00
8.444846296802726471e+00
1.355740170973028746e+01
2.016332583150730784e+01
2.761329061346627611e+01
3.510052208716227540e+01
4.174573480580183116e+01
4.669088680511558920e+01
4.919727579337727263e+01
4.874656857625681994e+01
4.513692892484198183e+01
3.855203117514635380e+01
2.957748217750089736e+01
1.915325430281863817e+01
8.474337238490967650e+00
-1.131879494966861799e+00
-8.333058818578688687e+00
-1.193029827361736928e+01
-1.102415576032912803e+01
-5.199879828777280721e+00
5.321117035851971266e+00
1.963925852272375039e+01
3.628552302738911806e+01
5.343765653834771712e+01
6.914112843460257807e+01
8.146183164473819716e+01
8.860310666453128192e+01
8.909768361327093089e+01
8.212968068252106946e+01
6.787637469499354381e+01
4.764366534609520443e+01
2.365082313693863370e+01
-1.419156130704877228e+00
-2.478543086308737031e+01
-4.364780231108768760e+01
-5.514311044264599815e+01
-5.658496943395586243e+01
-4.620298670238469185e+01
-2.408748621219120878e+01
7.372542527737230955e+00
4.409757481339840979e+01
8.168518437458635617e+01
1.164848670237489614e+02
1.454436012817718051e+02
1.650168299383102806e+02
1.707451190289264673e+02
1.587432149151424312e+02
1.283615598563306435e+02
8.366340124033072811e+01
3.187165175881641233e+01
-2.037834260515896290e+01
-6.943455652951476509e+01
-1.128214045638345056e+02
-1.451745193970761534e+02
-1.572113599019423589e+02
-1.400371399259273630e+02
-9.229080482207598379e+01
-2.388312557113027879e+01
4.873086324672767944e+01
1.134968835796811391e+02
1.703348049207632755e+02
2.244769193528674691e+02
2.717079892536216335e+02
2.936553458296511394e+02
2.706264332136490793e+02
2.012501865131511352e+02
1.082212894508436705e+02
2.144650100110517599e+01
-4.768070410214053823e+01
-1.105247354980881909e+02
-1.752830811662876158e+02
-2.253631265639821777e+02
-2.309593266685614026e+02
-1.793766881322775930e+02
-9.005174299221502565e+01
-1.201323047455815640e+00
5.608013821093882711e+01
9.068960232080317496e+01
1.313405047801775254e+02
1.818558821949733897e+02
2.154234774311032936e+02
2.048853361136445415e+02
1.562652007853782550e+02
9.943741964287062274e+01
4.800744226473858589e+01
6.970006899052037852e+00
-2.031164763693024611e+01
-4.818202986141500332e+01
-8.013579046186731603e+01
-9.764736154785522615e+01
-8.737244396731321672e+01
-6.008331213424592931e+01
-3.438344762077551309e+01
-1.223172569320412606e+01
7.621682982929755212e+00
2.603245805995396722e+01
5.089111683439291767e+01
8.878850888858907808e+01
1.339872275205611345e+02
1.589933026861155270e+02
1.459224271887355258e+02
1.131776570521997911e+02
7.789365849481993109e+01
4.275484287699164554e+01
1.175293585838241484e+01
-1.785106549507598572e+01
-5.726517690115531423e+01
-1.086714073797062241e+02
-1.491194923571225672e+02
-1.483919025266455947e+02
-1.071657329516215498e+02
-5.470881948079843937e+01
-1.113973718544868063e+01
2.194246927596412888e+01
4.587877660724527118e+01
6.683467766041258074e+01
9.512184314843369748e+01
1.277014482201629875e+02
1.434417151375173205e+02
1.278038386441188550e+02
8.951113382657452178e+01
4.700051671607052128e+01
9.196249876003548707e+00
-2.445310535798498108e+01
-5.476520377079878443e+01
-8.242780071297698896e+01
-1.074520569670343662e+02
-1.233394928233789187e+02
-1.173944435718873223e+02
-8.751710291695820843e+01
-4.711074921354673961e+01
-8.633431879672983200e+00
2.546131938021616747e+01
5.865474478939540859e+01
9.416764975264661075e+01
1.281197970778129047e+02
1.506581939912229018e+02
1.518964253677320357e+02
1.265586111614501021e+02
8.314255549387513611e+01
3.716336475219483759e+01
-2.946510927822259873e+00
-3.990536213564783452e+01
-8.095192431446584180e+01
-1.236260850009632719e+02
-1.519946845822693149e+02
-1.504401454027289731e+02
-1.184386015577144917e+02
-6.906792825840153682e+01
-1.901134328422753583e+01
2.074277561840098372e+01
5.064616127999164519e+01
8.058575764052181967e+01
1.152919085520363467e+02
1.447526746690523396e+02
1.524721689514836953e+02
1.307159240885169709e+02
8.910566368220978006e+01
4.245139754585368053e+01
1.363934027867088616e-01
-3.549943938598227078e+01
-6.942966739849316582e+01
-1.062017621361829356e+02
-1.378758289653919746e+02
-1.477176814584580313e+02
-1.275872411655808776e+02
-8.566956313080845575e+01
-3.804380280955074056e+01
3.446891409220469882e+00
3.653938333094097857e+01
6.758363068930475492e+01
1.021878323463843685e+02
