9.999945672145379438e-01
9.999865256581043083e-01
9.999819379728235313e-01
9.999748099333534146e-01
9.999684272580680044e-01
9.999629426324149195e-01
9.999555728716454928e-01
9.999503798608849747e-01
9.999434038764501986e-01
9.999371639729048855e-01
9.999316811240381853e-01
9.999242029395127851e-01
9.999190511439830509e-01
9.999124538868996437e-01
9.999058089126339199e-01
9.999005525031756658e-01
9.998934628560328663e-01
9.998878517036073887e-01
9.998816848107991984e-01
9.998751771969288660e-01
9.998697732925138082e-01
9.998629915060143203e-01
9.998574472017649484e-01
9.998514246356027257e-01
9.998449782327609725e-01
9.998397701768245716e-01
9.998332326910113199e-01
9.998275882924185787e-01
9.998219621663365642e-01
9.998049441332648168e-01
9.997861559676602949e-01
9.997662021937049337e-01
9.997452344871246011e-01
9.997232329763967584e-01
9.997000685526611363e-01
9.996760244832546549e-01
9.996506978926850140e-01
9.996244390045634365e-01
9.995972005086900536e-01
9.995687386245661887e-01
9.995395244684631697e-01
9.995092518616625066e-01
9.994780857939240537e-01
9.994462104190862117e-01
9.994134848286537753e-01
9.993802093840626899e-01
9.993463164102571739e-01
9.993119826780801906e-01
9.992773503308411964e-01
9.992423530710841106e-01
9.992073333960405090e-01
9.991722213082492310e-01
9.991371255157359688e-01
9.991023022391392061e-01
9.990676158810785079e-01
9.990332477229842967e-01
9.989991466917690355e-01
9.989654932567293422e-01
9.989324627796916101e-01
9.988999844561329278e-01
9.988682163838792372e-01
9.988371468179374491e-01
9.988067769292078291e-01
9.987772434495149065e-01
9.987484230562896359e-01
9.987204245189010843e-01
9.986932394990551964e-01
9.986667885178915904e-01
9.986411663591792109e-01
9.986162609622329933e-01
9.985920888781740778e-01
9.985686319076928497e-01
9.985458075219461049e-01
9.985236602162098629e-01
9.985020977672219855e-01
9.984811361401735308e-01
9.984607855315829061e-01
9.984409875286551772e-01
9.984218376235589609e-01
9.984033189539015529e-01
9.983854841656339962e-01
9.983684396075633849e-01
9.983522011094204673e-01
9.983369131192004753e-01
9.983226442826603764e-01
9.983094935355466548e-01
9.982975996252577700e-01
9.982870141148785237e-01
9.982778804492472569e-01
9.982702602277300219e-01
9.982642177924208049e-01
9.982598498063575132e-01
9.982571581741310762e-01
9.982562125028011657e-01
9.982570387931525291e-01
9.982596538590763346e-01
9.982641362320053835e-01
9.982705238206728282e-01
9.982789425555139706e-01
9.982895519885340851e-01
9.983025677556632838e-01
9.983183492502253342e-01
9.983373203466089363e-01
9.983600900049255378e-01
9.983874226104269001e-01
9.984202232498087248e-01
9.984596037327895246e-01
9.985067565925658251e-01
9.985629683305518034e-01
9.986295287452752190e-01
9.987076109968753279e-01
9.987982604589982216e-01
9.989022522084282096e-01
9.990162263834010403e-01
9.991421708030174820e-01
9.992816553473230501e-01
9.993585493380071627e-01
9.992759041560368427e-01
9.991811577883035200e-01
9.990840705366084151e-01
9.989754803660890747e-01
9.988553092509426801e-01
9.987323658815391303e-01
9.986033025709573074e-01
9.984589947150103173e-01
9.983120351501697520e-01
9.981305620979292748e-01
9.979385344082044584e-01
9.977272377792640867e-01
9.974743392261968822e-01
9.972069246774681872e-01
9.969341688186796890e-01
9.966568734169753974e-01
9.963760208760444881e-01
9.960927690516026001e-01
9.958083706198340712e-01
9.955241409269428576e-01
9.952338502424081801e-01
9.949441238685627908e-01
9.946580385747786357e-01
9.943766047207059922e-01
9.941006695509333468e-01
9.938309185038459725e-01
9.935678966102930998e-01
9.933120750202684146e-01
9.930638832742046951e-01
9.928237734712245244e-01
9.925922534827646970e-01
9.923698869861133920e-01
9.921551324162678487e-01
9.919486053650043988e-01
9.917532006566245339e-01
9.915694201169091837e-01
9.913975680286223335e-01
9.912377097015538929e-01
9.910896267708761975e-01
9.909528213107623440e-01
9.908265551154974426e-01
9.907099039904025961e-01
9.906018594623262619e-01
9.905014179704798583e-01
9.904076750629550174e-01
9.903199034757937946e-01
9.902375839811443647e-01
9.901604210534059591e-01
9.900883071079040754e-01
9.900212649338847593e-01
9.899593792795682301e-01
9.899027102447556237e-01
9.898512333031521671e-01
9.898047892083335908e-01
9.897630632207620183e-01
9.897256014846542715e-01
9.896918385772426330e-01
9.896611535559514117e-01
9.896329234988043844e-01
9.896065682089049131e-01
9.895815883086227505e-01
9.895575718910646357e-01
9.895341928440176682e-01
9.895111925809312314e-01
9.894883537144696373e-01
9.894654865639133101e-01
9.894424163287131035e-01
9.894189916760229853e-01
9.893951050311691198e-01
9.893707159924095551e-01
9.893458819133010840e-01
9.893207694600784086e-01
9.892956515150023167e-01
9.892708799426027655e-01
9.892468296377386894e-01
9.892238323488533602e-01
9.892020983421064839e-01
9.891816495255916220e-01
9.891622765982259757e-01
9.891435251749486346e-01
9.891247269997432978e-01
9.891050644897106947e-01
9.890836659322587154e-01
9.890586273255261851e-01
9.890296292195321914e-01
9.889980667576965256e-01
9.889626991805949840e-01
9.889238719938008293e-01
9.888828241515799089e-01
9.888397495547421867e-01
9.887960020931574334e-01
9.887520109188530082e-01
9.887092023308406974e-01
9.886679133791105301e-01
9.886282414216264192e-01
9.885918213727723503e-01
9.885582995794255368e-01
9.885291933060310621e-01
9.885066247225444691e-01
9.884917970418022337e-01
9.884873610112078213e-01
9.884942360403601302e-01
9.885119722556943156e-01
9.885380447262238635e-01
9.885670682877490956e-01
9.885925290021948530e-01
9.886061091768287845e-01
9.885995957442240689e-01
9.885685892176150347e-01
9.885110871727117443e-01
9.884280248944297131e-01
9.883218599580785302e-01
9.882025455573250072e-01
9.880822919057249409e-01
9.879742406063217741e-01
9.878915866003925572e-01
9.878445669693769471e-01
9.878387275892691610e-01
9.878740323469820117e-01
9.879437085924529516e-01
9.880363990153907539e-01
9.881298551705240962e-01
9.882124367404750975e-01
9.882705437190081321e-01
9.882912066688912534e-01
9.882661152135839844e-01
9.881923511618371236e-01
9.880726869150064928e-01
9.879160102638967489e-01
9.877357837906625138e-01
9.875490633699461895e-01
9.873742354664662990e-01
9.872289453119017510e-01
9.871252944828483589e-01
9.870785283204939198e-01
9.870972716903251287e-01
9.871818634535826087e-01
9.873165492204143412e-01
9.874932074884044120e-01
9.876927804429230795e-01
9.878918165848067368e-01
9.880647123497617867e-01
9.881860238193981294e-01
9.882339208159147681e-01
9.881927313113745281e-01
9.880557204839360841e-01
9.878269841031739329e-01
9.875219022665679969e-01
9.871671230122978091e-01
9.867982389691677403e-01
9.864565067127428755e-01
9.861843663992646558e-01
9.860196733829982296e-01
9.859903803970545555e-01
9.861103498980309245e-01
9.863745125446704565e-01
9.867594932726260204e-01
9.872238475350387787e-01
9.877122379901815963e-01
9.881533949232732539e-01
9.884502058952439052e-01
9.885986213614195162e-01
9.885619299703146678e-01
9.883234140958315761e-01
9.878900668857001355e-01
9.872935566426993548e-01
9.865660125176397566e-01
9.857538385436543926e-01
9.849873985735192461e-01
9.843603404818567215e-01
9.839363946941391825e-01
9.838056406412489796e-01
9.840155036453490656e-01
9.845653812687789053e-01
9.853818440528784306e-01
9.863859540702420992e-01
9.874544100154324378e-01
9.883848363851883700e-01
9.891427099678773427e-01
9.894161153651919172e-01
9.893174856575642773e-01
9.889920208897954312e-01
9.884514331250163766e-01
9.874608646838860526e-01
9.860218030750136364e-01
9.844162984301906283e-01
9.826955834253309208e-01
9.811660102636456937e-01
9.800277620136121914e-01
9.795205877998797162e-01
9.797644732195923689e-01
9.807966770999858586e-01
9.825585619178314190e-01
9.848410686714929030e-01
9.872770021535869356e-01
9.893074281858640351e-01
9.897218471230406767e-01
9.893920373572614446e-01
9.888928397099014944e-01
9.883136044144532617e-01
9.877102446238705813e-01
9.870994507049517530e-01
9.858478221401654196e-01
9.826664863033425235e-01
9.787916943921413093e-01
9.749929359493972880e-01
9.720523953439873521e-01
9.704722467089085258e-01
9.705807970754857239e-01
9.725225161596199319e-01
9.762201094181955918e-01
9.813631992446935071e-01
9.871992888935711141e-01
9.901973074051280133e-01
9.896179454300729761e-01
9.884725555462514635e-01
9.870887644623118629e-01
9.858405839443598051e-01
9.848553307437561966e-01
9.840337277273065730e-01
9.833242397774685228e-01
9.807443367028615411e-01
9.719817469232502338e-01
9.627419276966637796e-01
9.552429111961940889e-01
9.506347903217662321e-01
9.498043139323133488e-01
9.532362099059246141e-01
9.609005924483663419e-01
9.722003845476195893e-01
9.859973871105667254e-01
9.920789962916332083e-01
9.839480246172748190e-01
9.716052017688160403e-01
9.635907445218709899e-01
9.614154659366023203e-01
9.659758961506891284e-01
9.768576893981627540e-01
9.765640188283011280e-01
9.758833331197801497e-01
9.604496229834708076e-01
9.382198101094305631e-01
9.192741187212885023e-01
9.064812007273336247e-01
9.021926860328781661e-01
9.078644714042335417e-01
9.237591697271411162e-01
9.487394720963935324e-01
9.802167991967504213e-01
9.849635226198787397e-01
9.492362119512058882e-01
9.182275772989307860e-01
8.966318024067928549e-01
8.882811004383135423e-01
8.955100914798769240e-01
9.185985973752504030e-01
9.563480571396534291e-01
9.622866972323192991e-01
9.426859006495583726e-01
8.916666800881732913e-01
8.466118965034945543e-01
8.149173999747194586e-01
8.021410463790270562e-01
8.116070027739495929e-01
8.442463803616016005e-01
8.976483547154681109e-01
9.662148694530942050e-01
9.571732113398784270e-01
8.789013557730525061e-01
8.108408380515133018e-01
7.642422091813844132e-01
7.466718895676496270e-01
7.617224750610313011e-01
8.094820670128366480e-01
8.871141896648810921e-01
9.337697688639865490e-01
9.097142550497764324e-01
8.130923878028257779e-01
7.330891290967042062e-01
6.855903754440408893e-01
6.768961272729042689e-01
7.072159257621998263e-01
7.730365735857772647e-01
8.695286450371429998e-01
9.338904160321973569e-01
8.952568269295992920e-01
7.875436647094988807e-01
7.077093643711013238e-01
6.694961232053679989e-01
6.754190262848426274e-01
7.213252256046066568e-01
7.999344052524691717e-01
9.034653524901709032e-01
9.085088349222446569e-01
8.728711652613909688e-01
7.874153512437369606e-01
7.242237414461379919e-01
6.960184446431276761e-01
7.039141821340001437e-01
7.430993475228091505e-01
8.050524678611369334e-01
8.851963031135845483e-01
9.283744086622882641e-01
9.150610499922819940e-01
8.450159635346914389e-01
7.766075931287670375e-01
7.335343442856415708e-01
7.219822470846827267e-01
7.411953052537436637e-01
7.866242027430218053e-01
8.518461061164149806e-01
9.314818928913127793e-01
9.296801640918506138e-01
8.968630064640850108e-01
8.253020337034856491e-01
7.689844872533102560e-01
7.400162018747109549e-01
7.432733777909003026e-01
7.763868246070569912e-01
8.319373243505572280e-01
9.039765935218403436e-01
9.449743181911671730e-01
9.285361313867572797e-01
8.583568929302121120e-01
7.997796337989635518e-01
7.654172197668115407e-01
7.610625463615423580e-01
7.869068611585181561e-01
8.379071578467019998e-01
9.061721843474893623e-01
9.397624167407909734e-01
9.303114932788045799e-01
8.694960327900408403e-01
8.133378478613368934e-01
7.763444438616584620e-01
7.638609526797490723e-01
7.778742678011024703e-01
8.159470198259710649e-01
8.730311481458961076e-01
9.432061556345749942e-01
9.496722231319768559e-01
9.044424495529124197e-01
8.395194069641741530e-01
7.923172659945256768e-01
7.695369137134956405e-01
7.744388753521469493e-01
8.065205495647832512e-01
8.613534534184752456e-01
9.326930582245854806e-01
9.424710871815668023e-01
9.096701307118644220e-01
8.414135868418524122e-01
7.879884552654682350e-01
7.588934446513480037e-01
7.584726796092620127e-01
7.864818177321309944e-01
8.379317643425295836e-01
9.073648387403810966e-01
9.490360737621253984e-01
9.288640320506433845e-01
8.569747585379369204e-01
7.985621670379241532e-01
7.649340084629641101e-01
7.611959841366441326e-01
7.874180845168796683e-01
8.395615279758862348e-01
9.106098831106185232e-01
9.397795383476817976e-01
9.225862725098497030e-01
8.537110727242457342e-01
7.946271050117016399e-01
7.579256743304866317e-01
7.491290449080227898e-01
7.692075530427571195e-01
8.143801664165862819e-01
8.793718689399535604e-01
9.472170443041201260e-01
9.436997629187219294e-01
8.810113357077467011e-01
8.151918294111462071e-01
7.709766846102246163e-01
7.551952781906993151e-01
7.698558450787684748e-01
8.126968593977572652e-01
