2.510072407800000249e+01
1.371762225500000021e+01
1.393467841700000065e+01
1.400755077500000034e+01
1.343254313200000105e+01
1.333694494500000083e+01
1.273501143700000071e+01
1.271197790200000100e+01
1.252392089500000161e+01
1.324385791700000148e+01
1.257280829100000119e+01
1.260276859800000082e+01
1.254016957600000026e+01
1.278749208100000168e+01
1.203551940800000075e+01
1.310911807100000104e+01
1.397585137900000163e+01
1.287355379000000077e+01
1.237295765800000069e+01
1.278193451000000103e+01
1.314011827800000098e+01
1.275099289700000149e+01
1.254741631800000157e+01
1.250919093900000156e+01
1.253404222400000023e+01
1.286997560200000024e+01
1.322470329900000152e+01
1.336862201000000105e+01
1.285711742700000038e+01
1.278292357300000148e+01
1.245399462399999990e+01
1.296084753500000097e+01
9.189355134000001257e+00
8.105406559000000399e+00
9.036381235000000345e+00
1.316375561600000133e+01
1.270102540400000102e+01
1.359578558500000156e+01
1.293829950600000167e+01
9.834964031000000162e+00
8.058062278000001299e+00
8.217610016000000073e+00
7.884938501000000599e+00
1.368949830700000092e+01
1.350870914400000089e+01
1.257542950000000026e+01
1.405685059600000031e+01
1.255562464000000134e+01
1.265922312500000046e+01
1.271082474800000028e+01
1.328680458400000042e+01
1.240743098200000105e+01
1.244474369000000102e+01
1.339205318300000158e+01
1.246466208900000083e+01
1.258504279300000128e+01
1.288414216200000162e+01
1.299381908900000049e+01
1.271501519300000105e+01
1.255181510700000125e+01
1.313049024400000064e+01
1.259959592200000067e+01
1.255893969000000077e+01
1.094978454100000143e+01
8.629354740000000135e+00
8.014659239000000213e+00
8.403716477999999768e+00
7.923244578000000260e+00
8.061201121999999941e+00
8.530256051000000284e+00
8.354516674000000975e+00
8.196012728000001246e+00
8.430610744000000878e+00
8.413659259000001001e+00
8.052327683999999763e+00
8.190001662000000238e+00
8.774711996000000624e+00
7.870047460000000328e+00
8.161864549000000579e+00
8.024858619999999831e+00
8.108023642000000919e+00
8.436293045000001101e+00
8.313123291000000137e+00
7.993218688000000682e+00
8.137735128000000984e+00
8.165782867000000778e+00
1.220930330600000069e+01
1.135042444500000158e+01
8.199027345000001077e+00
8.086886600999999786e+00
8.234411771999999630e+00
1.429161636400000113e+01
1.472052066800000070e+01
1.450928028500000089e+01
1.738945662100000078e+01
1.748309851900000211e+01
2.096123204400000262e+01
2.392963084100000160e+01
2.424133758299999997e+01
2.383708561899999978e+01
2.345289714600000153e+01
2.469960934000000208e+01
2.352286765800000268e+01
2.465875072000000046e+01
2.319258623099999994e+01
2.347717423300000306e+01
2.277358090400000279e+01
2.297414846700000268e+01
2.370641737700000107e+01
2.338135009100000161e+01
2.263830589900000234e+01
2.245135676399999980e+01
2.386129261499999998e+01
2.247221111500000035e+01
2.410218935099999982e+01
2.277811860899999985e+01
2.374206131000000042e+01
2.340105660500000084e+01
2.253993606400000260e+01
2.261056503800000073e+01
2.404934227100000044e+01
2.295154644100000141e+01
2.232735592600000274e+01
1.478109138500000164e+01
1.435948806500000074e+01
1.503059506300000159e+01
2.201139522300000095e+01
2.279780195600000070e+01
2.395502117400000230e+01
2.283101723300000074e+01
2.365140005599999995e+01
2.313548268500000304e+01
2.346185298700000033e+01
2.285877594900000176e+01
2.274658711100000019e+01
2.254334695200000027e+01
2.251361584600000043e+01
2.237920890300000210e+01
2.207701768400000120e+01
2.179970105800000013e+01
2.179461071800000127e+01
2.234508274900000302e+01
2.193243098700000004e+01
2.179956493899999970e+01
2.226849261699999971e+01
2.271210620300000116e+01
2.247883126900000050e+01
2.222796329000000171e+01
2.207165543600000035e+01
2.227205148600000228e+01
2.192080332600000148e+01
2.288011905000000112e+01
2.235763198600000123e+01
2.194174840600000209e+01
2.287778492300000011e+01
2.219232343500000226e+01
2.233309279700000261e+01
2.265066643400000146e+01
2.197451079000000007e+01
2.221349883100000255e+01
2.254039646700000077e+01
2.195343960800000005e+01
2.273236925800000208e+01
2.217969318900000175e+01
2.227904830399999980e+01
2.245801790400000186e+01
2.268026251500000257e+01
2.242733005600000240e+01
2.206448468500000004e+01
2.220335738400000025e+01
2.211354931800000045e+01
2.208864431399999972e+01
2.221117163799999972e+01
2.244725751200000019e+01
2.212504711400000090e+01
2.276363978900000262e+01
2.232268926300000089e+01
2.214608012000000059e+01
2.276760407300000111e+01
2.180607122199999992e+01
2.231357594400000011e+01
2.272142899400000005e+01
2.248690596300000166e+01
2.224997914400000099e+01
2.187769159800000196e+01
2.245485302400000194e+01
2.251588817000000020e+01
2.211115615699999992e+01
2.148960641700000096e+01
2.198305808399999961e+01
2.233180152200000279e+01
2.235959316100000294e+01
2.249161682200000101e+01
2.208584560200000269e+01
2.226442199500000285e+01
2.258351751000000007e+01
2.228967619100000164e+01
1.257353313000000128e+01
1.242847719000000062e+01
1.240161568700000139e+01
1.255072158400000149e+01
1.242183082800000093e+01
1.324192199100000167e+01
1.248822098700000005e+01
1.248637973900000020e+01
1.283160354100000156e+01
1.267051091200000101e+01
1.239116029800000085e+01
1.256706761900000124e+01
1.226232157100000109e+01
1.251056304000000097e+01
1.245793454600000061e+01
1.268416336200000138e+01
1.284668243000000132e+01
1.287842111000000145e+01
1.255707156500000110e+01
1.250545985100000124e+01
1.237013058600000015e+01
1.254768157400000028e+01
1.244764629400000011e+01
1.253178123800000066e+01
1.235612879200000158e+01
1.246772329200000051e+01
1.284611677300000032e+01
1.252943369300000143e+01
1.239152710800000001e+01
1.221824836400000081e+01
1.236825767300000045e+01
1.236231854600000091e+01
1.254814515500000027e+01
1.221808663400000050e+01
1.240232264000000129e+01
1.264778697700000087e+01
1.259131861200000024e+01
1.277407614800000069e+01
1.248122215800000134e+01
1.258432952400000104e+01
1.260167295400000143e+01
1.222725321700000123e+01
1.232359701300000054e+01
1.213187376000000128e+01
1.215861738000000081e+01
1.216517388900000007e+01
1.243411711000000075e+01
1.243603148000000047e+01
1.233374536200000016e+01
1.214223744600000110e+01
1.239245183200000078e+01
1.218287235500000065e+01
1.237640330199999994e+01
1.270045308800000150e+01
1.273341741300000152e+01
1.240498817100000117e+01
1.234239506200000136e+01
1.214531405200000158e+01
1.251195370000000118e+01
1.298285958200000145e+01
1.263646551500000115e+01
1.243119836400000011e+01
1.241225216700000011e+01
1.243448182900000099e+01
1.282440386500000074e+01
1.256598127800000064e+01
1.285646373100000162e+01
1.240869063100000069e+01
1.272348606500000123e+01
1.287216385500000015e+01
1.271797795099999995e+01
1.249137919800000063e+01
1.267765193400000001e+01
1.250186935700000035e+01
1.253140157600000038e+01
1.232625633399999998e+01
2.246023656500000243e+01
2.213520332300000248e+01
2.202945971100000122e+01
2.233876938000000223e+01
2.241476589200000191e+01
1.275116371800000081e+01
1.245837696000000072e+01
1.220492019200000122e+01
2.239244050499999972e+01
2.213195751599999994e+01
2.190525831800000134e+01
2.247911278300000149e+01
2.195789470100000074e+01
2.250245102200000247e+01
2.287366620000000239e+01
1.230636463400000125e+01
1.209548270900000055e+01
2.196688543100000146e+01
2.205618115300000071e+01
2.231012981800000006e+01
2.238345668700000246e+01
2.238376551600000042e+01
2.219696820700000117e+01
2.226573588100000123e+01
2.185190517900000273e+01
1.242241575400000109e+01
2.226263699200000090e+01
2.193565390500000234e+01
2.206352406999999971e+01
2.255193104000000304e+01
2.230443275600000064e+01
2.260389097800000258e+01
2.226571281800000079e+01
2.184991765500000227e+01
1.226560121099999989e+01
2.213371977899999976e+01
2.190277920800000189e+01
2.230812580799999978e+01
2.225767107200000083e+01
2.237272219100000115e+01
2.194058099900000158e+01
2.237939465500000225e+01
2.279388796799999994e+01
2.257174158000000119e+01
2.245823287500000021e+01
2.145530719300000300e+01
2.245811172100000164e+01
2.308995083399999970e+01
2.304098757200000236e+01
2.301672773599999999e+01
2.269635220700000033e+01
2.168196474200000168e+01
2.133240425900000048e+01
2.256936733200000234e+01
2.217428291000000229e+01
2.247849837500000092e+01
2.268276631500000207e+01
2.298167810400000022e+01
2.258548905299999987e+01
2.264535874700000306e+01
2.272207657700000283e+01
2.161813732100000252e+01
2.211981212000000241e+01
2.306367975700000272e+01
2.317134841300000048e+01
2.370339687700000297e+01
2.363062733200000309e+01
2.369587376900000208e+01
2.314412766200000249e+01
2.286182493900000168e+01
2.195777540799999983e+01
2.279789043100000256e+01
2.341224095200000122e+01
2.393551511800000142e+01
2.315437242100000148e+01
2.318892039199999999e+01
2.332191349600000052e+01
2.328086107800000093e+01
2.357712272400000231e+01
2.225948448100000121e+01
2.305352720400000166e+01
2.283881419900000154e+01
2.339847336600000105e+01
2.317576097000000246e+01
2.435531091900000078e+01
2.428697732200000203e+01
2.428007634300000106e+01
2.316921886500000127e+01
2.355143761600000119e+01
2.255325095400000279e+01
2.364945147000000247e+01
2.487815808200000234e+01
2.497341945000000152e+01
2.450042937400000298e+01
2.434974416400000052e+01
2.474220597500000096e+01
2.494487485200000165e+01
2.408751657100000187e+01
2.340456103300000024e+01
2.459277803000000162e+01
2.412736566000000238e+01
3.341768291900000065e+01
3.387808586100000241e+01
2.499792670700000130e+01
2.525316221200000300e+01
2.465581351800000220e+01
2.382039438800000042e+01
2.439475736700000041e+01
2.457300228900000150e+01
3.391048239399999886e+01
3.347440859499999988e+01
3.351232583499999862e+01
2.461737263300000222e+01
3.508130544600000178e+01
3.418580383900000186e+01
2.454910346600000182e+01
2.431522144000000196e+01
3.376768385900000169e+01
4.402865099899999990e+01
3.356320688699999977e+01
3.359642497700000519e+01
3.473470044900000175e+01
4.392902166700000066e+01
3.508727357800000135e+01
3.395976739900000041e+01
3.419961674299999999e+01
3.583291960800000453e+01
4.320450718100000387e+01
3.342301201300000457e+01
4.349852436500000152e+01
3.459990814700000072e+01
3.495422008700000305e+01
3.393645720300000335e+01
3.453086200999999988e+01
3.507736028300000442e+01
3.521973033300000111e+01
4.300997080200000511e+01
3.343087191200000063e+01
4.254772335200000555e+01
4.317577097700000621e+01
4.241342964500000079e+01
3.405447941900000330e+01
3.398157792199999960e+01
3.480161373500000366e+01
3.467990898300000424e+01
4.268268151500000585e+01
3.339727943400000498e+01
3.356534622000000212e+01
3.954060183600000045e+01
3.298579966799999852e+01
3.312060018000000383e+01
3.256145399100000049e+01
2.326223418600000059e+01
3.358088971700000513e+01
3.285089495100000079e+01
3.226949242300000265e+01
3.205602724199999898e+01
4.121588563800000315e+01
3.224776166699999891e+01
3.323118003500000128e+01
3.361913019500000388e+01
2.344570101500000092e+01
3.315477396900000429e+01
3.264355859300000162e+01
3.317082358600000447e+01
3.250618975400000465e+01
3.276671045300000173e+01
2.356750245799999988e+01
3.258440325500000512e+01
3.286695383700000406e+01
2.374253038200000177e+01
2.384741833700000058e+01
3.277953103600000162e+01
3.280450916600000255e+01
3.247042005700000544e+01
3.290844351900000220e+01
2.379645612100000207e+01
3.041893423100000149e+01
3.052007366100000141e+01
2.208227497400000061e+01
2.143283181099999979e+01
3.355265918199999930e+01
3.467995952500000101e+01
3.480319052400000146e+01
3.376263657600000556e+01
3.373943402100000100e+01
2.434666724400000248e+01
3.400437644500000545e+01
2.417300272499999991e+01
2.514216997800000186e+01
2.460636125600000312e+01
3.536090769100000131e+01
3.580526836700000359e+01
3.345099583000000365e+01
4.426916299900000240e+01
3.494086368199999981e+01
3.349917062000000101e+01
3.487471917900000307e+01
2.452373234700000282e+01
2.370500757800000002e+01
2.357026705000000177e+01
3.094943082800000056e+01
2.232032938500000085e+01
2.214528247000000150e+01
2.267405906600000165e+01
2.239224622900000128e+01
2.306161721000000142e+01
1.601672437600000265e+01
1.646547822200000155e+01
2.332484297400000273e+01
2.215618920400000036e+01
2.278583084100000278e+01
2.211204743200000067e+01
2.317688477800000157e+01
2.317157177800000056e+01
2.260536404500000174e+01
1.677520997400000269e+01
1.554582158000000014e+01
2.297066990000000075e+01
2.220625536600000061e+01
2.290431825699999990e+01
2.185755895200000154e+01
2.917055162900000198e+01
2.314844304400000041e+01
2.260153817300000156e+01
1.688911657999999960e+01
1.551418757700000128e+01
2.305367768200000000e+01
